Channel 1,Channel 2,Channel 3
0.000036,4.853000,0.743000
0.001076,4.184000,1.403000
0.002120,4.282000,1.764000
0.003160,4.252000,2.561000
0.004204,4.531000,2.170000
0.005244,4.863000,2.067000
0.006284,4.765000,2.717000
0.007328,4.966000,2.517000
0.008368,4.956000,2.776000
0.009408,4.995000,2.962000
0.010448,4.966000,3.187000
0.011492,4.985000,3.343000
0.012532,4.985000,3.500000
0.013572,4.985000,3.631000
0.014612,4.995000,3.754000
0.015652,4.995000,3.871000
0.016692,5.000000,3.978000
0.017732,5.000000,4.062000
0.018776,5.000000,4.150000
0.019816,5.000000,4.228000
0.020856,5.000000,4.306000
0.021896,5.000000,4.379000
0.022940,5.000000,4.423000
0.023980,5.000000,4.477000
0.025020,5.000000,4.531000
0.026060,5.000000,4.570000
0.027100,5.000000,4.614000
0.028144,5.000000,4.653000
0.029184,5.000000,4.692000
0.030224,5.000000,4.721000
0.031264,5.000000,4.746000
0.032308,5.000000,4.765000
0.033348,5.000000,4.785000
0.034388,5.000000,4.809000
0.035428,5.000000,4.829000
0.036468,5.000000,4.848000
0.037508,5.000000,4.853000
0.038552,5.000000,4.868000
0.039592,5.000000,4.888000
0.040632,5.000000,4.888000
0.041672,5.000000,4.907000
0.042712,5.000000,4.917000
0.043756,5.000000,4.917000
0.044796,5.000000,4.927000
0.045836,5.000000,4.932000
0.046876,5.000000,4.941000
0.047916,5.000000,4.941000
0.048960,5.000000,4.956000
0.050000,5.000000,4.966000
0.051040,5.000000,4.966000
0.052080,5.000000,4.966000
0.053120,5.000000,4.966000
0.054160,5.000000,4.971000
0.055204,5.000000,4.971000
0.056244,5.000000,4.985000
0.057284,5.000000,4.980000
0.058324,5.000000,4.985000
0.059364,5.000000,4.985000
0.060412,5.000000,4.985000
0.061452,5.000000,4.985000
0.062492,5.000000,4.985000
0.063532,5.000000,4.985000
0.064572,5.000000,4.985000
0.065612,5.000000,4.990000
0.066660,5.000000,4.995000
0.067704,5.000000,4.995000
0.068748,5.000000,4.995000
0.069796,5.000000,5.000000
0.070840,5.000000,5.000000
0.071884,5.000000,5.000000
0.072932,5.000000,5.000000
0.073976,5.000000,5.000000
0.075020,5.000000,5.000000
0.076064,5.000000,5.000000
0.077112,5.000000,4.995000
0.078156,5.000000,5.000000
0.079200,5.000000,4.995000
0.080248,5.000000,5.000000
0.081292,5.000000,4.995000
0.082336,5.000000,4.995000
0.083388,0.860000,3.978000
0.084432,1.442000,3.558000
0.085476,1.344000,3.201000
0.086524,0.841000,3.587000
0.087568,0.528000,3.299000
0.088612,0.161000,2.639000
0.089660,0.484000,2.532000
0.090704,0.249000,2.375000
0.091748,0.108000,2.190000
0.092792,0.059000,1.999000
0.093840,0.034000,1.828000
0.094884,0.015000,1.657000
0.095928,0.015000,1.500000
0.096972,0.005000,1.369000
0.098020,0.005000,1.241000
0.099064,0.000000,1.124000
0.100108,0.000000,1.012000
0.101152,0.000000,0.919000
0.102200,0.000000,0.841000
0.103244,0.000000,0.762000
0.104288,0.000000,0.684000
0.105332,0.000000,0.621000
0.106380,0.000000,0.562000
0.107424,0.000000,0.503000
0.108468,0.000000,0.469000
0.109512,0.000000,0.420000
0.110560,0.000000,0.381000
0.111608,0.000000,0.347000
0.112656,0.000000,0.308000
0.113700,0.000000,0.279000
0.114744,0.000000,0.249000
0.115792,0.000000,0.235000
0.116836,0.000000,0.215000
0.117880,0.000000,0.191000
0.118924,0.000000,0.171000
0.119972,0.000000,0.152000
0.121016,0.000000,0.147000
0.122060,0.000000,0.122000
0.123104,0.000000,0.117000
0.124152,0.000000,0.108000
0.125196,0.000000,0.093000
0.126240,0.000000,0.083000
0.127284,0.000000,0.073000
0.128332,0.000000,0.073000
0.129376,0.000000,0.068000
0.130424,0.000000,0.059000
0.131468,0.000000,0.059000
0.132512,0.000000,0.044000
0.133560,0.000000,0.034000
0.134604,0.000000,0.034000
0.135648,0.000000,0.034000
0.136696,0.000000,0.034000
0.137740,0.000000,0.029000
0.138788,0.000000,0.029000
0.139832,0.000000,0.029000
0.140876,0.000000,0.015000
0.141924,0.000000,0.015000
0.142968,0.000000,0.015000
0.144012,0.000000,0.015000
0.145060,0.000000,0.015000
0.146104,0.000000,0.015000
0.147148,0.000000,0.015000
0.148196,0.000000,0.015000
0.149240,0.000000,0.005000
0.150284,0.000000,0.005000
0.151332,0.000000,0.005000
0.152376,0.000000,0.005000
0.153420,0.000000,0.005000
0.154468,0.000000,0.005000
0.155512,0.000000,0.005000
0.156556,0.000000,0.000000
0.157604,0.000000,0.000000
0.158648,0.000000,0.000000
0.159696,0.000000,0.000000
0.160740,0.000000,0.000000
0.161788,0.000000,0.000000
0.162832,0.000000,0.000000
0.163876,0.000000,0.000000
0.164924,0.000000,0.000000
0.165968,0.000000,0.000000
0.000024,4.125000,0.982000
0.001076,4.189000,1.413000
0.002124,4.853000,1.774000
0.003168,4.531000,1.911000
0.004212,4.765000,1.935000
0.005260,4.966000,2.209000
0.006304,4.848000,2.346000
0.007348,4.922000,2.620000
0.008392,4.995000,2.752000
0.009436,4.966000,2.972000
0.010480,4.966000,3.192000
0.011524,4.985000,3.319000
0.012564,4.985000,3.500000
0.013608,4.995000,3.627000
0.014652,4.995000,3.759000
0.015696,5.000000,3.871000
0.016740,4.995000,3.988000
0.017780,5.000000,4.062000
0.018824,5.000000,4.159000
0.019864,5.000000,4.238000
0.020908,5.000000,4.306000
0.021948,5.000000,4.379000
0.022992,5.000000,4.438000
0.024032,5.000000,4.497000
0.025076,5.000000,4.531000
0.026116,5.000000,4.575000
0.027160,5.000000,4.614000
0.028200,5.000000,4.653000
0.029244,5.000000,4.692000
0.030284,5.000000,4.712000
0.031328,5.000000,4.746000
0.032368,5.000000,4.765000
0.033412,5.000000,4.785000
0.034452,5.000000,4.809000
0.035496,5.000000,4.829000
0.036536,5.000000,4.848000
0.037580,5.000000,4.853000
0.038620,5.000000,4.863000
0.039664,5.000000,4.883000
0.040704,5.000000,4.888000
0.041748,5.000000,4.907000
0.042788,5.000000,4.917000
0.043832,5.000000,4.927000
0.044872,5.000000,4.927000
0.045916,5.000000,4.932000
0.046956,5.000000,4.941000
0.048000,5.000000,4.941000
0.049040,5.000000,4.966000
0.050084,5.000000,4.966000
0.051124,5.000000,4.966000
0.052168,5.000000,4.966000
0.053208,5.000000,4.966000
0.054252,5.000000,4.966000
0.055292,5.000000,4.971000
0.056336,5.000000,4.971000
0.057376,5.000000,4.971000
0.058420,5.000000,4.985000
0.059460,5.000000,4.985000
0.060504,5.000000,4.985000
0.061544,5.000000,4.985000
0.062588,5.000000,4.985000
0.063628,5.000000,4.985000
0.064672,5.000000,4.990000
0.065716,5.000000,4.995000
0.066760,5.000000,4.995000
0.067804,5.000000,4.995000
0.068844,5.000000,4.995000
0.069888,5.000000,4.995000
0.070932,5.000000,4.995000
0.071976,5.000000,4.995000
0.073020,5.000000,4.995000
0.074060,5.000000,5.000000
0.075104,5.000000,4.995000
0.076148,5.000000,4.995000
0.077192,5.000000,4.995000
0.078236,5.000000,5.000000
0.079276,5.000000,4.995000
0.080320,5.000000,5.000000
0.081364,5.000000,5.000000
0.082408,5.000000,5.000000
0.083456,1.388000,4.550000
0.084500,0.919000,4.394000
0.085540,1.095000,3.871000
0.086584,0.591000,2.933000
0.087628,1.031000,2.737000
0.088672,0.161000,2.634000
0.089712,0.068000,2.517000
0.090756,0.034000,2.380000
0.091800,0.015000,2.190000
0.092844,0.005000,2.014000
0.093884,0.005000,1.838000
0.094928,0.000000,1.657000
0.095972,0.000000,1.510000
0.097016,0.000000,1.369000
0.098056,0.000000,1.246000
0.099100,0.000000,1.129000
0.100144,0.000000,1.012000
0.101188,0.000000,0.929000
0.102228,0.000000,0.841000
0.103272,0.000000,0.762000
0.104316,0.000000,0.684000
0.105360,0.000000,0.621000
0.106400,0.000000,0.562000
0.107444,0.000000,0.503000
0.108488,0.000000,0.469000
0.109532,0.000000,0.430000
0.110572,0.000000,0.386000
0.111616,0.000000,0.347000
0.112660,0.000000,0.308000
0.113704,0.000000,0.288000
0.114744,0.000000,0.254000
0.115788,0.000000,0.235000
0.116832,0.000000,0.215000
0.117876,0.000000,0.191000
0.118916,0.000000,0.171000
0.119960,0.000000,0.152000
0.121012,0.000000,0.147000
0.122052,0.000000,0.122000
0.123096,0.000000,0.117000
0.124140,0.000000,0.108000
0.125184,0.000000,0.093000
0.126224,0.000000,0.083000
0.127268,0.000000,0.073000
0.128312,0.000000,0.073000
0.129356,0.000000,0.068000
0.130396,0.000000,0.059000
0.131440,0.000000,0.059000
0.132484,0.000000,0.044000
0.133524,0.000000,0.034000
0.134568,0.000000,0.034000
0.135612,0.000000,0.034000
0.136652,0.000000,0.034000
0.137696,0.000000,0.034000
0.138740,0.000000,0.029000
0.139780,0.000000,0.029000
0.140824,0.000000,0.015000
0.141864,0.000000,0.015000
0.142908,0.000000,0.015000
0.143948,0.000000,0.015000
0.144992,0.000000,0.015000
0.146036,0.000000,0.015000
0.147076,0.000000,0.015000
0.148120,0.000000,0.005000
0.149160,0.000000,0.005000
0.150204,0.000000,0.005000
0.151248,0.000000,0.005000
0.152288,0.000000,0.005000
0.153332,0.000000,0.005000
0.154372,0.000000,0.005000
0.155416,0.000000,0.005000
0.156456,0.000000,0.000000
0.157500,0.000000,0.000000
0.158544,0.000000,0.000000
0.159584,0.000000,0.000000
0.160628,0.000000,0.000000
0.161668,0.000000,0.000000
0.162712,0.000000,0.000000
0.163756,0.000000,0.000000
0.164796,0.000000,0.000000
0.165840,0.000000,0.000000
0.000024,4.673000,1.525000
0.001076,4.878000,1.285000
0.002120,4.282000,1.779000
0.003168,4.531000,1.911000
0.004212,4.394000,2.674000
0.005256,4.966000,2.116000
0.006304,4.985000,2.312000
0.007348,4.985000,2.537000
0.008392,4.995000,2.752000
0.009436,4.995000,2.972000
0.010480,4.995000,3.187000
0.011524,5.000000,3.319000
0.012568,5.000000,3.500000
0.013612,5.000000,3.627000
0.014656,5.000000,3.759000
0.015700,5.000000,3.871000
0.016744,5.000000,3.988000
0.017784,4.995000,4.081000
0.018828,5.000000,4.159000
0.019872,5.000000,4.238000
0.020912,5.000000,4.306000
0.021956,5.000000,4.379000
0.022996,5.000000,4.438000
0.024044,5.000000,4.497000
0.025088,5.000000,4.541000
0.026128,5.000000,4.580000
0.027172,5.000000,4.629000
0.028216,5.000000,4.653000
0.029256,5.000000,4.692000
0.030300,5.000000,4.707000
0.031344,5.000000,4.736000
0.032384,5.000000,4.765000
0.033428,5.000000,4.785000
0.034468,5.000000,4.809000
0.035512,5.000000,4.829000
0.036552,5.000000,4.848000
0.037596,5.000000,4.863000
0.038636,5.000000,4.878000
0.039680,5.000000,4.883000
0.040720,5.000000,4.892000
0.041764,5.000000,4.907000
0.042804,5.000000,4.917000
0.043848,5.000000,4.922000
0.044888,5.000000,4.927000
0.045932,5.000000,4.932000
0.046972,5.000000,4.941000
0.048016,5.000000,4.946000
0.049056,5.000000,4.956000
0.050100,5.000000,4.966000
0.051140,5.000000,4.966000
0.052180,5.000000,4.966000
0.053224,5.000000,4.966000
0.054268,5.000000,4.966000
0.055308,5.000000,4.971000
0.056348,5.000000,4.971000
0.057392,5.000000,4.985000
0.058432,5.000000,4.995000
0.059476,5.000000,4.985000
0.060516,5.000000,4.985000
0.061560,5.000000,4.995000
0.062600,5.000000,4.985000
0.063644,5.000000,4.985000
0.064684,5.000000,4.985000
0.065728,5.000000,4.985000
0.066768,5.000000,4.995000
0.067812,5.000000,4.995000
0.068856,5.000000,4.995000
0.069900,5.000000,4.985000
0.070944,5.000000,4.995000
0.071988,5.000000,4.995000
0.073032,5.000000,4.995000
0.074076,5.000000,4.995000
0.075120,5.000000,5.000000
0.076164,5.000000,5.000000
0.077208,5.000000,5.000000
0.078252,5.000000,5.000000
0.079296,5.000000,5.000000
0.080340,5.000000,5.000000
0.081388,5.000000,5.000000
0.082432,5.000000,5.000000
0.083480,0.621000,4.673000
0.084524,1.173000,4.238000
0.085568,1.095000,3.871000
0.086608,0.973000,3.534000
0.087652,0.777000,3.245000
0.088696,0.161000,2.634000
0.089740,0.239000,2.717000
0.090784,0.093000,2.483000
0.091828,0.044000,2.258000
0.092872,0.029000,2.038000
0.093916,0.015000,1.857000
0.094956,0.005000,1.681000
0.096000,0.005000,1.525000
0.097044,0.005000,1.373000
0.098088,0.000000,1.246000
0.099132,0.000000,1.129000
0.100176,0.000000,1.022000
0.101220,0.000000,0.929000
0.102264,0.000000,0.841000
0.103304,0.000000,0.762000
0.104348,0.000000,0.694000
0.105392,0.000000,0.621000
0.106436,0.000000,0.562000
0.107480,0.000000,0.503000
0.108524,0.000000,0.469000
0.109568,0.000000,0.430000
0.110612,0.000000,0.386000
0.111652,0.000000,0.347000
0.112696,0.000000,0.308000
0.113740,0.000000,0.279000
0.114784,0.000000,0.249000
0.115828,0.000000,0.235000
0.116872,0.000000,0.215000
0.117916,0.000000,0.191000
0.118960,0.000000,0.171000
0.120000,0.000000,0.152000
0.121044,0.000000,0.147000
0.122088,0.000000,0.122000
0.123132,0.000000,0.117000
0.124176,0.000000,0.108000
0.125220,0.000000,0.093000
0.126264,0.000000,0.083000
0.127308,0.000000,0.073000
0.128348,0.000000,0.073000
0.129392,0.000000,0.068000
0.130436,0.000000,0.059000
0.131480,0.000000,0.059000
0.132524,0.000000,0.044000
0.133564,0.000000,0.034000
0.134608,0.000000,0.034000
0.135652,0.000000,0.034000
0.136692,0.000000,0.034000
0.137736,0.000000,0.034000
0.138776,0.000000,0.029000
0.139820,0.000000,0.029000
0.140860,0.000000,0.015000
0.141904,0.000000,0.015000
0.142944,0.000000,0.015000
0.143988,0.000000,0.015000
0.145032,0.000000,0.015000
0.146072,0.000000,0.015000
0.147116,0.000000,0.015000
0.148156,0.000000,0.015000
0.149200,0.000000,0.005000
0.150240,0.000000,0.005000
0.151284,0.000000,0.005000
0.152328,0.000000,0.005000
0.153368,0.000000,0.005000
0.154412,0.000000,0.000000
0.155452,0.000000,0.000000
0.156496,0.000000,0.000000
0.157536,0.000000,0.000000
0.158580,0.000000,0.000000
0.159620,0.000000,0.000000
0.160664,0.000000,0.000000
0.161708,0.000000,0.000000
0.162748,0.000000,0.000000
0.163792,0.000000,0.000000
0.164832,0.000000,0.000000
0.165876,0.000000,0.000000
