Channel 1,Channel 2,Channel 3
0.000036,4.726000,0.777000
0.000220,4.301000,1.559000
0.000404,4.726000,1.720000
0.000592,4.614000,2.639000
0.000780,4.927000,2.537000
0.000972,4.941000,2.933000
0.001168,4.956000,3.265000
0.001356,4.966000,3.524000
0.001544,4.966000,3.759000
0.001736,4.971000,3.949000
0.001924,4.971000,4.120000
0.002120,4.985000,4.257000
0.002304,4.985000,4.379000
0.002488,4.985000,4.462000
0.002676,4.985000,4.550000
0.002860,4.995000,4.614000
0.003048,4.995000,4.682000
0.003236,4.995000,4.726000
0.003424,4.995000,4.765000
0.003608,4.995000,4.809000
0.003792,5.000000,4.839000
0.003980,5.000000,4.863000
0.004172,5.000000,4.883000
0.004356,5.000000,4.907000
0.004540,5.000000,4.917000
0.004728,5.000000,4.927000
0.004912,5.000000,4.941000
0.005096,5.000000,4.946000
0.005288,5.000000,4.966000
0.005472,5.000000,4.966000
0.005660,5.000000,4.966000
0.005844,5.000000,4.971000
0.006028,5.000000,4.985000
0.006220,5.000000,4.985000
0.006404,5.000000,4.985000
0.006592,5.000000,4.985000
0.006776,5.000000,4.995000
0.006960,5.000000,4.995000
0.007144,5.000000,4.995000
0.007336,5.000000,4.995000
0.007524,5.000000,4.995000
0.007708,5.000000,4.995000
0.007892,5.000000,4.995000
0.008076,5.000000,5.000000
0.008268,5.000000,5.000000
0.008456,5.000000,5.000000
0.008640,5.000000,5.000000
0.008824,5.000000,5.000000
0.009008,5.000000,5.000000
0.009192,5.000000,5.000000
0.009384,5.000000,5.000000
0.009572,5.000000,5.000000
0.009756,5.000000,5.000000
0.009940,5.000000,5.000000
0.010124,5.000000,5.000000
0.010316,5.000000,5.000000
0.010500,5.000000,5.000000
0.010684,5.000000,5.000000
0.010868,5.000000,5.000000
0.011052,5.000000,5.000000
0.011240,5.000000,5.000000
0.011432,5.000000,5.000000
0.011616,5.000000,5.000000
0.011800,5.000000,5.000000
0.011984,5.000000,5.000000
0.012168,5.000000,5.000000
0.012360,5.000000,5.000000
0.012544,5.000000,5.000000
0.012728,5.000000,5.000000
0.012916,5.000000,5.000000
0.013100,5.000000,5.000000
0.013284,5.000000,5.000000
0.013476,5.000000,5.000000
0.013660,5.000000,5.000000
0.013844,5.000000,5.000000
0.014028,5.000000,5.000000
0.014216,5.000000,5.000000
0.014404,5.000000,5.000000
0.014588,5.000000,5.000000
0.014776,5.000000,5.000000
0.014964,0.973000,3.964000
0.015148,1.466000,3.299000
0.015332,1.188000,2.859000
0.015524,0.117000,2.908000
0.015708,0.288000,2.390000
0.015892,0.117000,2.067000
0.016076,0.068000,1.755000
0.016260,0.044000,1.500000
0.016452,0.034000,1.246000
0.016636,0.029000,1.075000
0.016824,0.029000,0.899000
0.017008,0.015000,0.772000
0.017192,0.015000,0.640000
0.017376,0.015000,0.547000
0.017568,0.015000,0.464000
0.017752,0.005000,0.386000
0.017936,0.005000,0.327000
0.018124,0.005000,0.274000
0.018308,0.005000,0.235000
0.018500,0.000000,0.191000
0.018684,0.000000,0.161000
0.018868,0.000000,0.147000
0.019052,0.000000,0.117000
0.019240,0.000000,0.108000
0.019424,0.000000,0.083000
0.019612,0.000000,0.073000
0.019796,0.000000,0.059000
0.019984,0.000000,0.054000
0.020168,0.000000,0.034000
0.020352,0.000000,0.034000
0.020544,0.000000,0.034000
0.020728,0.000000,0.029000
0.020916,0.000000,0.015000
0.021100,0.000000,0.015000
0.021284,0.000000,0.015000
0.021468,0.000000,0.015000
0.021660,0.000000,0.015000
0.021844,0.000000,0.005000
0.022028,0.000000,0.005000
0.022216,0.000000,0.005000
0.022400,0.000000,0.005000
0.022592,0.000000,0.005000
0.022776,0.000000,0.000000
0.022960,0.000000,0.000000
0.023144,0.000000,0.000000
0.023328,0.000000,0.000000
0.023512,0.000000,0.000000
0.023704,0.000000,0.000000
0.023888,0.000000,0.000000
0.024076,0.000000,0.000000
0.024260,0.000000,0.000000
0.024444,0.000000,0.000000
0.024636,0.000000,0.000000
0.024820,0.000000,0.000000
0.025004,0.000000,0.000000
0.025192,0.000000,0.000000
0.025376,0.000000,0.000000
0.025560,0.000000,0.000000
0.025752,0.000000,0.000000
0.025936,0.000000,0.000000
0.026120,0.000000,0.000000
0.026308,0.000000,0.000000
0.026492,0.000000,0.000000
0.026680,0.000000,0.000000
0.026864,0.000000,0.000000
0.027052,0.000000,0.000000
0.027236,0.000000,0.000000
0.027420,0.000000,0.000000
0.027604,0.000000,0.000000
0.027796,0.000000,0.000000
0.027980,0.000000,0.000000
0.028164,0.000000,0.000000
0.028352,0.000000,0.000000
0.028536,0.000000,0.000000
0.028728,0.000000,0.000000
0.028912,0.000000,0.000000
0.029096,0.000000,0.000000
0.029284,0.000000,0.000000
0.029468,0.000000,0.000000
0.029652,0.000000,0.000000
0.000028,4.531000,1.544000
0.000228,4.316000,1.598000
0.000416,4.267000,2.576000
0.000612,4.907000,2.190000
0.000800,4.927000,2.595000
0.000992,4.932000,3.006000
0.001188,4.956000,3.314000
0.001380,4.966000,3.578000
0.001568,4.966000,3.788000
0.001760,4.966000,3.988000
0.001948,4.971000,4.140000
0.002140,4.985000,4.282000
0.002336,4.985000,4.394000
0.002524,4.985000,4.497000
0.002712,4.995000,4.570000
0.002904,4.995000,4.629000
0.003092,4.990000,4.692000
0.003288,5.000000,4.751000
0.003480,4.995000,4.785000
0.003668,4.995000,4.814000
0.003856,5.000000,4.848000
0.004048,5.000000,4.863000
0.004236,5.000000,4.883000
0.004424,4.995000,4.907000
0.004612,5.000000,4.927000
0.004804,5.000000,4.932000
0.004992,5.000000,4.941000
0.005180,5.000000,4.956000
0.005376,5.000000,4.966000
0.005564,5.000000,4.966000
0.005752,5.000000,4.971000
0.005940,5.000000,4.980000
0.006128,5.000000,4.985000
0.006324,5.000000,4.985000
0.006512,5.000000,4.995000
0.006700,5.000000,4.995000
0.006888,5.000000,4.990000
0.007080,5.000000,4.995000
0.007268,5.000000,4.995000
0.007460,5.000000,4.995000
0.007652,5.000000,5.000000
0.007840,5.000000,5.000000
0.008028,5.000000,5.000000
0.008216,5.000000,4.995000
0.008412,5.000000,5.000000
0.008596,5.000000,5.000000
0.008784,5.000000,5.000000
0.008972,5.000000,5.000000
0.009160,5.000000,5.000000
0.009352,5.000000,4.995000
0.009540,5.000000,5.000000
0.009728,5.000000,5.000000
0.009916,5.000000,5.000000
0.010104,5.000000,5.000000
0.010292,5.000000,5.000000
0.010484,5.000000,5.000000
0.010672,5.000000,5.000000
0.010860,5.000000,5.000000
0.011048,5.000000,5.000000
0.011236,5.000000,5.000000
0.011428,5.000000,5.000000
0.011616,5.000000,5.000000
0.011804,5.000000,5.000000
0.011992,5.000000,5.000000
0.012180,5.000000,5.000000
0.012368,5.000000,5.000000
0.012560,5.000000,5.000000
0.012748,5.000000,5.000000
0.012936,5.000000,5.000000
0.013120,5.000000,5.000000
0.013308,5.000000,5.000000
0.013504,5.000000,5.000000
0.013692,5.000000,5.000000
0.013876,5.000000,5.000000
0.014064,5.000000,5.000000
0.014252,5.000000,5.000000
0.014440,5.000000,5.000000
0.014632,5.000000,5.000000
0.014820,5.000000,5.000000
0.015008,5.000000,5.000000
0.015200,0.860000,4.526000
0.015388,1.466000,3.299000
0.015580,1.173000,2.849000
0.015768,0.552000,2.874000
0.015956,0.274000,2.380000
0.016140,0.093000,2.067000
0.016328,0.068000,1.735000
0.016524,0.034000,1.476000
0.016708,0.034000,1.246000
0.016896,0.034000,1.056000
0.017084,0.029000,0.880000
0.017268,0.015000,0.743000
0.017456,0.015000,0.621000
0.017648,0.015000,0.528000
0.017832,0.015000,0.450000
0.018020,0.005000,0.381000
0.018204,0.005000,0.318000
0.018392,0.005000,0.274000
0.018584,0.005000,0.230000
0.018772,0.000000,0.191000
0.018956,0.000000,0.161000
0.019144,0.000000,0.137000
0.019328,0.000000,0.117000
0.019516,0.000000,0.093000
0.019708,0.000000,0.078000
0.019892,0.000000,0.073000
0.020080,0.000000,0.059000
0.020264,0.000000,0.044000
0.020452,0.000000,0.034000
0.020644,0.000000,0.034000
0.020832,0.000000,0.034000
0.021016,0.000000,0.029000
0.021204,0.000000,0.015000
0.021388,0.000000,0.015000
0.021576,0.000000,0.015000
0.021768,0.000000,0.005000
0.021952,0.000000,0.005000
0.022140,0.000000,0.005000
0.022324,0.000000,0.005000
0.022512,0.000000,0.005000
0.022704,0.000000,0.000000
0.022892,0.000000,0.000000
0.023076,0.000000,0.000000
0.023264,0.000000,0.000000
0.023448,0.000000,0.000000
0.023636,0.000000,0.000000
0.023828,0.000000,0.000000
0.024012,0.000000,0.000000
0.024200,0.000000,0.000000
0.024384,0.000000,0.000000
0.024572,0.000000,0.000000
0.024764,0.000000,0.000000
0.024952,0.000000,0.000000
0.025136,0.000000,0.000000
0.025324,0.000000,0.000000
0.025508,0.000000,0.000000
0.025696,0.000000,0.000000
0.025888,0.000000,0.000000
0.026072,0.000000,0.000000
0.026260,0.000000,0.000000
0.026444,0.000000,0.000000
0.026632,0.000000,0.000000
0.026824,0.000000,0.000000
0.027012,0.000000,0.000000
0.027196,0.000000,0.000000
0.027384,0.000000,0.000000
0.027568,0.000000,0.000000
0.027756,0.000000,0.000000
0.027948,0.000000,0.000000
0.028132,0.000000,0.000000
0.028320,0.000000,0.000000
0.028504,0.000000,0.000000
0.028692,0.000000,0.000000
0.028884,0.000000,0.000000
0.029072,0.000000,0.000000
0.029256,0.000000,0.000000
0.029444,0.000000,0.000000
0.029628,0.000000,0.000000
0.029816,0.000000,0.000000
0.030008,0.000000,0.000000
0.000028,4.140000,0.890000
0.000220,4.027000,2.224000
0.000408,4.785000,2.576000
0.000604,4.853000,2.116000
0.000792,4.839000,2.717000
0.000992,4.927000,2.962000
0.001184,4.946000,3.280000
0.001372,4.966000,3.558000
0.001564,4.966000,3.783000
0.001756,4.966000,3.978000
0.001944,4.971000,4.140000
0.002140,4.985000,4.282000
0.002332,4.985000,4.384000
0.002520,4.985000,4.497000
0.002708,4.995000,4.570000
0.002896,4.995000,4.643000
0.003092,4.995000,4.692000
0.003284,5.000000,4.746000
0.003472,4.995000,4.785000
0.003660,5.000000,4.814000
0.003848,5.000000,4.848000
0.004044,5.000000,4.878000
0.004236,5.000000,4.883000
0.004424,5.000000,4.917000
0.004612,5.000000,4.927000
0.004800,5.000000,4.932000
0.004988,5.000000,4.941000
0.005184,5.000000,4.956000
0.005372,5.000000,4.966000
0.005560,5.000000,4.966000
0.005748,5.000000,4.971000
0.005936,5.000000,4.985000
0.006128,5.000000,4.985000
0.006316,5.000000,4.985000
0.006504,5.000000,4.985000
0.006692,5.000000,4.985000
0.006880,5.000000,4.985000
0.007068,5.000000,4.995000
0.007264,5.000000,4.995000
0.007452,5.000000,4.995000
0.007640,5.000000,5.000000
0.007828,5.000000,5.000000
0.008016,5.000000,5.000000
0.008212,5.000000,5.000000
0.008400,5.000000,5.000000
0.008588,5.000000,5.000000
0.008776,5.000000,5.000000
0.008964,5.000000,5.000000
0.009156,5.000000,5.000000
0.009344,5.000000,5.000000
0.009532,5.000000,5.000000
0.009720,5.000000,5.000000
0.009908,5.000000,5.000000
0.010096,5.000000,5.000000
0.010292,5.000000,5.000000
0.010480,5.000000,5.000000
0.010668,5.000000,5.000000
0.010856,5.000000,5.000000
0.011044,5.000000,5.000000
0.011236,5.000000,5.000000
0.011424,5.000000,5.000000
0.011612,5.000000,5.000000
0.011800,5.000000,5.000000
0.011988,5.000000,5.000000
0.012176,5.000000,5.000000
0.012372,5.000000,5.000000
0.012560,5.000000,5.000000
0.012748,5.000000,5.000000
0.012936,5.000000,5.000000
0.013124,5.000000,5.000000
0.013316,5.000000,5.000000
0.013504,5.000000,5.000000
0.013692,5.000000,5.000000
0.013880,5.000000,5.000000
0.014068,5.000000,5.000000
0.014264,5.000000,4.995000
0.014448,5.000000,5.000000
0.014636,5.000000,5.000000
0.014824,5.000000,5.000000
0.015012,5.000000,4.995000
0.015204,1.241000,4.736000
0.015400,1.320000,3.812000
0.015588,0.547000,2.849000
0.015776,0.137000,2.874000
0.015964,0.083000,2.380000
0.016152,0.059000,2.067000
0.016344,0.044000,1.750000
0.016532,0.034000,1.476000
0.016720,0.034000,1.241000
0.016908,0.029000,1.056000
0.017092,0.029000,0.875000
0.017280,0.015000,0.743000
0.017472,0.015000,0.621000
0.017660,0.015000,0.528000
0.017848,0.015000,0.450000
0.018032,0.005000,0.381000
0.018220,0.005000,0.308000
0.018412,0.005000,0.274000
0.018600,0.000000,0.230000
0.018784,0.000000,0.191000
0.018972,0.000000,0.152000
0.019160,0.000000,0.137000
0.019344,0.000000,0.117000
0.019540,0.000000,0.093000
0.019724,0.000000,0.078000
0.019912,0.000000,0.068000
0.020100,0.000000,0.059000
0.020284,0.000000,0.044000
0.020480,0.000000,0.034000
0.020664,0.000000,0.034000
0.020852,0.000000,0.029000
0.021036,0.000000,0.029000
0.021224,0.000000,0.015000
0.021412,0.000000,0.015000
0.021604,0.000000,0.015000
0.021792,0.000000,0.015000
0.021976,0.000000,0.005000
0.022164,0.000000,0.005000
0.022352,0.000000,0.005000
0.022544,0.000000,0.005000
0.022732,0.000000,0.005000
0.022916,0.000000,0.000000
0.023104,0.000000,0.000000
0.023288,0.000000,0.000000
0.023480,0.000000,0.000000
0.023668,0.000000,0.000000
0.023852,0.000000,0.000000
0.024040,0.000000,0.000000
0.024228,0.000000,0.000000
0.024412,0.000000,0.000000
0.024608,0.000000,0.000000
0.024792,0.000000,0.000000
0.024980,0.000000,0.000000
0.025168,0.000000,0.000000
0.025352,0.000000,0.000000
0.025544,0.000000,0.000000
0.025732,0.000000,0.000000
0.025920,0.000000,0.000000
0.026104,0.000000,0.000000
0.026292,0.000000,0.000000
0.026480,0.000000,0.000000
0.026672,0.000000,0.000000
0.026860,0.000000,0.000000
0.027044,0.000000,0.000000
0.027232,0.000000,0.000000
0.027420,0.000000,0.000000
0.027612,0.000000,0.000000
0.027800,0.000000,0.000000
0.027984,0.000000,0.000000
0.028172,0.000000,0.000000
0.028356,0.000000,0.000000
0.028544,0.000000,0.000000
0.028736,0.000000,0.000000
0.028924,0.000000,0.000000
0.029112,0.000000,0.000000
0.029296,0.000000,0.000000
0.029484,0.000000,0.000000
0.029676,0.000000,0.000000
0.029864,0.000000,0.000000
0.030052,0.000000,0.000000
