time	V(v1)	V(v2)
0.000000000000000e+000	0.000000e+000	0.000000e+000
1.000000000000000e-009	5.000000e+000	2.441651e-006
8.553702387155402e-006	5.000000e+000	4.147844e-002
1.710640477431080e-005	5.000000e+000	8.260493e-002
2.565910716146620e-005	5.000000e+000	1.233819e-001
3.421180954862161e-005	5.000000e+000	1.638094e-001
4.276451193577701e-005	5.000000e+000	2.038874e-001
5.131721432293241e-005	5.000000e+000	2.436159e-001
5.986991671008780e-005	5.000000e+000	2.829950e-001
8.916679171008780e-005	5.000000e+000	4.160463e-001
1.184636667100878e-004	5.000000e+000	5.453446e-001
1.477605417100878e-004	5.000000e+000	6.709958e-001
2.063542917100878e-004	5.000000e+000	9.117657e-001
2.649480417100878e-004	5.000000e+000	1.139144e+000
3.528386667100878e-004	5.000000e+000	1.456722e+000
4.407292917100879e-004	5.000000e+000	1.748177e+000
5.286199167100880e-004	5.000000e+000	2.015658e+000
6.206958095672310e-004	5.000000e+000	2.268159e+000
7.127717024243739e-004	5.000000e+000	2.502876e+000
8.048475952815168e-004	5.000000e+000	2.719810e+000
8.969234881386599e-004	5.000000e+000	2.918962e+000
9.889993809958028e-004	5.000000e+000	3.100330e+000
1.081075273852946e-003	5.000000e+000	3.263916e+000
1.173151166710089e-003	5.000000e+000	3.409718e+000
1.265227059567231e-003	5.000000e+000	3.544269e+000
1.357302952424375e-003	5.000000e+000	3.669344e+000
1.449378845281517e-003	5.000000e+000	3.784943e+000
1.541454738138661e-003	5.000000e+000	3.891066e+000
1.633530630995803e-003	5.000000e+000	3.987713e+000
1.725606523852947e-003	5.000000e+000	4.074884e+000
1.817682416710089e-003	5.000000e+000	4.152578e+000
1.909758309567232e-003	5.000000e+000	4.224277e+000
2.001834202424374e-003	5.000000e+000	4.290927e+000
2.093910095281516e-003	5.000000e+000	4.352527e+000
2.185985988138659e-003	5.000000e+000	4.409077e+000
2.278061880995801e-003	5.000000e+000	4.460578e+000
2.370137773852944e-003	5.000000e+000	4.507029e+000
2.462213666710086e-003	5.000000e+000	4.548430e+000
2.554289559567228e-003	5.000000e+000	4.586637e+000
2.646365452424371e-003	5.000000e+000	4.622153e+000
2.738441345281513e-003	5.000000e+000	4.654978e+000
2.830517238138655e-003	5.000000e+000	4.685112e+000
2.922593130995797e-003	5.000000e+000	4.712555e+000
3.014669023852940e-003	5.000000e+000	4.737308e+000
3.106744916710082e-003	5.000000e+000	4.759370e+000
3.198820809567224e-003	5.000000e+000	4.779729e+000
3.290896702424366e-003	5.000000e+000	4.798654e+000
3.382972595281509e-003	5.000000e+000	4.816146e+000
3.475048488138651e-003	5.000000e+000	4.832204e+000
3.567124380995793e-003	5.000000e+000	4.846828e+000
3.659200273852936e-003	5.000000e+000	4.860018e+000
3.751276166710078e-003	5.000000e+000	4.871774e+000
3.843352059567221e-003	5.000000e+000	4.882623e+000
3.935427952424364e-003	5.000000e+000	4.892708e+000
4.027503845281507e-003	5.000000e+000	4.902029e+000
4.119579738138651e-003	5.000000e+000	4.910585e+000
4.211655630995794e-003	5.000000e+000	4.918378e+000
4.303731523852938e-003	5.000000e+000	4.925407e+000
4.395807416710080e-003	5.000000e+000	4.931672e+000
4.482120785751498e-003	5.000000e+000	4.937111e+000
4.568434154792914e-003	5.000000e+000	4.942187e+000
4.654747523834332e-003	5.000000e+000	4.946901e+000
4.741060892875749e-003	5.000000e+000	4.951253e+000
4.827374261917167e-003	5.000000e+000	4.955242e+000
4.913687630958584e-003	5.000000e+000	4.958869e+000
5.000001000000000e-003	5.000000e+000	4.962134e+000
5.000002000000000e-003	0.000000e+000	4.962132e+000
5.093884482144901e-003	0.000000e+000	4.535031e+000
5.187766964289802e-003	0.000000e+000	4.138400e+000
5.281649446434704e-003	0.000000e+000	3.772238e+000
5.375531928579605e-003	0.000000e+000	3.436544e+000
5.469414410724505e-003	0.000000e+000	3.131321e+000
5.563296892869407e-003	0.000000e+000	2.856566e+000
5.657179375014308e-003	0.000000e+000	2.612280e+000
5.749255267871452e-003	0.000000e+000	2.391259e+000
5.841331160728595e-003	0.000000e+000	2.185805e+000
5.933407053585739e-003	0.000000e+000	1.995916e+000
6.025482946442883e-003	0.000000e+000	1.821593e+000
6.117558839300026e-003	0.000000e+000	1.662836e+000
6.209634732157169e-003	0.000000e+000	1.519645e+000
6.301710625014313e-003	0.000000e+000	1.392019e+000
6.393786517871457e-003	0.000000e+000	1.274243e+000
6.485862410728601e-003	0.000000e+000	1.164761e+000
6.577938303585744e-003	0.000000e+000	1.063574e+000
6.670014196442888e-003	0.000000e+000	9.706816e-001
6.762090089300031e-003	0.000000e+000	8.860839e-001
6.854165982157175e-003	0.000000e+000	8.097809e-001
6.946241875014319e-003	0.000000e+000	7.417727e-001
7.038317767871462e-003	0.000000e+000	6.790125e-001
7.130393660728606e-003	0.000000e+000	6.206723e-001
7.222469553585750e-003	0.000000e+000	5.667522e-001
7.314545446442894e-003	0.000000e+000	5.172521e-001
7.406621339300036e-003	0.000000e+000	4.721721e-001
7.498697232157180e-003	0.000000e+000	4.315122e-001
7.590773125014324e-003	0.000000e+000	3.952723e-001
7.682849017871466e-003	0.000000e+000	3.618289e-001
7.774924910728608e-003	0.000000e+000	3.307409e-001
7.867000803585749e-003	0.000000e+000	3.020082e-001
7.959076696442892e-003	0.000000e+000	2.756308e-001
8.051152589300033e-003	0.000000e+000	2.516088e-001
8.143228482157176e-003	0.000000e+000	2.299422e-001
8.235304375014317e-003	0.000000e+000	2.106308e-001
8.327380267871458e-003	0.000000e+000	1.928097e-001
8.419456160728599e-003	0.000000e+000	1.762436e-001
8.511532053585741e-003	0.000000e+000	1.609327e-001
8.603607946442882e-003	0.000000e+000	1.468769e-001
8.695683839300021e-003	0.000000e+000	1.340761e-001
8.787759732157162e-003	0.000000e+000	1.225305e-001
8.879835625014303e-003	0.000000e+000	1.122399e-001
8.971911517871445e-003	0.000000e+000	1.027435e-001
9.063987410728586e-003	0.000000e+000	9.391586e-002
9.156063303585727e-003	0.000000e+000	8.575704e-002
9.248139196442868e-003	0.000000e+000	7.826704e-002
9.340215089300007e-003	0.000000e+000	7.144584e-002
9.432290982157148e-003	0.000000e+000	6.529345e-002
9.524366875014290e-003	0.000000e+000	5.980988e-002
9.592314464297962e-003	0.000000e+000	5.600798e-002
9.660262053581635e-003	0.000000e+000	5.241477e-002
9.728209642865308e-003	0.000000e+000	4.903027e-002
9.796157232148982e-003	0.000000e+000	4.585446e-002
9.864104821432655e-003	0.000000e+000	4.288735e-002
9.932052410716328e-003	0.000000e+000	4.012894e-002
1.000000000000000e-002	0.000000e+000	3.757922e-002
1.000000100000000e-002	5.000000e+000	3.758165e-002
1.003110446428776e-002	5.000000e+000	1.853644e-001
1.006220792857551e-002	5.000000e+000	3.291110e-001
1.009331139286327e-002	5.000000e+000	4.688214e-001
1.012441485715103e-002	5.000000e+000	6.044956e-001
1.015551832143878e-002	5.000000e+000	7.361337e-001
1.018662178572654e-002	5.000000e+000	8.637356e-001
1.021772525001430e-002	5.000000e+000	9.873014e-001
1.027631900001430e-002	5.000000e+000	1.210479e+000
1.036420962501430e-002	5.000000e+000	1.522189e+000
1.045210025001429e-002	5.000000e+000	1.808259e+000
1.054417614287143e-002	5.000000e+000	2.078307e+000
1.063625203572858e-002	5.000000e+000	2.329336e+000
1.072832792858572e-002	5.000000e+000	2.561347e+000
1.082040382144286e-002	5.000000e+000	2.774338e+000
1.091247971430000e-002	5.000000e+000	2.968311e+000
1.100455560715714e-002	5.000000e+000	3.143265e+000
1.109663150001428e-002	5.000000e+000	3.299200e+000
1.118870739287142e-002	5.000000e+000	3.443102e+000
1.128078328572856e-002	5.000000e+000	3.576869e+000
1.137285917858570e-002	5.000000e+000	3.700502e+000
1.146493507144284e-002	5.000000e+000	3.814000e+000
1.155701096429998e-002	5.000000e+000	3.917363e+000
1.164908685715712e-002	5.000000e+000	4.010592e+000
1.174116275001427e-002	5.000000e+000	4.093686e+000
1.183323864287141e-002	5.000000e+000	4.170368e+000
1.192531453572855e-002	5.000000e+000	4.241649e+000
1.201739042858569e-002	5.000000e+000	4.307530e+000
1.210946632144283e-002	5.000000e+000	4.368010e+000
1.220154221429997e-002	5.000000e+000	4.423090e+000
1.229361810715711e-002	5.000000e+000	4.472769e+000
1.238569400001425e-002	5.000000e+000	4.517048e+000
1.247776989287139e-002	5.000000e+000	4.557910e+000
1.256984578572853e-002	5.000000e+000	4.595894e+000
1.266192167858568e-002	5.000000e+000	4.631000e+000
1.275399757144282e-002	5.000000e+000	4.663228e+000
1.284607346429996e-002	5.000000e+000	4.692579e+000
1.293814935715710e-002	5.000000e+000	4.719052e+000
1.303022525001424e-002	5.000000e+000	4.742647e+000
1.312230114287138e-002	5.000000e+000	4.764421e+000
1.321437703572852e-002	5.000000e+000	4.784662e+000
1.330645292858566e-002	5.000000e+000	4.803369e+000
1.339852882144280e-002	5.000000e+000	4.820543e+000
1.349060471429994e-002	5.000000e+000	4.836183e+000
1.358268060715708e-002	5.000000e+000	4.850290e+000
1.367475650001422e-002	5.000000e+000	4.862863e+000
1.376683239287137e-002	5.000000e+000	4.874466e+000
1.385890828572851e-002	5.000000e+000	4.885252e+000
1.395098417858565e-002	5.000000e+000	4.895220e+000
1.404306007144279e-002	5.000000e+000	4.904372e+000
1.413513596429993e-002	5.000000e+000	4.912706e+000
1.422721185715707e-002	5.000000e+000	4.920223e+000
1.431928775001421e-002	5.000000e+000	4.926923e+000
1.441234723215504e-002	5.000000e+000	4.933166e+000
1.450540671429586e-002	5.000000e+000	4.938966e+000
1.459846619643669e-002	5.000000e+000	4.944324e+000
1.469152567857752e-002	5.000000e+000	4.949239e+000
1.478458516071835e-002	5.000000e+000	4.953711e+000
1.487764464285917e-002	5.000000e+000	4.957740e+000
1.497070412500000e-002	5.000000e+000	4.961327e+000
1.500000100000000e-002	5.000000e+000	4.962419e+000
1.500000200000000e-002	0.000000e+000	4.962416e+000
1.509388448214490e-002	0.000000e+000	4.535291e+000
1.518776696428980e-002	0.000000e+000	4.138637e+000
1.528164944643470e-002	0.000000e+000	3.772454e+000
1.537553192857960e-002	0.000000e+000	3.436741e+000
1.546941441072449e-002	0.000000e+000	3.131500e+000
1.556329689286939e-002	0.000000e+000	2.856730e+000
1.565717937501429e-002	0.000000e+000	2.612430e+000
1.574925526787144e-002	0.000000e+000	2.391397e+000
1.584133116072858e-002	0.000000e+000	2.185930e+000
1.593340705358573e-002	0.000000e+000	1.996030e+000
1.602548294644288e-002	0.000000e+000	1.821697e+000
1.611755883930002e-002	0.000000e+000	1.662931e+000
1.620963473215717e-002	0.000000e+000	1.519732e+000
1.630171062501432e-002	0.000000e+000	1.392099e+000
1.639378651787146e-002	0.000000e+000	1.274316e+000
1.648586241072861e-002	0.000000e+000	1.164828e+000
1.657793830358575e-002	0.000000e+000	1.063635e+000
1.667001419644290e-002	0.000000e+000	9.707372e-001
1.676209008930005e-002	0.000000e+000	8.861347e-001
1.685416598215719e-002	0.000000e+000	8.098273e-001
1.694624187501434e-002	0.000000e+000	7.418152e-001
1.703831776787149e-002	0.000000e+000	6.790514e-001
1.713039366072863e-002	0.000000e+000	6.207079e-001
1.722246955358578e-002	0.000000e+000	5.667847e-001
1.731454544644293e-002	0.000000e+000	5.172818e-001
1.740662133930007e-002	0.000000e+000	4.721992e-001
1.749869723215722e-002	0.000000e+000	4.315369e-001
1.759077312501436e-002	0.000000e+000	3.952949e-001
1.768284901787151e-002	0.000000e+000	3.618497e-001
1.777492491072866e-002	0.000000e+000	3.307599e-001
1.786700080358580e-002	0.000000e+000	3.020255e-001
1.795907669644295e-002	0.000000e+000	2.756467e-001
1.805115258930010e-002	0.000000e+000	2.516233e-001
1.814322848215724e-002	0.000000e+000	2.299553e-001
1.823530437501439e-002	0.000000e+000	2.106429e-001
1.832738026787154e-002	0.000000e+000	1.928207e-001
1.841945616072868e-002	0.000000e+000	1.762537e-001
1.851153205358583e-002	0.000000e+000	1.609419e-001
1.860360794644297e-002	0.000000e+000	1.468853e-001
1.869568383930012e-002	0.000000e+000	1.340838e-001
1.878775973215727e-002	0.000000e+000	1.225375e-001
1.887983562501441e-002	0.000000e+000	1.122464e-001
1.897191151787156e-002	0.000000e+000	1.027494e-001
1.906398741072871e-002	0.000000e+000	9.392125e-002
1.915606330358585e-002	0.000000e+000	8.576197e-002
1.924813919644300e-002	0.000000e+000	7.827153e-002
1.934021508930015e-002	0.000000e+000	7.144994e-002
1.943229098215729e-002	0.000000e+000	6.529720e-002
1.952436687501444e-002	0.000000e+000	5.981331e-002
1.959010023215110e-002	0.000000e+000	5.612804e-002
1.965583358928776e-002	0.000000e+000	5.263983e-002
1.972156694642442e-002	0.000000e+000	4.934866e-002
1.978730030356109e-002	0.000000e+000	4.625456e-002
1.985303366069775e-002	0.000000e+000	4.335750e-002
1.991876701783441e-002	0.000000e+000	4.065750e-002
1.998450037497107e-002	0.000000e+000	3.815455e-002
1.998453237497106e-002	0.000000e+000	3.815335e-002
2.000000000000000e-002	0.000000e+000	3.758137e-002
2.000000100000000e-002	5.000000e+000	3.758380e-002
2.003110446426177e-002	5.000000e+000	1.853665e-001
2.006220792852355e-002	5.000000e+000	3.291130e-001
2.009331139278532e-002	5.000000e+000	4.688234e-001
2.012441485704709e-002	5.000000e+000	6.044976e-001
2.015551832130887e-002	5.000000e+000	7.361356e-001
2.018662178557064e-002	5.000000e+000	8.637374e-001
2.021772524983241e-002	5.000000e+000	9.873031e-001
2.027631899983241e-002	5.000000e+000	1.210481e+000
2.036420962483242e-002	5.000000e+000	1.522190e+000
2.045210024983242e-002	5.000000e+000	1.808260e+000
2.054417614268957e-002	5.000000e+000	2.078308e+000
2.063625203554671e-002	5.000000e+000	2.329337e+000
2.072832792840386e-002	5.000000e+000	2.561348e+000
2.082040382126101e-002	5.000000e+000	2.774339e+000
2.091247971411815e-002	5.000000e+000	2.968312e+000
2.100455560697530e-002	5.000000e+000	3.143266e+000
2.109663149983244e-002	5.000000e+000	3.299201e+000
2.118870739268959e-002	5.000000e+000	3.443103e+000
2.128078328554674e-002	5.000000e+000	3.576870e+000
2.137285917840388e-002	5.000000e+000	3.700503e+000
2.146493507126103e-002	5.000000e+000	3.814001e+000
2.155701096411818e-002	5.000000e+000	3.917364e+000
2.164908685697532e-002	5.000000e+000	4.010593e+000
2.174116274983247e-002	5.000000e+000	4.093687e+000
2.183323864268962e-002	5.000000e+000	4.170368e+000
2.192531453554676e-002	5.000000e+000	4.241649e+000
2.201739042840391e-002	5.000000e+000	4.307530e+000
2.210946632126105e-002	5.000000e+000	4.368010e+000
2.220154221411820e-002	5.000000e+000	4.423090e+000
2.229361810697535e-002	5.000000e+000	4.472769e+000
2.238569399983249e-002	5.000000e+000	4.517048e+000
2.247776989268964e-002	5.000000e+000	4.557910e+000
2.256984578554679e-002	5.000000e+000	4.595894e+000
2.266192167840393e-002	5.000000e+000	4.631000e+000
2.275399757126108e-002	5.000000e+000	4.663228e+000
2.284607346411822e-002	5.000000e+000	4.692579e+000
2.293814935697537e-002	5.000000e+000	4.719052e+000
2.303022524983252e-002	5.000000e+000	4.742647e+000
2.312230114268966e-002	5.000000e+000	4.764421e+000
2.321437703554681e-002	5.000000e+000	4.784662e+000
2.330645292840396e-002	5.000000e+000	4.803369e+000
2.339852882126110e-002	5.000000e+000	4.820543e+000
2.349060471411825e-002	5.000000e+000	4.836183e+000
2.358268060697540e-002	5.000000e+000	4.850289e+000
2.367475649983254e-002	5.000000e+000	4.862863e+000
2.376683239268969e-002	5.000000e+000	4.874466e+000
2.385890828554683e-002	5.000000e+000	4.885252e+000
2.395098417840398e-002	5.000000e+000	4.895220e+000
2.404306007126113e-002	5.000000e+000	4.904372e+000
2.413513596411827e-002	5.000000e+000	4.912706e+000
2.422721185697542e-002	5.000000e+000	4.920223e+000
2.431928774983257e-002	5.000000e+000	4.926923e+000
2.441234723199934e-002	5.000000e+000	4.933166e+000
2.450540671416612e-002	5.000000e+000	4.938966e+000
2.459846619633289e-002	5.000000e+000	4.944324e+000
2.469152567849967e-002	5.000000e+000	4.949239e+000
2.478458516066645e-002	5.000000e+000	4.953711e+000
2.487764464283323e-002	5.000000e+000	4.957740e+000
2.497070412500000e-002	5.000000e+000	4.961327e+000
2.500000100000000e-002	5.000000e+000	4.962419e+000
2.500000200000000e-002	0.000000e+000	4.962416e+000
2.509388448211892e-002	0.000000e+000	4.535291e+000
2.518776696423784e-002	0.000000e+000	4.138637e+000
2.528164944635675e-002	0.000000e+000	3.772454e+000
2.537553192847568e-002	0.000000e+000	3.436742e+000
2.546941441059459e-002	0.000000e+000	3.131500e+000
2.556329689271351e-002	0.000000e+000	2.856730e+000
2.565717937483243e-002	0.000000e+000	2.612430e+000
2.574925526768957e-002	0.000000e+000	2.391397e+000
2.584133116054672e-002	0.000000e+000	2.185930e+000
2.593340705340387e-002	0.000000e+000	1.996030e+000
2.602548294626101e-002	0.000000e+000	1.821697e+000
2.611755883911816e-002	0.000000e+000	1.662931e+000
2.620963473197531e-002	0.000000e+000	1.519732e+000
2.630171062483245e-002	0.000000e+000	1.392099e+000
2.639378651768960e-002	0.000000e+000	1.274316e+000
2.648586241054675e-002	0.000000e+000	1.164828e+000
2.657793830340389e-002	0.000000e+000	1.063635e+000
2.667001419626104e-002	0.000000e+000	9.707372e-001
2.676209008911818e-002	0.000000e+000	8.861347e-001
2.685416598197533e-002	0.000000e+000	8.098273e-001
2.694624187483248e-002	0.000000e+000	7.418152e-001
2.703831776768962e-002	0.000000e+000	6.790514e-001
2.713039366054677e-002	0.000000e+000	6.207079e-001
2.722246955340392e-002	0.000000e+000	5.667847e-001
2.731454544626106e-002	0.000000e+000	5.172818e-001
2.740662133911821e-002	0.000000e+000	4.721992e-001
2.749869723197536e-002	0.000000e+000	4.315369e-001
2.759077312483250e-002	0.000000e+000	3.952949e-001
2.768284901768965e-002	0.000000e+000	3.618497e-001
2.777492491054679e-002	0.000000e+000	3.307599e-001
2.786700080340394e-002	0.000000e+000	3.020255e-001
2.795907669626109e-002	0.000000e+000	2.756467e-001
2.805115258911823e-002	0.000000e+000	2.516233e-001
2.814322848197538e-002	0.000000e+000	2.299553e-001
2.823530437483253e-002	0.000000e+000	2.106429e-001
2.832738026768967e-002	0.000000e+000	1.928207e-001
2.841945616054682e-002	0.000000e+000	1.762537e-001
2.851153205340396e-002	0.000000e+000	1.609419e-001
2.860360794626111e-002	0.000000e+000	1.468853e-001
2.869568383911826e-002	0.000000e+000	1.340838e-001
2.878775973197540e-002	0.000000e+000	1.225375e-001
2.887983562483255e-002	0.000000e+000	1.122464e-001
2.897191151768970e-002	0.000000e+000	1.027494e-001
2.906398741054684e-002	0.000000e+000	9.392125e-002
2.915606330340399e-002	0.000000e+000	8.576197e-002
2.924813919626114e-002	0.000000e+000	7.827153e-002
2.934021508911828e-002	0.000000e+000	7.144994e-002
2.943229098197543e-002	0.000000e+000	6.529720e-002
2.952436687483257e-002	0.000000e+000	5.981331e-002
2.959231417842780e-002	0.000000e+000	5.601121e-002
2.966026148202302e-002	0.000000e+000	5.241781e-002
2.972820878561824e-002	0.000000e+000	4.903312e-002
2.979615608921346e-002	0.000000e+000	4.585714e-002
2.986410339280869e-002	0.000000e+000	4.288987e-002
2.993205069640391e-002	0.000000e+000	4.013131e-002
2.999999799999913e-002	0.000000e+000	3.758145e-002
2.999999899999913e-002	0.000000e+000	3.758141e-002
