Channel 1,Channel 2,Channel 3
0.000036,4.785000,0.762000
0.000268,4.330000,1.525000
0.000508,4.629000,1.813000
0.000748,4.853000,1.984000
0.000988,4.922000,2.380000
0.001236,4.932000,2.757000
0.001472,4.966000,3.089000
0.001712,4.966000,3.363000
0.001952,4.971000,3.597000
0.002196,4.980000,3.798000
0.002432,4.985000,3.969000
0.002668,4.985000,4.110000
0.002904,4.985000,4.242000
0.003144,4.985000,4.360000
0.003380,4.995000,4.448000
0.003616,4.995000,4.526000
0.003852,4.995000,4.594000
0.004092,4.995000,4.653000
0.004328,5.000000,4.707000
0.004564,5.000000,4.751000
0.004796,5.000000,4.775000
0.005032,5.000000,4.809000
0.005272,5.000000,4.848000
0.005508,5.000000,4.863000
0.005744,5.000000,4.883000
0.005980,5.000000,4.902000
0.006220,5.000000,4.917000
0.006456,5.000000,4.927000
0.006692,5.000000,4.932000
0.006928,5.000000,4.941000
0.007164,5.000000,4.966000
0.007396,5.000000,4.966000
0.007632,5.000000,4.966000
0.007868,5.000000,4.971000
0.008104,5.000000,4.985000
0.008344,5.000000,4.980000
0.008580,5.000000,4.985000
0.008816,5.000000,4.985000
0.009048,5.000000,4.985000
0.009292,5.000000,4.995000
0.009528,5.000000,4.995000
0.009760,5.000000,5.000000
0.009996,5.000000,5.000000
0.010236,5.000000,5.000000
0.010468,5.000000,5.000000
0.010704,5.000000,5.000000
0.010940,5.000000,5.000000
0.011172,5.000000,5.000000
0.011416,5.000000,5.000000
0.011648,5.000000,5.000000
0.011884,5.000000,5.000000
0.012120,5.000000,5.000000
0.012360,5.000000,5.000000
0.012596,5.000000,5.000000
0.012828,5.000000,5.000000
0.013064,5.000000,5.000000
0.013304,5.000000,5.000000
0.013540,5.000000,5.000000
0.013776,5.000000,5.000000
0.014008,5.000000,5.000000
0.014244,5.000000,5.000000
0.014484,5.000000,5.000000
0.014720,5.000000,5.000000
0.014956,5.000000,4.995000
0.015192,5.000000,5.000000
0.015432,5.000000,5.000000
0.015668,5.000000,5.000000
0.015900,5.000000,5.000000
0.016136,5.000000,5.000000
0.016376,5.000000,5.000000
0.016612,5.000000,5.000000
0.016848,5.000000,5.000000
0.017080,5.000000,5.000000
0.017316,5.000000,5.000000
0.017556,5.000000,5.000000
0.017792,5.000000,5.000000
0.018028,5.000000,5.000000
0.018260,5.000000,5.000000
0.018500,5.000000,5.000000
0.018736,5.000000,4.995000
0.018976,1.461000,4.516000
0.019212,1.056000,4.081000
0.019452,1.241000,2.908000
0.019684,0.235000,2.678000
0.019920,0.108000,2.654000
0.020156,0.108000,2.263000
0.020392,0.034000,1.950000
0.020632,0.034000,1.681000
0.020868,0.029000,1.437000
0.021100,0.029000,1.232000
0.021336,0.015000,1.056000
0.021576,0.015000,0.899000
0.021812,0.015000,0.772000
0.022048,0.015000,0.660000
0.022284,0.005000,0.562000
0.022524,0.005000,0.484000
0.022756,0.005000,0.420000
0.022992,0.005000,0.347000
0.023228,0.000000,0.308000
0.023464,0.000000,0.264000
0.023704,0.000000,0.225000
0.023940,0.000000,0.191000
0.024172,0.000000,0.161000
0.024408,0.000000,0.147000
0.024652,0.000000,0.117000
0.024884,0.000000,0.108000
0.025120,0.000000,0.083000
0.025356,0.000000,0.073000
0.025596,0.000000,0.068000
0.025828,0.000000,0.059000
0.026064,0.000000,0.044000
0.026300,0.000000,0.034000
0.026532,0.000000,0.034000
0.026776,0.000000,0.034000
0.027008,0.000000,0.029000
0.027244,0.000000,0.015000
0.027480,0.000000,0.015000
0.027720,0.000000,0.015000
0.027956,0.000000,0.015000
0.028192,0.000000,0.015000
0.028424,0.000000,0.015000
0.028664,0.000000,0.005000
0.028900,0.000000,0.005000
0.029136,0.000000,0.005000
0.029372,0.000000,0.000000
0.029604,0.000000,0.000000
0.029848,0.000000,0.000000
0.030080,0.000000,0.000000
0.030316,0.000000,0.000000
0.030552,0.000000,0.000000
0.030792,0.000000,0.000000
0.031028,0.000000,0.000000
0.031264,0.000000,0.000000
0.031500,0.000000,0.000000
0.031740,0.000000,0.000000
0.031972,0.000000,0.000000
0.032208,0.000000,0.000000
0.032444,0.000000,0.000000
0.032676,0.000000,0.000000
0.032920,0.000000,0.000000
0.033152,0.000000,0.000000
0.033388,0.000000,0.000000
0.033624,0.000000,0.000000
0.033864,0.000000,0.000000
0.034100,0.000000,0.000000
0.034336,0.000000,0.000000
0.034568,0.000000,0.000000
0.034808,0.000000,0.000000
0.035044,0.000000,0.000000
0.035280,0.000000,0.000000
0.035512,0.000000,0.000000
0.035748,0.000000,0.000000
0.035988,0.000000,0.000000
0.036224,0.000000,0.000000
0.036460,0.000000,0.000000
0.036696,0.000000,0.000000
0.036936,0.000000,0.000000
0.037172,0.000000,0.000000
0.037404,0.000000,0.000000
0.037640,0.000000,0.000000
0.000028,4.692000,1.007000
0.000272,4.330000,1.525000
0.000520,4.848000,2.067000
0.000764,4.883000,2.654000
0.001004,4.941000,2.439000
0.001244,4.956000,2.849000
0.001492,4.966000,3.094000
0.001732,4.966000,3.377000
0.001972,4.971000,3.612000
0.002212,4.985000,3.812000
0.002460,4.985000,3.988000
0.002700,4.985000,4.135000
0.002936,4.985000,4.257000
0.003176,4.995000,4.379000
0.003420,4.995000,4.453000
0.003660,4.995000,4.531000
0.003900,4.995000,4.604000
0.004140,4.995000,4.658000
0.004384,5.000000,4.712000
0.004624,5.000000,4.751000
0.004864,5.000000,4.785000
0.005100,5.000000,4.814000
0.005340,5.000000,4.848000
0.005584,5.000000,4.863000
0.005824,5.000000,4.883000
0.006060,5.000000,4.907000
0.006300,5.000000,4.927000
0.006544,5.000000,4.927000
0.006784,5.000000,4.941000
0.007024,5.000000,4.941000
0.007260,5.000000,4.956000
0.007504,5.000000,4.966000
0.007744,5.000000,4.966000
0.007984,5.000000,4.971000
0.008220,5.000000,4.971000
0.008460,5.000000,4.980000
0.008704,5.000000,4.985000
0.008940,5.000000,4.985000
0.009176,5.000000,4.985000
0.009416,5.000000,4.990000
0.009660,5.000000,4.995000
0.009896,5.000000,5.000000
0.010132,5.000000,5.000000
0.010372,5.000000,4.995000
0.010616,5.000000,5.000000
0.010852,5.000000,5.000000
0.011088,5.000000,5.000000
0.011328,5.000000,5.000000
0.011564,5.000000,5.000000
0.011804,5.000000,5.000000
0.012040,5.000000,5.000000
0.012276,5.000000,5.000000
0.012516,5.000000,4.995000
0.012760,5.000000,5.000000
0.012996,5.000000,5.000000
0.013232,5.000000,5.000000
0.013472,5.000000,5.000000
0.013712,5.000000,5.000000
0.013952,5.000000,5.000000
0.014188,5.000000,5.000000
0.014428,5.000000,5.000000
0.014668,5.000000,5.000000
0.014908,5.000000,5.000000
0.015144,5.000000,5.000000
0.015384,5.000000,5.000000
0.015620,5.000000,5.000000
0.015864,5.000000,5.000000
0.016100,5.000000,5.000000
0.016336,5.000000,5.000000
0.016576,5.000000,5.000000
0.016816,5.000000,5.000000
0.017052,5.000000,5.000000
0.017288,5.000000,5.000000
0.017528,5.000000,5.000000
0.017768,5.000000,5.000000
0.018004,5.000000,5.000000
0.018240,5.000000,5.000000
0.018480,5.000000,5.000000
0.018716,5.000000,5.000000
0.018956,5.000000,5.000000
0.019196,1.466000,4.531000
0.019436,0.552000,4.003000
0.019672,1.241000,2.908000
0.019912,0.117000,3.030000
0.020148,0.420000,2.498000
0.020384,0.137000,2.219000
0.020620,0.073000,1.911000
0.020864,0.034000,1.662000
0.021100,0.034000,1.413000
0.021336,0.029000,1.212000
0.021572,0.015000,1.046000
0.021816,0.015000,0.899000
0.022052,0.015000,0.762000
0.022288,0.005000,0.660000
0.022524,0.005000,0.562000
0.022760,0.005000,0.484000
0.023004,0.005000,0.406000
0.023240,0.000000,0.347000
0.023476,0.000000,0.303000
0.023712,0.000000,0.264000
0.023952,0.000000,0.225000
0.024188,0.000000,0.191000
0.024424,0.000000,0.161000
0.024660,0.000000,0.137000
0.024904,0.000000,0.117000
0.025140,0.000000,0.108000
0.025376,0.000000,0.083000
0.025612,0.000000,0.073000
0.025848,0.000000,0.068000
0.026092,0.000000,0.059000
0.026328,0.000000,0.044000
0.026564,0.000000,0.034000
0.026800,0.000000,0.034000
0.027044,0.000000,0.034000
0.027280,0.000000,0.029000
0.027516,0.000000,0.015000
0.027752,0.000000,0.015000
0.027992,0.000000,0.015000
0.028228,0.000000,0.015000
0.028464,0.000000,0.015000
0.028700,0.000000,0.005000
0.028936,0.000000,0.005000
0.029180,0.000000,0.005000
0.029416,0.000000,0.005000
0.029652,0.000000,0.000000
0.029888,0.000000,0.000000
0.030132,0.000000,0.000000
0.030368,0.000000,0.000000
0.030604,0.000000,0.000000
0.030840,0.000000,0.000000
0.031084,0.000000,0.000000
0.031320,0.000000,0.000000
0.031556,0.000000,0.000000
0.031792,0.000000,0.000000
0.032032,0.000000,0.000000
0.032268,0.000000,0.000000
0.032504,0.000000,0.000000
0.032740,0.000000,0.000000
0.032976,0.000000,0.000000
0.033220,0.000000,0.000000
0.033456,0.000000,0.000000
0.033692,0.000000,0.000000
0.033928,0.000000,0.000000
0.034168,0.000000,0.000000
0.034404,0.000000,0.000000
0.034640,0.000000,0.000000
0.034876,0.000000,0.000000
0.035116,0.000000,0.000000
0.035352,0.000000,0.000000
0.035588,0.000000,0.000000
0.035824,0.000000,0.000000
0.036060,0.000000,0.000000
0.036300,0.000000,0.000000
0.036536,0.000000,0.000000
0.036772,0.000000,0.000000
0.037008,0.000000,0.000000
0.037252,0.000000,0.000000
0.037488,0.000000,0.000000
0.037724,0.000000,0.000000
0.037960,0.000000,0.000000
0.000028,3.905000,1.530000
0.000272,4.047000,2.028000
0.000512,4.228000,2.576000
0.000756,4.814000,2.023000
0.000996,4.941000,2.414000
0.001240,4.941000,2.766000
0.001484,4.966000,3.123000
0.001724,4.966000,3.363000
0.001964,4.971000,3.602000
0.002208,4.980000,3.812000
0.002452,4.985000,3.988000
0.002692,4.985000,4.135000
0.002928,4.985000,4.257000
0.003168,4.985000,4.360000
0.003416,4.995000,4.453000
0.003656,4.995000,4.531000
0.003892,4.995000,4.604000
0.004132,5.000000,4.658000
0.004380,5.000000,4.707000
0.004616,5.000000,4.751000
0.004856,5.000000,4.785000
0.005092,5.000000,4.814000
0.005332,5.000000,4.848000
0.005576,5.000000,4.863000
0.005816,5.000000,4.883000
0.006052,5.000000,4.907000
0.006292,5.000000,4.917000
0.006536,5.000000,4.927000
0.006772,5.000000,4.941000
0.007012,5.000000,4.956000
0.007248,5.000000,4.966000
0.007496,5.000000,4.966000
0.007732,5.000000,4.966000
0.007972,5.000000,4.966000
0.008208,5.000000,4.980000
0.008448,5.000000,4.985000
0.008692,5.000000,4.985000
0.008928,5.000000,4.985000
0.009168,5.000000,4.985000
0.009404,5.000000,4.985000
0.009648,5.000000,4.985000
0.009884,5.000000,4.985000
0.010124,5.000000,4.995000
0.010360,5.000000,5.000000
0.010604,5.000000,5.000000
0.010844,5.000000,5.000000
0.011080,5.000000,5.000000
0.011320,5.000000,5.000000
0.011564,5.000000,5.000000
0.011800,5.000000,5.000000
0.012040,5.000000,5.000000
0.012276,5.000000,5.000000
0.012516,5.000000,5.000000
0.012760,5.000000,5.000000
0.012996,5.000000,5.000000
0.013236,5.000000,5.000000
0.013472,5.000000,5.000000
0.013716,5.000000,5.000000
0.013956,5.000000,5.000000
0.014192,5.000000,5.000000
0.014432,5.000000,5.000000
0.014676,5.000000,5.000000
0.014912,5.000000,5.000000
0.015152,5.000000,5.000000
0.015388,5.000000,4.995000
0.015632,5.000000,4.995000
0.015868,5.000000,5.000000
0.016108,5.000000,4.995000
0.016344,5.000000,5.000000
0.016584,5.000000,5.000000
0.016828,5.000000,5.000000
0.017064,5.000000,5.000000
0.017300,5.000000,5.000000
0.017536,5.000000,5.000000
0.017780,5.000000,5.000000
0.018016,5.000000,5.000000
0.018256,5.000000,5.000000
0.018492,5.000000,5.000000
0.018736,5.000000,5.000000
0.018972,5.000000,5.000000
0.019212,0.811000,4.526000
0.019448,0.924000,4.125000
0.019688,0.973000,3.470000
0.019928,0.327000,3.055000
0.020168,0.191000,2.620000
0.020404,0.044000,2.204000
0.020640,0.034000,1.911000
0.020884,0.034000,1.657000
0.021120,0.029000,1.413000
0.021356,0.015000,1.212000
0.021592,0.015000,1.031000
0.021836,0.015000,0.899000
0.022072,0.015000,0.762000
0.022308,0.005000,0.655000
0.022544,0.005000,0.562000
0.022780,0.005000,0.474000
0.023024,0.005000,0.406000
0.023260,0.005000,0.347000
0.023500,0.000000,0.303000
0.023736,0.000000,0.264000
0.023976,0.000000,0.225000
0.024216,0.000000,0.191000
0.024452,0.000000,0.161000
0.024688,0.000000,0.137000
0.024932,0.000000,0.117000
0.025168,0.000000,0.108000
0.025404,0.000000,0.083000
0.025640,0.000000,0.073000
0.025884,0.000000,0.068000
0.026120,0.000000,0.059000
0.026356,0.000000,0.044000
0.026592,0.000000,0.034000
0.026832,0.000000,0.034000
0.027072,0.000000,0.034000
0.027312,0.000000,0.029000
0.027548,0.000000,0.015000
0.027784,0.000000,0.015000
0.028028,0.000000,0.015000
0.028264,0.000000,0.015000
0.028500,0.000000,0.015000
0.028736,0.000000,0.005000
0.028980,0.000000,0.005000
0.029216,0.000000,0.005000
0.029452,0.000000,0.005000
0.029688,0.000000,0.005000
0.029924,0.000000,0.000000
0.030168,0.000000,0.000000
0.030404,0.000000,0.000000
0.030644,0.000000,0.000000
0.030880,0.000000,0.000000
0.031120,0.000000,0.000000
0.031360,0.000000,0.000000
0.031596,0.000000,0.000000
0.031832,0.000000,0.000000
0.032076,0.000000,0.000000
0.032312,0.000000,0.000000
0.032548,0.000000,0.000000
0.032784,0.000000,0.000000
0.033020,0.000000,0.000000
0.033264,0.000000,0.000000
0.033500,0.000000,0.000000
0.033736,0.000000,0.000000
0.033972,0.000000,0.000000
0.034212,0.000000,0.000000
0.034448,0.000000,0.000000
0.034684,0.000000,0.000000
0.034920,0.000000,0.000000
0.035164,0.000000,0.000000
0.035400,0.000000,0.000000
0.035636,0.000000,0.000000
0.035872,0.000000,0.000000
0.036112,0.000000,0.000000
0.036348,0.000000,0.000000
0.036584,0.000000,0.000000
0.036820,0.000000,0.000000
0.037056,0.000000,0.000000
0.037296,0.000000,0.000000
0.037532,0.000000,0.000000
0.037768,0.000000,0.000000
0.038004,0.000000,0.000000
