Channel 1,Channel 2,Channel 3
0.000036,4.809000,0.762000
0.000320,4.330000,1.437000
0.000608,4.604000,1.725000
0.000900,4.751000,1.911000
0.001192,4.839000,2.204000
0.001484,4.932000,2.502000
0.001772,4.971000,2.810000
0.002068,4.966000,3.089000
0.002352,4.971000,3.319000
0.002636,4.985000,3.514000
0.002924,4.985000,3.715000
0.003216,4.985000,3.871000
0.003500,4.985000,4.003000
0.003784,4.995000,4.125000
0.004072,4.995000,4.228000
0.004364,4.995000,4.340000
0.004648,4.995000,4.413000
0.004932,5.000000,4.497000
0.005224,5.000000,4.550000
0.005508,5.000000,4.609000
0.005796,5.000000,4.653000
0.006080,5.000000,4.697000
0.006372,5.000000,4.736000
0.006656,5.000000,4.765000
0.006940,5.000000,4.809000
0.007232,5.000000,4.829000
0.007520,5.000000,4.848000
0.007804,5.000000,4.863000
0.008088,5.000000,4.883000
0.008380,5.000000,4.892000
0.008664,5.000000,4.907000
0.008948,5.000000,4.927000
0.009240,5.000000,4.932000
0.009524,5.000000,4.941000
0.009808,5.000000,4.941000
0.010096,5.000000,4.956000
0.010388,5.000000,4.966000
0.010672,5.000000,4.966000
0.010956,5.000000,4.971000
0.011240,5.000000,4.971000
0.011532,5.000000,4.980000
0.011816,5.000000,4.985000
0.012100,5.000000,4.985000
0.012392,5.000000,4.985000
0.012676,5.000000,4.985000
0.012960,5.000000,4.995000
0.013248,5.000000,4.995000
0.013540,5.000000,4.995000
0.013824,5.000000,4.995000
0.014108,5.000000,4.995000
0.014400,5.000000,4.995000
0.014684,5.000000,4.995000
0.014968,5.000000,5.000000
0.015252,5.000000,4.995000
0.015544,5.000000,4.995000
0.015828,5.000000,5.000000
0.016112,5.000000,4.995000
0.016404,5.000000,5.000000
0.016688,5.000000,5.000000
0.016972,5.000000,5.000000
0.017256,5.000000,5.000000
0.017548,5.000000,4.995000
0.017832,5.000000,4.995000
0.018120,5.000000,5.000000
0.018404,5.000000,4.995000
0.018692,5.000000,5.000000
0.018980,5.000000,5.000000
0.019264,5.000000,5.000000
0.019556,5.000000,5.000000
0.019840,5.000000,5.000000
0.020124,5.000000,5.000000
0.020408,5.000000,5.000000
0.020700,5.000000,5.000000
0.020984,5.000000,5.000000
0.021268,5.000000,5.000000
0.021560,5.000000,5.000000
0.021844,5.000000,5.000000
0.022128,5.000000,5.000000
0.022412,5.000000,5.000000
0.022704,5.000000,5.000000
0.022992,0.777000,4.531000
0.023280,1.056000,4.184000
0.023572,0.396000,3.612000
0.023856,0.528000,3.265000
0.024140,0.503000,2.845000
0.024424,0.093000,2.537000
0.024716,0.034000,2.219000
0.025000,0.029000,1.945000
0.025288,0.029000,1.701000
0.025572,0.015000,1.491000
0.025864,0.015000,1.305000
0.026148,0.015000,1.129000
0.026432,0.015000,0.997000
0.026724,0.005000,0.875000
0.027008,0.005000,0.762000
0.027296,0.005000,0.660000
0.027580,0.005000,0.587000
0.027872,0.000000,0.503000
0.028156,0.000000,0.450000
0.028440,0.000000,0.391000
0.028732,0.000000,0.347000
0.029016,0.000000,0.303000
0.029300,0.000000,0.269000
0.029588,0.000000,0.235000
0.029880,0.000000,0.191000
0.030164,0.000000,0.171000
0.030448,0.000000,0.152000
0.030740,0.000000,0.137000
0.031024,0.000000,0.117000
0.031308,0.000000,0.108000
0.031596,0.000000,0.093000
0.031884,0.000000,0.078000
0.032172,0.000000,0.073000
0.032456,0.000000,0.059000
0.032740,0.000000,0.059000
0.033032,0.000000,0.044000
0.033316,0.000000,0.034000
0.033600,0.000000,0.034000
0.033892,0.000000,0.034000
0.034176,0.000000,0.029000
0.034460,0.000000,0.029000
0.034748,0.000000,0.015000
0.035036,0.000000,0.015000
0.035324,0.000000,0.015000
0.035608,0.000000,0.015000
0.035900,0.000000,0.015000
0.036184,0.000000,0.005000
0.036468,0.000000,0.005000
0.036752,0.000000,0.005000
0.037044,0.000000,0.005000
0.037328,0.000000,0.005000
0.037612,0.000000,0.005000
0.037904,0.000000,0.000000
0.038188,0.000000,0.000000
0.038472,0.000000,0.000000
0.038760,0.000000,0.000000
0.039048,0.000000,0.000000
0.039336,0.000000,0.000000
0.039620,0.000000,0.000000
0.039904,0.000000,0.000000
0.040196,0.000000,0.000000
0.040480,0.000000,0.000000
0.040764,0.000000,0.000000
0.041056,0.000000,0.000000
0.041340,0.000000,0.000000
0.041624,0.000000,0.000000
0.041912,0.000000,0.000000
0.042200,0.000000,0.000000
0.042488,0.000000,0.000000
0.042772,0.000000,0.000000
0.043064,0.000000,0.000000
0.043348,0.000000,0.000000
0.043632,0.000000,0.000000
0.043916,0.000000,0.000000
0.044208,0.000000,0.000000
0.044492,0.000000,0.000000
0.044776,0.000000,0.000000
0.045068,0.000000,0.000000
0.045352,0.000000,0.000000
0.045636,0.000000,0.000000
0.000024,4.062000,0.997000
0.000320,4.340000,1.442000
0.000616,4.848000,1.994000
0.000908,4.878000,2.649000
0.001200,4.941000,2.248000
0.001496,4.932000,2.517000
0.001788,4.941000,2.830000
0.002076,4.971000,3.089000
0.002368,4.971000,3.328000
0.002664,4.985000,3.558000
0.002952,4.985000,3.754000
0.003240,4.985000,3.891000
0.003536,4.985000,4.027000
0.003828,4.985000,4.140000
0.004116,4.995000,4.257000
0.004404,4.995000,4.355000
0.004700,4.995000,4.438000
0.004988,4.995000,4.501000
0.005276,5.000000,4.570000
0.005572,5.000000,4.614000
0.005860,5.000000,4.673000
0.006148,5.000000,4.707000
0.006436,5.000000,4.751000
0.006732,5.000000,4.775000
0.007020,5.000000,4.809000
0.007308,5.000000,4.829000
0.007604,5.000000,4.848000
0.007892,5.000000,4.878000
0.008180,5.000000,4.883000
0.008468,5.000000,4.907000
0.008760,5.000000,4.907000
0.009048,5.000000,4.927000
0.009336,5.000000,4.932000
0.009624,5.000000,4.941000
0.009916,5.000000,4.956000
0.010204,5.000000,4.956000
0.010492,5.000000,4.966000
0.010784,5.000000,4.966000
0.011072,5.000000,4.966000
0.011360,5.000000,4.971000
0.011648,5.000000,4.971000
0.011940,5.000000,4.985000
0.012228,5.000000,4.990000
0.012516,5.000000,4.985000
0.012808,5.000000,5.000000
0.013096,5.000000,4.995000
0.013384,5.000000,5.000000
0.013672,5.000000,4.995000
0.013964,5.000000,4.995000
0.014252,5.000000,4.995000
0.014540,5.000000,4.995000
0.014832,5.000000,4.995000
0.015120,5.000000,5.000000
0.015408,5.000000,4.995000
0.015696,5.000000,4.995000
0.015988,5.000000,5.000000
0.016276,5.000000,4.995000
0.016564,5.000000,5.000000
0.016856,5.000000,5.000000
0.017144,5.000000,5.000000
0.017428,5.000000,5.000000
0.017716,5.000000,4.995000
0.018008,5.000000,5.000000
0.018296,5.000000,5.000000
0.018580,5.000000,5.000000
0.018868,5.000000,5.000000
0.019152,5.000000,5.000000
0.019440,5.000000,5.000000
0.019728,5.000000,5.000000
0.020020,5.000000,5.000000
0.020304,5.000000,5.000000
0.020592,5.000000,5.000000
0.020880,5.000000,5.000000
0.021172,5.000000,5.000000
0.021456,5.000000,5.000000
0.021744,5.000000,5.000000
0.022036,5.000000,4.995000
0.022324,5.000000,5.000000
0.022608,5.000000,5.000000
0.022896,5.000000,5.000000
0.023192,1.163000,4.761000
0.023480,0.919000,4.228000
0.023764,0.655000,3.006000
0.024056,0.186000,3.201000
0.024344,0.621000,2.610000
0.024628,0.303000,2.414000
0.024916,0.117000,2.170000
0.025208,0.024000,1.935000
0.025496,0.034000,1.681000
0.025780,0.029000,1.476000
0.026072,0.015000,1.285000
0.026360,0.015000,1.129000
0.026644,0.015000,0.997000
0.026932,0.005000,0.865000
0.027224,0.005000,0.762000
0.027512,0.005000,0.660000
0.027796,0.005000,0.587000
0.028088,0.005000,0.503000
0.028376,0.000000,0.450000
0.028660,0.000000,0.386000
0.028948,0.000000,0.347000
0.029240,0.000000,0.303000
0.029528,0.000000,0.264000
0.029812,0.000000,0.235000
0.030100,0.000000,0.191000
0.030392,0.000000,0.171000
0.030676,0.000000,0.152000
0.030964,0.000000,0.137000
0.031256,0.000000,0.117000
0.031544,0.000000,0.108000
0.031828,0.000000,0.093000
0.032116,0.000000,0.073000
0.032408,0.000000,0.073000
0.032692,0.000000,0.059000
0.032980,0.000000,0.059000
0.033272,0.000000,0.044000
0.033556,0.000000,0.034000
0.033844,0.000000,0.034000
0.034128,0.000000,0.034000
0.034420,0.000000,0.029000
0.034708,0.000000,0.029000
0.034992,0.000000,0.015000
0.035284,0.000000,0.015000
0.035572,0.000000,0.015000
0.035856,0.000000,0.015000
0.036144,0.000000,0.015000
0.036436,0.000000,0.005000
0.036720,0.000000,0.005000
0.037008,0.000000,0.005000
0.037300,0.000000,0.005000
0.037584,0.000000,0.005000
0.037872,0.000000,0.005000
0.038156,0.000000,0.000000
0.038448,0.000000,0.000000
0.038736,0.000000,0.000000
0.039020,0.000000,0.000000
0.039308,0.000000,0.000000
0.039600,0.000000,0.000000
0.039884,0.000000,0.000000
0.040172,0.000000,0.000000
0.040460,0.000000,0.000000
0.040748,0.000000,0.000000
0.041032,0.000000,0.000000
0.041320,0.000000,0.000000
0.041612,0.000000,0.000000
0.041896,0.000000,0.000000
0.042184,0.000000,0.000000
0.042476,0.000000,0.000000
0.042760,0.000000,0.000000
0.043048,0.000000,0.000000
0.043332,0.000000,0.000000
0.043624,0.000000,0.000000
0.043912,0.000000,0.000000
0.044196,0.000000,0.000000
0.044488,0.000000,0.000000
0.044776,0.000000,0.000000
0.045060,0.000000,0.000000
0.045348,0.000000,0.000000
0.045640,0.000000,0.000000
0.045924,0.000000,0.000000
0.000028,4.360000,0.743000
0.000320,4.604000,1.188000
0.000620,4.203000,2.502000
0.000912,4.765000,1.911000
0.001204,4.941000,2.219000
0.001492,4.922000,2.517000
0.001788,4.941000,2.830000
0.002080,4.966000,3.109000
0.002368,4.966000,3.363000
0.002664,4.971000,3.558000
0.002952,4.985000,3.754000
0.003244,4.985000,3.895000
0.003532,4.985000,4.032000
0.003828,4.995000,4.159000
0.004116,4.995000,4.257000
0.004408,4.995000,4.360000
0.004696,4.995000,4.438000
0.004984,5.000000,4.511000
0.005272,5.000000,4.570000
0.005560,5.000000,4.619000
0.005856,5.000000,4.673000
0.006144,5.000000,4.707000
0.006432,5.000000,4.751000
0.006720,5.000000,4.765000
0.007016,5.000000,4.809000
0.007304,5.000000,4.829000
0.007592,5.000000,4.848000
0.007884,5.000000,4.868000
0.008172,5.000000,4.883000
0.008460,5.000000,4.902000
0.008748,5.000000,4.917000
0.009044,5.000000,4.927000
0.009332,5.000000,4.932000
0.009620,5.000000,4.941000
0.009912,5.000000,4.956000
0.010200,5.000000,4.966000
0.010488,5.000000,4.966000
0.010776,5.000000,4.966000
0.011072,5.000000,4.966000
0.011360,5.000000,4.971000
0.011648,5.000000,4.971000
0.011940,5.000000,4.985000
0.012228,5.000000,4.985000
0.012516,5.000000,4.985000
0.012804,5.000000,4.985000
0.013100,5.000000,4.985000
0.013388,5.000000,4.995000
0.013676,5.000000,4.985000
0.013968,5.000000,4.995000
0.014256,5.000000,4.995000
0.014544,5.000000,4.995000
0.014832,5.000000,4.995000
0.015124,5.000000,4.995000
0.015412,5.000000,5.000000
0.015700,5.000000,4.995000
0.015996,5.000000,5.000000
0.016284,5.000000,5.000000
0.016572,5.000000,5.000000
0.016860,5.000000,5.000000
0.017152,5.000000,5.000000
0.017440,5.000000,5.000000
0.017724,5.000000,4.995000
0.018016,5.000000,5.000000
0.018304,5.000000,5.000000
0.018592,5.000000,5.000000
0.018880,5.000000,5.000000
0.019172,5.000000,5.000000
0.019460,5.000000,5.000000
0.019744,5.000000,5.000000
0.020032,5.000000,5.000000
0.020324,5.000000,5.000000
0.020612,5.000000,5.000000
0.020900,5.000000,5.000000
0.021192,5.000000,5.000000
0.021480,5.000000,5.000000
0.021764,5.000000,5.000000
0.022052,5.000000,5.000000
0.022344,5.000000,5.000000
0.022632,5.000000,5.000000
0.022920,5.000000,5.000000
0.023216,1.422000,4.531000
0.023504,0.919000,4.223000
0.023788,1.022000,3.612000
0.024076,0.406000,2.742000
0.024368,0.171000,2.884000
0.024656,0.122000,2.517000
0.024944,0.034000,2.155000
0.025236,0.029000,1.935000
0.025524,0.029000,1.686000
0.025808,0.015000,1.466000
0.026096,0.015000,1.285000
0.026388,0.015000,1.129000
0.026676,0.015000,0.982000
0.026964,0.005000,0.860000
0.027256,0.005000,0.762000
0.027544,0.005000,0.660000
0.027828,0.005000,0.587000
0.028116,0.000000,0.503000
0.028408,0.000000,0.450000
0.028696,0.000000,0.386000
0.028980,0.000000,0.342000
0.029272,0.000000,0.293000
0.029560,0.000000,0.264000
0.029844,0.000000,0.230000
0.030132,0.000000,0.191000
0.030424,0.000000,0.171000
0.030712,0.000000,0.152000
0.031000,0.000000,0.137000
0.031284,0.000000,0.117000
0.031580,0.000000,0.098000
0.031864,0.000000,0.083000
0.032152,0.000000,0.073000
0.032444,0.000000,0.073000
0.032732,0.000000,0.059000
0.033020,0.000000,0.054000
0.033304,0.000000,0.044000
0.033596,0.000000,0.034000
0.033880,0.000000,0.034000
0.034168,0.000000,0.034000
0.034460,0.000000,0.029000
0.034744,0.000000,0.015000
0.035032,0.000000,0.015000
0.035320,0.000000,0.015000
0.035612,0.000000,0.015000
0.035896,0.000000,0.015000
0.036184,0.000000,0.015000
0.036476,0.000000,0.005000
0.036760,0.000000,0.005000
0.037048,0.000000,0.005000
0.037332,0.000000,0.005000
0.037624,0.000000,0.005000
0.037912,0.000000,0.005000
0.038196,0.000000,0.000000
0.038488,0.000000,0.000000
0.038772,0.000000,0.000000
0.039060,0.000000,0.000000
0.039344,0.000000,0.000000
0.039636,0.000000,0.000000
0.039924,0.000000,0.000000
0.040208,0.000000,0.000000
0.040496,0.000000,0.000000
0.040788,0.000000,0.000000
0.041072,0.000000,0.000000
0.041360,0.000000,0.000000
0.041652,0.000000,0.000000
0.041936,0.000000,0.000000
0.042224,0.000000,0.000000
0.042508,0.000000,0.000000
0.042800,0.000000,0.000000
0.043088,0.000000,0.000000
0.043372,0.000000,0.000000
0.043664,0.000000,0.000000
0.043952,0.000000,0.000000
0.044236,0.000000,0.000000
0.044524,0.000000,0.000000
0.044816,0.000000,0.000000
0.045104,0.000000,0.000000
0.045388,0.000000,0.000000
0.045680,0.000000,0.000000
0.045968,0.000000,0.000000
