Channel 1,Channel 2,Channel 3
0.000036,4.800000,0.748000
0.000368,4.306000,1.403000
0.000708,4.570000,1.701000
0.001052,4.629000,2.014000
0.001392,4.853000,2.126000
0.001732,4.956000,2.463000
0.002076,4.941000,2.752000
0.002412,4.966000,3.006000
0.002748,4.966000,3.250000
0.003088,4.966000,3.475000
0.003424,4.980000,3.656000
0.003760,4.985000,3.812000
0.004100,4.985000,3.954000
0.004436,4.985000,4.081000
0.004768,4.985000,4.189000
0.005104,4.985000,4.291000
0.005444,4.995000,4.379000
0.005780,4.995000,4.453000
0.006116,4.995000,4.516000
0.006456,5.000000,4.570000
0.006792,5.000000,4.629000
0.007128,5.000000,4.673000
0.007468,5.000000,4.707000
0.007804,4.995000,4.751000
0.008140,5.000000,4.770000
0.008480,5.000000,4.809000
0.008816,5.000000,4.829000
0.009152,5.000000,4.848000
0.009492,5.000000,4.863000
0.009828,5.000000,4.883000
0.010160,5.000000,4.892000
0.010504,5.000000,4.917000
0.010836,5.000000,4.922000
0.011172,5.000000,4.932000
0.011512,5.000000,4.932000
0.011848,5.000000,4.941000
0.012180,5.000000,4.956000
0.012524,5.000000,4.966000
0.012856,5.000000,4.966000
0.013192,5.000000,4.966000
0.013532,5.000000,4.966000
0.013868,5.000000,4.971000
0.014200,5.000000,4.971000
0.014544,5.000000,4.985000
0.014876,5.000000,4.985000
0.015212,5.000000,4.985000
0.015552,5.000000,4.985000
0.015888,5.000000,4.985000
0.016220,5.000000,4.985000
0.016564,5.000000,4.995000
0.016896,5.000000,5.000000
0.017232,5.000000,5.000000
0.017572,5.000000,4.995000
0.017908,5.000000,4.995000
0.018240,5.000000,4.995000
0.018584,5.000000,5.000000
0.018916,5.000000,5.000000
0.019252,5.000000,5.000000
0.019592,5.000000,5.000000
0.019928,5.000000,5.000000
0.020264,5.000000,5.000000
0.020604,5.000000,5.000000
0.020940,5.000000,5.000000
0.021272,5.000000,5.000000
0.021616,5.000000,5.000000
0.021948,5.000000,4.995000
0.022284,5.000000,5.000000
0.022624,5.000000,5.000000
0.022960,5.000000,5.000000
0.023296,5.000000,5.000000
0.023636,5.000000,5.000000
0.023972,5.000000,5.000000
0.024304,5.000000,5.000000
0.024644,5.000000,5.000000
0.024980,5.000000,5.000000
0.025316,5.000000,5.000000
0.025656,5.000000,5.000000
0.025992,5.000000,5.000000
0.026324,5.000000,5.000000
0.026668,5.000000,5.000000
0.027004,0.797000,4.531000
0.027340,1.061000,4.203000
0.027684,0.430000,3.641000
0.028016,0.562000,3.314000
0.028352,0.562000,2.889000
0.028692,0.152000,2.576000
0.029028,0.054000,2.283000
0.029364,0.059000,1.999000
0.029700,0.034000,1.750000
0.030036,0.029000,1.554000
0.030368,0.029000,1.369000
0.030704,0.015000,1.207000
0.031044,0.015000,1.056000
0.031380,0.015000,0.929000
0.031716,0.015000,0.816000
0.032056,0.005000,0.709000
0.032392,0.005000,0.621000
0.032728,0.005000,0.552000
0.033068,0.005000,0.484000
0.033404,0.005000,0.430000
0.033736,0.000000,0.381000
0.034076,0.000000,0.327000
0.034412,0.000000,0.293000
0.034748,0.000000,0.249000
0.035088,0.000000,0.225000
0.035424,0.000000,0.191000
0.035756,0.000000,0.171000
0.036096,0.000000,0.152000
0.036432,0.000000,0.137000
0.036768,0.000000,0.117000
0.037108,0.000000,0.108000
0.037444,0.000000,0.093000
0.037776,0.000000,0.073000
0.038116,0.000000,0.073000
0.038452,0.000000,0.059000
0.038788,0.000000,0.059000
0.039128,0.000000,0.044000
0.039464,0.000000,0.034000
0.039796,0.000000,0.034000
0.040136,0.000000,0.034000
0.040472,0.000000,0.029000
0.040808,0.000000,0.029000
0.041148,0.000000,0.015000
0.041484,0.000000,0.015000
0.041816,0.000000,0.015000
0.042156,0.000000,0.015000
0.042492,0.000000,0.015000
0.042828,0.000000,0.005000
0.043168,0.000000,0.005000
0.043504,0.000000,0.005000
0.043836,0.000000,0.005000
0.044176,0.000000,0.005000
0.044512,0.000000,0.005000
0.044848,0.000000,0.000000
0.045188,0.000000,0.000000
0.045524,0.000000,0.000000
0.045856,0.000000,0.000000
0.046196,0.000000,0.000000
0.046532,0.000000,0.000000
0.046868,0.000000,0.000000
0.047208,0.000000,0.000000
0.047544,0.000000,0.000000
0.047876,0.000000,0.000000
0.048216,0.000000,0.000000
0.048552,0.000000,0.000000
0.048888,0.000000,0.000000
0.049228,0.000000,0.000000
0.049564,0.000000,0.000000
0.049896,0.000000,0.000000
0.050236,0.000000,0.000000
0.050572,0.000000,0.000000
0.050908,0.000000,0.000000
0.051248,0.000000,0.000000
0.051584,0.000000,0.000000
0.051916,0.000000,0.000000
0.052256,0.000000,0.000000
0.052592,0.000000,0.000000
0.052928,0.000000,0.000000
0.053268,0.000000,0.000000
0.053604,0.000000,0.000000
0.000028,4.062000,0.992000
0.000372,4.306000,1.403000
0.000720,4.839000,1.950000
0.001060,4.853000,2.639000
0.001400,4.917000,2.674000
0.001748,4.932000,2.439000
0.002088,4.941000,2.752000
0.002428,4.966000,3.025000
0.002772,4.966000,3.299000
0.003112,4.971000,3.475000
0.003452,4.971000,3.666000
0.003796,4.985000,3.827000
0.004136,4.985000,3.969000
0.004472,4.985000,4.101000
0.004816,4.985000,4.203000
0.005156,4.995000,4.301000
0.005496,4.995000,4.384000
0.005840,4.995000,4.472000
0.006180,4.995000,4.531000
0.006516,4.995000,4.604000
0.006860,5.000000,4.653000
0.007200,5.000000,4.692000
0.007540,5.000000,4.721000
0.007884,5.000000,4.751000
0.008224,5.000000,4.785000
0.008560,5.000000,4.809000
0.008904,5.000000,4.829000
0.009240,5.000000,4.848000
0.009580,5.000000,4.863000
0.009920,5.000000,4.883000
0.010260,5.000000,4.892000
0.010596,5.000000,4.917000
0.010940,5.000000,4.927000
0.011276,5.000000,4.927000
0.011616,5.000000,4.941000
0.011960,5.000000,4.941000
0.012296,5.000000,4.966000
0.012632,5.000000,4.966000
0.012976,5.000000,4.966000
0.013312,5.000000,4.966000
0.013652,5.000000,4.971000
0.013996,5.000000,4.971000
0.014332,5.000000,4.980000
0.014668,5.000000,4.985000
0.015012,5.000000,4.985000
0.015352,5.000000,4.995000
0.015688,5.000000,4.985000
0.016032,5.000000,4.995000
0.016368,5.000000,4.995000
0.016708,5.000000,4.995000
0.017048,5.000000,4.995000
0.017384,5.000000,5.000000
0.017720,5.000000,5.000000
0.018064,5.000000,5.000000
0.018400,5.000000,5.000000
0.018736,5.000000,5.000000
0.019080,5.000000,4.995000
0.019416,5.000000,4.995000
0.019752,5.000000,5.000000
0.020092,5.000000,5.000000
0.020428,5.000000,5.000000
0.020764,5.000000,4.995000
0.021104,5.000000,5.000000
0.021440,5.000000,5.000000
0.021776,5.000000,5.000000
0.022120,5.000000,5.000000
0.022456,5.000000,5.000000
0.022792,5.000000,5.000000
0.023128,5.000000,5.000000
0.023468,5.000000,5.000000
0.023804,5.000000,5.000000
0.024140,5.000000,5.000000
0.024484,5.000000,5.000000
0.024820,5.000000,5.000000
0.025156,5.000000,5.000000
0.025496,5.000000,5.000000
0.025836,5.000000,5.000000
0.026172,5.000000,5.000000
0.026512,5.000000,5.000000
0.026848,5.000000,5.000000
0.027188,1.056000,4.844000
0.027532,0.938000,4.238000
0.027868,0.660000,3.030000
0.028204,1.056000,2.766000
0.028548,0.083000,2.898000
0.028884,0.347000,2.454000
0.029220,0.137000,2.219000
0.029564,0.034000,1.994000
0.029900,0.034000,1.735000
0.030236,0.034000,1.530000
0.030576,0.015000,1.349000
0.030912,0.015000,1.178000
0.031248,0.015000,1.046000
0.031592,0.015000,0.919000
0.031928,0.015000,0.797000
0.032264,0.005000,0.699000
0.032608,0.005000,0.621000
0.032944,0.005000,0.547000
0.033280,0.005000,0.474000
0.033620,0.005000,0.430000
0.033956,0.005000,0.371000
0.034292,0.000000,0.327000
0.034636,0.000000,0.288000
0.034972,0.000000,0.249000
0.035308,0.000000,0.225000
0.035648,0.000000,0.191000
0.035984,0.000000,0.171000
0.036320,0.000000,0.152000
0.036664,0.000000,0.137000
0.037000,0.000000,0.117000
0.037336,0.000000,0.108000
0.037676,0.000000,0.083000
0.038012,0.000000,0.073000
0.038348,0.000000,0.068000
0.038692,0.000000,0.059000
0.039028,0.000000,0.059000
0.039364,0.000000,0.044000
0.039704,0.000000,0.034000
0.040040,0.000000,0.034000
0.040376,0.000000,0.034000
0.040716,0.000000,0.029000
0.041052,0.000000,0.029000
0.041388,0.000000,0.015000
0.041732,0.000000,0.015000
0.042068,0.000000,0.015000
0.042404,0.000000,0.015000
0.042744,0.000000,0.015000
0.043080,0.000000,0.015000
0.043416,0.000000,0.005000
0.043760,0.000000,0.005000
0.044096,0.000000,0.005000
0.044432,0.000000,0.005000
0.044772,0.000000,0.005000
0.045108,0.000000,0.005000
0.045444,0.000000,0.000000
0.045788,0.000000,0.000000
0.046124,0.000000,0.000000
0.046460,0.000000,0.000000
0.046800,0.000000,0.000000
0.047136,0.000000,0.000000
0.047472,0.000000,0.000000
0.047816,0.000000,0.000000
0.048152,0.000000,0.000000
0.048488,0.000000,0.000000
0.048828,0.000000,0.000000
0.049164,0.000000,0.000000
0.049500,0.000000,0.000000
0.049840,0.000000,0.000000
0.050176,0.000000,0.000000
0.050512,0.000000,0.000000
0.050856,0.000000,0.000000
0.051192,0.000000,0.000000
0.051528,0.000000,0.000000
0.051868,0.000000,0.000000
0.052204,0.000000,0.000000
0.052540,0.000000,0.000000
0.052884,0.000000,0.000000
0.053220,0.000000,0.000000
0.053556,0.000000,0.000000
0.053896,0.000000,0.000000
0.000028,4.707000,0.997000
0.000372,4.829000,1.422000
0.000712,4.692000,1.579000
0.001060,4.907000,2.014000
0.001400,4.814000,2.170000
0.001744,4.907000,2.463000
0.002088,4.927000,2.776000
0.002428,4.941000,3.079000
0.002768,4.966000,3.265000
0.003112,4.980000,3.475000
0.003452,4.980000,3.671000
0.003792,4.985000,3.827000
0.004136,4.985000,3.978000
0.004476,4.985000,4.101000
0.004812,4.985000,4.213000
0.005156,4.995000,4.301000
0.005496,4.995000,4.394000
0.005832,4.995000,4.453000
0.006180,4.995000,4.531000
0.006516,4.995000,4.594000
0.006856,4.995000,4.629000
0.007200,5.000000,4.692000
0.007536,5.000000,4.726000
0.007876,5.000000,4.761000
0.008220,5.000000,4.785000
0.008560,5.000000,4.809000
0.008896,5.000000,4.839000
0.009240,5.000000,4.853000
0.009580,5.000000,4.883000
0.009916,5.000000,4.888000
0.010260,5.000000,4.907000
0.010600,5.000000,4.917000
0.010936,5.000000,4.927000
0.011280,5.000000,4.932000
0.011620,5.000000,4.941000
0.011956,5.000000,4.956000
0.012300,5.000000,4.966000
0.012636,5.000000,4.966000
0.012976,5.000000,4.966000
0.013320,5.000000,4.966000
0.013656,5.000000,4.971000
0.013996,5.000000,4.971000
0.014340,5.000000,4.985000
0.014676,5.000000,4.985000
0.015016,5.000000,4.985000
0.015360,5.000000,4.985000
0.015696,5.000000,4.985000
0.016036,5.000000,4.985000
0.016380,5.000000,4.985000
0.016716,5.000000,4.990000
0.017052,5.000000,4.995000
0.017396,5.000000,4.995000
0.017736,5.000000,5.000000
0.018072,5.000000,5.000000
0.018412,5.000000,4.990000
0.018752,5.000000,4.995000
0.019088,5.000000,4.995000
0.019428,5.000000,4.995000
0.019768,5.000000,4.995000
0.020104,5.000000,5.000000
0.020444,5.000000,5.000000
0.020784,5.000000,5.000000
0.021120,5.000000,4.995000
0.021460,5.000000,5.000000
0.021800,5.000000,5.000000
0.022136,5.000000,5.000000
0.022476,5.000000,5.000000
0.022816,5.000000,5.000000
0.023152,5.000000,5.000000
0.023492,5.000000,5.000000
0.023832,5.000000,5.000000
0.024168,5.000000,5.000000
0.024508,5.000000,5.000000
0.024848,5.000000,5.000000
0.025184,5.000000,5.000000
0.025524,5.000000,5.000000
0.025860,5.000000,5.000000
0.026196,5.000000,5.000000
0.026540,5.000000,5.000000
0.026876,5.000000,5.000000
0.027216,1.310000,4.673000
0.027552,0.816000,3.456000
0.027896,0.797000,3.754000
0.028232,0.797000,3.245000
0.028568,0.147000,2.639000
0.028912,0.083000,2.576000
0.029248,0.073000,2.263000
0.029584,0.034000,1.960000
0.029928,0.034000,1.755000
0.030264,0.029000,1.544000
0.030600,0.015000,1.344000
0.030944,0.015000,1.188000
0.031280,0.015000,1.046000
0.031616,0.015000,0.919000
0.031960,0.005000,0.797000
0.032296,0.005000,0.699000
0.032632,0.005000,0.621000
0.032976,0.005000,0.547000
0.033312,0.005000,0.484000
0.033648,0.005000,0.430000
0.033992,0.000000,0.371000
0.034328,0.000000,0.327000
0.034664,0.000000,0.293000
0.035004,0.000000,0.249000
0.035340,0.000000,0.225000
0.035676,0.000000,0.191000
0.036020,0.000000,0.171000
0.036356,0.000000,0.152000
0.036692,0.000000,0.137000
0.037032,0.000000,0.117000
0.037368,0.000000,0.108000
0.037704,0.000000,0.093000
0.038048,0.000000,0.073000
0.038384,0.000000,0.073000
0.038720,0.000000,0.059000
0.039060,0.000000,0.059000
0.039396,0.000000,0.044000
0.039732,0.000000,0.034000
0.040076,0.000000,0.034000
0.040412,0.000000,0.034000
0.040748,0.000000,0.029000
0.041088,0.000000,0.029000
0.041424,0.000000,0.015000
0.041760,0.000000,0.015000
0.042104,0.000000,0.015000
0.042440,0.000000,0.015000
0.042776,0.000000,0.015000
0.043116,0.000000,0.005000
0.043452,0.000000,0.005000
0.043788,0.000000,0.005000
0.044132,0.000000,0.005000
0.044468,0.000000,0.005000
0.044804,0.000000,0.005000
0.045144,0.000000,0.000000
0.045480,0.000000,0.000000
0.045816,0.000000,0.000000
0.046160,0.000000,0.000000
0.046496,0.000000,0.000000
0.046832,0.000000,0.000000
0.047172,0.000000,0.000000
0.047508,0.000000,0.000000
0.047844,0.000000,0.000000
0.048188,0.000000,0.000000
0.048524,0.000000,0.000000
0.048860,0.000000,0.000000
0.049200,0.000000,0.000000
0.049536,0.000000,0.000000
0.049872,0.000000,0.000000
0.050216,0.000000,0.000000
0.050552,0.000000,0.000000
0.050888,0.000000,0.000000
0.051228,0.000000,0.000000
0.051564,0.000000,0.000000
0.051900,0.000000,0.000000
0.052244,0.000000,0.000000
0.052580,0.000000,0.000000
0.052916,0.000000,0.000000
0.053256,0.000000,0.000000
0.053592,0.000000,0.000000
0.053928,0.000000,0.000000
