Channel 1,Channel 2,Channel 3
0.000036,4.814000,0.743000
0.000420,4.316000,1.373000
0.000808,4.570000,1.657000
0.001204,4.594000,2.014000
0.001592,4.848000,2.038000
0.001984,4.966000,2.346000
0.002376,4.932000,2.620000
0.002764,4.966000,2.889000
0.003156,4.966000,3.123000
0.003540,4.971000,3.328000
0.003924,4.980000,3.514000
0.004316,4.985000,3.690000
0.004700,4.985000,3.837000
0.005088,4.995000,3.969000
0.005476,4.995000,4.081000
0.005864,4.995000,4.184000
0.006256,4.995000,4.282000
0.006640,4.995000,4.379000
0.007024,4.995000,4.438000
0.007416,5.000000,4.497000
0.007804,4.995000,4.550000
0.008192,5.000000,4.609000
0.008580,5.000000,4.653000
0.008964,5.000000,4.692000
0.009356,5.000000,4.726000
0.009740,5.000000,4.751000
0.010124,5.000000,4.775000
0.010516,5.000000,4.809000
0.010900,5.000000,4.829000
0.011292,5.000000,4.848000
0.011676,5.000000,4.863000
0.012060,5.000000,4.883000
0.012452,5.000000,4.892000
0.012836,5.000000,4.907000
0.013220,5.000000,4.922000
0.013612,5.000000,4.927000
0.013996,5.000000,4.932000
0.014388,5.000000,4.941000
0.014772,5.000000,4.941000
0.015156,5.000000,4.956000
0.015548,5.000000,4.966000
0.015932,5.000000,4.966000
0.016316,5.000000,4.966000
0.016708,5.000000,4.971000
0.017092,5.000000,4.971000
0.017484,5.000000,4.980000
0.017868,5.000000,4.971000
0.018252,5.000000,4.985000
0.018644,5.000000,4.985000
0.019028,5.000000,4.985000
0.019412,5.000000,4.985000
0.019804,5.000000,4.985000
0.020188,5.000000,4.985000
0.020580,5.000000,4.995000
0.020964,5.000000,4.990000
0.021348,5.000000,4.995000
0.021740,5.000000,5.000000
0.022124,5.000000,4.995000
0.022508,5.000000,4.995000
0.022900,5.000000,5.000000
0.023284,5.000000,5.000000
0.023676,5.000000,5.000000
0.024060,5.000000,5.000000
0.024448,5.000000,5.000000
0.024836,5.000000,5.000000
0.025224,5.000000,5.000000
0.025612,5.000000,5.000000
0.026000,5.000000,5.000000
0.026384,5.000000,5.000000
0.026772,5.000000,5.000000
0.027160,5.000000,5.000000
0.027544,5.000000,5.000000
0.027936,5.000000,4.995000
0.028320,5.000000,5.000000
0.028712,5.000000,5.000000
0.029096,5.000000,4.995000
0.029480,5.000000,5.000000
0.029872,5.000000,4.995000
0.030256,5.000000,5.000000
0.030640,5.000000,5.000000
0.031036,1.559000,3.978000
0.031420,0.938000,4.301000
0.031808,1.325000,3.089000
0.032196,0.621000,3.402000
0.032580,0.660000,2.977000
0.032972,0.235000,2.693000
0.033356,0.034000,2.400000
0.033740,0.034000,2.092000
0.034132,0.020000,1.877000
0.034516,0.015000,1.681000
0.034908,0.015000,1.491000
0.035292,0.015000,1.325000
0.035676,0.015000,1.173000
0.036068,0.005000,1.031000
0.036452,0.005000,0.929000
0.036836,0.005000,0.816000
0.037228,0.005000,0.718000
0.037612,0.005000,0.640000
0.038004,0.005000,0.577000
0.038388,0.000000,0.503000
0.038772,0.000000,0.450000
0.039164,0.000000,0.396000
0.039548,0.000000,0.347000
0.039940,0.000000,0.308000
0.040324,0.000000,0.274000
0.040708,0.000000,0.249000
0.041100,0.000000,0.215000
0.041484,0.000000,0.191000
0.041868,0.000000,0.171000
0.042260,0.000000,0.152000
0.042644,0.000000,0.137000
0.043036,0.000000,0.117000
0.043420,0.000000,0.108000
0.043808,0.000000,0.093000
0.044196,0.000000,0.078000
0.044580,0.000000,0.073000
0.044968,0.000000,0.068000
0.045356,0.000000,0.059000
0.045740,0.000000,0.054000
0.046132,0.000000,0.044000
0.046520,0.000000,0.034000
0.046904,0.000000,0.034000
0.047292,0.000000,0.034000
0.047680,0.000000,0.034000
0.048064,0.000000,0.029000
0.048452,0.000000,0.020000
0.048840,0.000000,0.015000
0.049228,0.000000,0.015000
0.049616,0.000000,0.015000
0.050000,0.000000,0.015000
0.050388,0.000000,0.015000
0.050776,0.000000,0.005000
0.051160,0.000000,0.005000
0.051548,0.000000,0.005000
0.051936,0.000000,0.005000
0.052324,0.000000,0.005000
0.052712,0.000000,0.005000
0.053096,0.000000,0.000000
0.053488,0.000000,0.000000
0.053872,0.000000,0.000000
0.054256,0.000000,0.000000
0.054648,0.000000,0.000000
0.055032,0.000000,0.000000
0.055424,0.000000,0.000000
0.055808,0.000000,0.000000
0.056192,0.000000,0.000000
0.056584,0.000000,0.000000
0.056968,0.000000,0.000000
0.057360,0.000000,0.000000
0.057744,0.000000,0.000000
0.058128,0.000000,0.000000
0.058520,0.000000,0.000000
0.058904,0.000000,0.000000
0.059288,0.000000,0.000000
0.059680,0.000000,0.000000
0.060064,0.000000,0.000000
0.060456,0.000000,0.000000
0.060840,0.000000,0.000000
0.061224,0.000000,0.000000
0.061616,0.000000,0.000000
0.000028,4.223000,0.865000
0.000420,4.453000,1.246000
0.000820,4.438000,1.789000
0.001212,4.883000,2.126000
0.001600,4.883000,2.014000
0.001996,4.848000,2.380000
0.002388,4.966000,2.620000
0.002776,4.941000,2.889000
0.003172,4.966000,3.123000
0.003564,4.971000,3.343000
0.003956,4.971000,3.548000
0.004348,4.985000,3.695000
0.004736,4.985000,3.847000
0.005128,4.985000,3.978000
0.005520,4.995000,4.101000
0.005912,4.995000,4.203000
0.006300,4.995000,4.291000
0.006692,4.995000,4.379000
0.007084,5.000000,4.443000
0.007472,5.000000,4.511000
0.007864,5.000000,4.570000
0.008256,5.000000,4.614000
0.008644,5.000000,4.653000
0.009036,4.995000,4.692000
0.009424,5.000000,4.726000
0.009812,5.000000,4.761000
0.010208,5.000000,4.800000
0.010592,5.000000,4.809000
0.010984,5.000000,4.839000
0.011368,5.000000,4.848000
0.011756,5.000000,4.863000
0.012152,5.000000,4.883000
0.012536,5.000000,4.892000
0.012924,5.000000,4.907000
0.013320,5.000000,4.927000
0.013704,5.000000,4.932000
0.014100,5.000000,4.941000
0.014488,5.000000,4.956000
0.014876,5.000000,4.966000
0.015268,5.000000,4.966000
0.015656,5.000000,4.966000
0.016044,5.000000,4.966000
0.016436,5.000000,4.966000
0.016820,5.000000,4.966000
0.017212,5.000000,4.971000
0.017600,5.000000,4.971000
0.017988,5.000000,4.985000
0.018380,5.000000,4.985000
0.018764,5.000000,4.985000
0.019152,5.000000,4.985000
0.019544,5.000000,4.985000
0.019928,5.000000,4.985000
0.020324,5.000000,4.995000
0.020708,5.000000,4.995000
0.021096,5.000000,4.995000
0.021488,5.000000,4.995000
0.021876,5.000000,4.995000
0.022268,5.000000,4.995000
0.022652,5.000000,5.000000
0.023040,5.000000,4.995000
0.023432,5.000000,5.000000
0.023816,5.000000,5.000000
0.024204,5.000000,5.000000
0.024596,5.000000,5.000000
0.024980,5.000000,5.000000
0.025376,5.000000,5.000000
0.025760,5.000000,5.000000
0.026148,5.000000,5.000000
0.026540,5.000000,5.000000
0.026924,5.000000,5.000000
0.027312,5.000000,5.000000
0.027704,5.000000,5.000000
0.028092,5.000000,5.000000
0.028484,5.000000,5.000000
0.028868,5.000000,5.000000
0.029256,5.000000,5.000000
0.029648,5.000000,5.000000
0.030036,5.000000,5.000000
0.030420,5.000000,5.000000
0.030812,5.000000,5.000000
0.031204,0.899000,3.988000
0.031596,0.562000,4.140000
0.031980,1.325000,3.089000
0.032368,1.129000,2.805000
0.032760,0.093000,3.006000
0.033148,0.450000,2.517000
0.033540,0.034000,2.380000
0.033924,0.029000,2.126000
0.034312,0.015000,1.891000
0.034700,0.015000,1.657000
0.035088,0.015000,1.486000
0.035472,0.015000,1.320000
0.035864,0.005000,1.173000
0.036252,0.005000,1.031000
0.036644,0.005000,0.919000
0.037028,0.005000,0.816000
0.037416,0.005000,0.718000
0.037808,0.005000,0.640000
0.038192,0.000000,0.562000
0.038580,0.000000,0.503000
0.038972,0.000000,0.450000
0.039356,0.000000,0.391000
0.039748,0.000000,0.347000
0.040136,0.000000,0.308000
0.040520,0.000000,0.274000
0.040912,0.000000,0.239000
0.041300,0.000000,0.215000
0.041684,0.000000,0.191000
0.042076,0.000000,0.171000
0.042464,0.000000,0.152000
0.042852,0.000000,0.137000
0.043240,0.000000,0.117000
0.043624,0.000000,0.108000
0.044016,0.000000,0.093000
0.044404,0.000000,0.078000
0.044796,0.000000,0.073000
0.045180,0.000000,0.068000
0.045568,0.000000,0.059000
0.045960,0.000000,0.054000
0.046344,0.000000,0.034000
0.046732,0.000000,0.034000
0.047124,0.000000,0.034000
0.047508,0.000000,0.034000
0.047900,0.000000,0.029000
0.048288,0.000000,0.029000
0.048672,0.000000,0.015000
0.049064,0.000000,0.015000
0.049452,0.000000,0.015000
0.049836,0.000000,0.015000
0.050228,0.000000,0.015000
0.050616,0.000000,0.015000
0.051004,0.000000,0.005000
0.051392,0.000000,0.005000
0.051776,0.000000,0.005000
0.052168,0.000000,0.005000
0.052556,0.000000,0.005000
0.052940,0.000000,0.005000
0.053332,0.000000,0.000000
0.053720,0.000000,0.000000
0.054112,0.000000,0.000000
0.054496,0.000000,0.000000
0.054884,0.000000,0.000000
0.055276,0.000000,0.000000
0.055660,0.000000,0.000000
0.056048,0.000000,0.000000
0.056432,0.000000,0.000000
0.056820,0.000000,0.000000
0.057212,0.000000,0.000000
0.057596,0.000000,0.000000
0.057984,0.000000,0.000000
0.058376,0.000000,0.000000
0.058760,0.000000,0.000000
0.059152,0.000000,0.000000
0.059540,0.000000,0.000000
0.059924,0.000000,0.000000
0.060316,0.000000,0.000000
0.060704,0.000000,0.000000
0.061088,0.000000,0.000000
0.061480,0.000000,0.000000
0.061868,0.000000,0.000000
0.000028,4.497000,0.621000
0.000428,4.594000,1.139000
0.000820,4.301000,1.911000
0.001212,4.594000,2.014000
0.001608,4.692000,2.190000
0.002000,4.848000,2.380000
0.002396,4.883000,2.776000
0.002784,4.946000,2.898000
0.003176,4.956000,3.162000
0.003568,4.966000,3.363000
0.003960,4.985000,3.534000
0.004356,4.985000,3.705000
0.004744,4.985000,3.847000
0.005132,4.985000,3.988000
0.005528,4.995000,4.101000
0.005916,4.995000,4.203000
0.006304,4.995000,4.291000
0.006696,4.995000,4.379000
0.007084,4.995000,4.448000
0.007480,5.000000,4.511000
0.007868,4.995000,4.570000
0.008256,5.000000,4.619000
0.008652,5.000000,4.673000
0.009040,5.000000,4.707000
0.009428,5.000000,4.731000
0.009816,5.000000,4.765000
0.010204,5.000000,4.785000
0.010596,5.000000,4.809000
0.010984,5.000000,4.829000
0.011372,5.000000,4.848000
0.011768,5.000000,4.863000
0.012156,5.000000,4.883000
0.012548,5.000000,4.892000
0.012936,5.000000,4.907000
0.013324,5.000000,4.922000
0.013716,5.000000,4.927000
0.014104,5.000000,4.932000
0.014492,5.000000,4.941000
0.014888,5.000000,4.956000
0.015276,5.000000,4.956000
0.015668,5.000000,4.966000
0.016056,5.000000,4.966000
0.016444,5.000000,4.980000
0.016836,5.000000,4.985000
0.017224,5.000000,4.980000
0.017616,5.000000,4.985000
0.018004,5.000000,4.985000
0.018392,5.000000,4.985000
0.018784,5.000000,4.985000
0.019172,5.000000,4.985000
0.019556,5.000000,4.985000
0.019952,5.000000,4.985000
0.020336,5.000000,4.995000
0.020732,5.000000,4.995000
0.021116,5.000000,4.995000
0.021504,5.000000,4.995000
0.021896,5.000000,4.995000
0.022284,5.000000,5.000000
0.022672,5.000000,4.995000
0.023064,5.000000,4.995000
0.023448,5.000000,5.000000
0.023844,5.000000,5.000000
0.024232,5.000000,5.000000
0.024616,5.000000,5.000000
0.025008,5.000000,5.000000
0.025396,5.000000,5.000000
0.025784,5.000000,5.000000
0.026176,5.000000,5.000000
0.026564,5.000000,5.000000
0.026956,5.000000,5.000000
0.027344,5.000000,5.000000
0.027728,5.000000,4.995000
0.028120,5.000000,4.995000
0.028508,5.000000,4.995000
0.028900,5.000000,4.995000
0.029288,5.000000,4.995000
0.029676,5.000000,4.995000
0.030068,5.000000,4.995000
0.030456,5.000000,5.000000
0.030840,5.000000,5.000000
0.031240,1.437000,4.531000
0.031624,0.938000,4.301000
0.032020,1.188000,3.602000
0.032404,0.621000,3.402000
0.032792,0.543000,3.006000
0.033184,0.147000,2.693000
0.033568,0.191000,2.322000
0.033956,0.034000,2.141000
0.034348,0.044000,1.877000
0.034732,0.015000,1.681000
0.035124,0.029000,1.476000
0.035512,0.015000,1.320000
0.035896,0.015000,1.173000
0.036288,0.015000,1.031000
0.036676,0.005000,0.919000
0.037060,0.005000,0.816000
0.037452,0.005000,0.718000
0.037840,0.005000,0.640000
0.038232,0.005000,0.562000
0.038616,0.000000,0.503000
0.039004,0.005000,0.450000
0.039396,0.000000,0.396000
0.039780,0.000000,0.347000
0.040172,0.000000,0.308000
0.040556,0.000000,0.274000
0.040944,0.000000,0.239000
0.041336,0.000000,0.215000
0.041720,0.000000,0.191000
0.042108,0.000000,0.171000
0.042500,0.000000,0.152000
0.042884,0.000000,0.137000
0.043276,0.000000,0.117000
0.043664,0.000000,0.108000
0.044048,0.000000,0.093000
0.044440,0.000000,0.078000
0.044828,0.000000,0.073000
0.045212,0.000000,0.068000
0.045604,0.000000,0.059000
0.045992,0.000000,0.054000
0.046384,0.000000,0.034000
0.046768,0.000000,0.034000
0.047156,0.000000,0.034000
0.047548,0.000000,0.034000
0.047932,0.000000,0.029000
0.048320,0.000000,0.029000
0.048712,0.000000,0.015000
0.049096,0.000000,0.015000
0.049488,0.000000,0.015000
0.049876,0.000000,0.015000
0.050260,0.000000,0.015000
0.050652,0.000000,0.015000
0.051040,0.000000,0.005000
0.051428,0.000000,0.005000
0.051816,0.000000,0.005000
0.052200,0.000000,0.005000
0.052592,0.000000,0.005000
0.052980,0.000000,0.005000
0.053364,0.000000,0.000000
0.053756,0.000000,0.000000
0.054144,0.000000,0.000000
0.054536,0.000000,0.000000
0.054920,0.000000,0.000000
0.055308,0.000000,0.000000
0.055700,0.000000,0.000000
0.056084,0.000000,0.000000
0.056472,0.000000,0.000000
0.056864,0.000000,0.000000
0.057248,0.000000,0.000000
0.057640,0.000000,0.000000
0.058028,0.000000,0.000000
0.058412,0.000000,0.000000
0.058804,0.000000,0.000000
0.059192,0.000000,0.000000
0.059576,0.000000,0.000000
0.059968,0.000000,0.000000
0.060356,0.000000,0.000000
0.060748,0.000000,0.000000
0.061132,0.000000,0.000000
0.061520,0.000000,0.000000
0.061912,0.000000,0.000000
