Channel 1,Channel 2,Channel 3
0.000036,4.814000,0.743000
0.000468,4.306000,1.369000
0.000908,4.565000,1.637000
0.001352,4.575000,1.999000
0.001792,4.829000,2.014000
0.002240,4.956000,2.346000
0.002672,4.907000,2.586000
0.003116,4.927000,2.908000
0.003552,4.966000,3.065000
0.003984,4.966000,3.280000
0.004428,4.971000,3.475000
0.004864,4.985000,3.631000
0.005304,4.985000,3.788000
0.005740,4.985000,3.925000
0.006180,4.995000,4.047000
0.006616,4.995000,4.140000
0.007052,4.995000,4.238000
0.007492,4.995000,4.330000
0.007928,4.995000,4.399000
0.008372,4.995000,4.472000
0.008808,5.000000,4.531000
0.009248,5.000000,4.575000
0.009684,5.000000,4.619000
0.010116,5.000000,4.673000
0.010556,5.000000,4.707000
0.010992,5.000000,4.736000
0.011436,5.000000,4.765000
0.011868,5.000000,4.785000
0.012312,5.000000,4.809000
0.012744,5.000000,4.829000
0.013180,5.000000,4.848000
0.013620,5.000000,4.863000
0.014056,5.000000,4.883000
0.014496,5.000000,4.892000
0.014932,5.000000,4.907000
0.015372,5.000000,4.917000
0.015808,5.000000,4.927000
0.016244,5.000000,4.941000
0.016684,5.000000,4.941000
0.017120,5.000000,4.941000
0.017560,5.000000,4.966000
0.017996,5.000000,4.966000
0.018436,5.000000,4.966000
0.018872,5.000000,4.966000
0.019304,5.000000,4.971000
0.019744,5.000000,4.971000
0.020180,5.000000,4.985000
0.020620,5.000000,4.985000
0.021056,5.000000,4.985000
0.021496,5.000000,4.985000
0.021932,5.000000,5.000000
0.022368,5.000000,5.000000
0.022808,5.000000,5.000000
0.023244,5.000000,5.000000
0.023684,5.000000,5.000000
0.024120,5.000000,5.000000
0.024552,5.000000,5.000000
0.024996,5.000000,4.995000
0.025428,5.000000,4.995000
0.025872,5.000000,4.995000
0.026304,5.000000,4.995000
0.026748,5.000000,5.000000
0.027180,5.000000,4.995000
0.027616,5.000000,5.000000
0.028056,5.000000,5.000000
0.028492,5.000000,5.000000
0.028932,5.000000,5.000000
0.029368,5.000000,4.995000
0.029808,5.000000,4.995000
0.030244,5.000000,5.000000
0.030680,5.000000,5.000000
0.031120,5.000000,5.000000
0.031556,5.000000,5.000000
0.031996,5.000000,4.995000
0.032432,5.000000,4.995000
0.032872,5.000000,4.995000
0.033308,5.000000,5.000000
0.033740,5.000000,5.000000
0.034184,5.000000,5.000000
0.034620,5.000000,5.000000
0.035064,0.777000,4.531000
0.035496,0.811000,3.500000
0.035936,0.694000,3.109000
0.036372,0.396000,3.299000
0.036808,0.235000,2.674000
0.037248,0.083000,2.537000
0.037684,0.034000,2.439000
0.038124,0.034000,2.190000
0.038560,0.034000,1.950000
0.039000,0.034000,1.725000
0.039436,0.015000,1.525000
0.039868,0.015000,1.369000
0.040312,0.015000,1.217000
0.040744,0.015000,1.085000
0.041188,0.005000,0.968000
0.041620,0.005000,0.860000
0.042060,0.005000,0.762000
0.042496,0.005000,0.684000
0.042932,0.005000,0.606000
0.043372,0.000000,0.538000
0.043808,0.000000,0.474000
0.044248,0.000000,0.430000
0.044684,0.000000,0.381000
0.045124,0.000000,0.342000
0.045556,0.000000,0.303000
0.045992,0.000000,0.274000
0.046432,0.000000,0.235000
0.046868,0.000000,0.215000
0.047308,0.000000,0.191000
0.047744,0.000000,0.161000
0.048184,0.000000,0.152000
0.048620,0.000000,0.137000
0.049056,0.000000,0.117000
0.049496,0.000000,0.108000
0.049928,0.000000,0.093000
0.050372,0.000000,0.078000
0.050808,0.000000,0.073000
0.051248,0.000000,0.068000
0.051680,0.000000,0.059000
0.052116,0.000000,0.054000
0.052556,0.000000,0.044000
0.052992,0.000000,0.034000
0.053432,0.000000,0.034000
0.053868,0.000000,0.034000
0.054308,0.000000,0.029000
0.054744,0.000000,0.029000
0.055176,0.000000,0.015000
0.055620,0.000000,0.015000
0.056052,0.000000,0.015000
0.056496,0.000000,0.015000
0.056928,0.000000,0.015000
0.057372,0.000000,0.015000
0.057804,0.000000,0.005000
0.058240,0.000000,0.005000
0.058680,0.000000,0.005000
0.059116,0.000000,0.005000
0.059556,0.000000,0.005000
0.059992,0.000000,0.005000
0.060432,0.000000,0.000000
0.060868,0.000000,0.000000
0.061300,0.000000,0.000000
0.061740,0.000000,0.000000
0.062176,0.000000,0.000000
0.062616,0.000000,0.000000
0.063052,0.000000,0.000000
0.063492,0.000000,0.000000
0.063928,0.000000,0.000000
0.064360,0.000000,0.000000
0.064804,0.000000,0.000000
0.065236,0.000000,0.000000
0.065680,0.000000,0.000000
0.066120,0.000000,0.000000
0.066564,0.000000,0.000000
0.067004,0.000000,0.000000
0.067444,0.000000,0.000000
0.067888,0.000000,0.000000
0.068328,0.000000,0.000000
0.068772,0.000000,0.000000
0.069212,0.000000,0.000000
0.069660,0.000000,0.000000
0.000028,4.619000,1.525000
0.000472,4.453000,1.246000
0.000920,4.438000,1.755000
0.001360,4.883000,2.116000
0.001800,4.878000,1.984000
0.002248,4.839000,2.346000
0.002688,4.941000,2.576000
0.003132,4.971000,2.849000
0.003572,4.971000,3.089000
0.004016,4.966000,3.319000
0.004456,4.985000,3.475000
0.004896,4.985000,3.656000
0.005340,4.985000,3.798000
0.005776,4.985000,3.939000
0.006224,4.995000,4.057000
0.006660,4.995000,4.159000
0.007104,4.995000,4.257000
0.007544,4.995000,4.340000
0.007984,4.995000,4.413000
0.008428,5.000000,4.477000
0.008864,5.000000,4.531000
0.009308,5.000000,4.580000
0.009744,5.000000,4.629000
0.010188,5.000000,4.673000
0.010628,4.995000,4.707000
0.011064,5.000000,4.736000
0.011508,5.000000,4.765000
0.011944,5.000000,4.790000
0.012388,5.000000,4.809000
0.012824,5.000000,4.844000
0.013268,5.000000,4.853000
0.013708,5.000000,4.878000
0.014148,5.000000,4.888000
0.014584,5.000000,4.907000
0.015020,5.000000,4.907000
0.015464,5.000000,4.922000
0.015904,5.000000,4.927000
0.016344,5.000000,4.932000
0.016784,5.000000,4.941000
0.017224,5.000000,4.946000
0.017664,5.000000,4.966000
0.018100,5.000000,4.966000
0.018544,5.000000,4.966000
0.018980,5.000000,4.966000
0.019420,5.000000,4.971000
0.019860,5.000000,4.980000
0.020300,5.000000,4.985000
0.020736,5.000000,4.985000
0.021172,5.000000,4.985000
0.021616,5.000000,4.985000
0.022052,5.000000,4.985000
0.022496,5.000000,4.990000
0.022932,5.000000,5.000000
0.023372,5.000000,5.000000
0.023808,5.000000,5.000000
0.024244,5.000000,5.000000
0.024688,5.000000,5.000000
0.025124,5.000000,4.995000
0.025568,5.000000,4.995000
0.026004,5.000000,5.000000
0.026444,5.000000,4.985000
0.026880,5.000000,4.985000
0.027316,5.000000,4.995000
0.027756,5.000000,4.995000
0.028196,5.000000,5.000000
0.028636,5.000000,5.000000
0.029072,5.000000,4.995000
0.029516,5.000000,5.000000
0.029952,5.000000,5.000000
0.030388,5.000000,5.000000
0.030832,5.000000,5.000000
0.031268,5.000000,5.000000
0.031712,5.000000,5.000000
0.032148,5.000000,5.000000
0.032588,5.000000,5.000000
0.033024,5.000000,4.995000
0.033460,5.000000,5.000000
0.033904,5.000000,5.000000
0.034336,5.000000,5.000000
0.034780,5.000000,5.000000
0.035220,1.031000,4.848000
0.035660,0.938000,3.783000
0.036096,0.816000,3.837000
0.036532,0.640000,3.441000
0.036972,0.455000,3.065000
0.037408,0.171000,2.742000
0.037852,0.098000,2.439000
0.038288,0.029000,2.190000
0.038728,0.015000,1.945000
0.039164,0.015000,1.720000
0.039600,0.015000,1.530000
0.040044,0.015000,1.359000
0.040480,0.015000,1.212000
0.040920,0.015000,1.075000
0.041356,0.005000,0.953000
0.041796,0.005000,0.855000
0.042228,0.005000,0.762000
0.042664,0.005000,0.670000
0.043108,0.005000,0.606000
0.043544,0.005000,0.538000
0.043984,0.005000,0.469000
0.044420,0.000000,0.430000
0.044856,0.000000,0.381000
0.045300,0.000000,0.327000
0.045736,0.000000,0.298000
0.046176,0.000000,0.274000
0.046612,0.000000,0.235000
0.047056,0.000000,0.210000
0.047492,0.000000,0.186000
0.047928,0.000000,0.161000
0.048368,0.000000,0.147000
0.048804,0.000000,0.137000
0.049244,0.000000,0.117000
0.049680,0.000000,0.108000
0.050124,0.000000,0.093000
0.050560,0.000000,0.078000
0.050996,0.000000,0.073000
0.051436,0.000000,0.068000
0.051872,0.000000,0.059000
0.052316,0.000000,0.054000
0.052752,0.000000,0.034000
0.053192,0.000000,0.034000
0.053628,0.000000,0.034000
0.054064,0.000000,0.034000
0.054508,0.000000,0.029000
0.054944,0.000000,0.029000
0.055384,0.000000,0.015000
0.055820,0.000000,0.015000
0.056260,0.000000,0.015000
0.056696,0.000000,0.015000
0.057132,0.000000,0.015000
0.057576,0.000000,0.015000
0.058012,0.000000,0.005000
0.058452,0.000000,0.005000
0.058888,0.000000,0.005000
0.059332,0.000000,0.005000
0.059768,0.000000,0.005000
0.060204,0.000000,0.005000
0.060644,0.000000,0.005000
0.061080,0.000000,0.000000
0.061524,0.000000,0.000000
0.061960,0.000000,0.000000
0.062400,0.000000,0.000000
0.062836,0.000000,0.000000
0.063272,0.000000,0.000000
0.063716,0.000000,0.000000
0.064152,0.000000,0.000000
0.064592,0.000000,0.000000
0.065028,0.000000,0.000000
0.065468,0.000000,0.000000
0.065904,0.000000,0.000000
0.066344,0.000000,0.000000
0.066784,0.000000,0.000000
0.067224,0.000000,0.000000
0.067668,0.000000,0.000000
0.068104,0.000000,0.000000
0.068548,0.000000,0.000000
0.068984,0.000000,0.000000
0.069424,0.000000,0.000000
0.069864,0.000000,0.000000
0.000028,3.925000,1.525000
0.000476,4.839000,1.373000
0.000920,4.692000,1.515000
0.001360,4.301000,2.639000
0.001808,4.668000,2.190000
0.002248,4.829000,2.346000
0.002696,4.966000,2.586000
0.003132,4.941000,2.849000
0.003580,4.985000,3.089000
0.004020,4.966000,3.299000
0.004460,4.966000,3.500000
0.004904,4.985000,3.656000
0.005340,4.985000,3.812000
0.005788,4.995000,3.939000
0.006224,4.985000,4.057000
0.006668,4.995000,4.159000
0.007108,4.995000,4.257000
0.007544,4.995000,4.340000
0.007992,4.995000,4.413000
0.008428,4.995000,4.472000
0.008872,5.000000,4.531000
0.009312,4.995000,4.594000
0.009752,5.000000,4.629000
0.010192,5.000000,4.673000
0.010628,5.000000,4.707000
0.011072,5.000000,4.751000
0.011512,5.000000,4.775000
0.011956,5.000000,4.809000
0.012392,5.000000,4.829000
0.012836,5.000000,4.848000
0.013276,5.000000,4.863000
0.013712,5.000000,4.868000
0.014156,5.000000,4.883000
0.014596,5.000000,4.892000
0.015040,5.000000,4.907000
0.015476,5.000000,4.917000
0.015920,5.000000,4.927000
0.016360,5.000000,4.927000
0.016796,5.000000,4.941000
0.017240,5.000000,4.956000
0.017676,5.000000,4.956000
0.018120,5.000000,4.966000
0.018556,5.000000,4.966000
0.019000,5.000000,4.966000
0.019436,5.000000,4.971000
0.019872,5.000000,4.971000
0.020316,5.000000,4.980000
0.020752,5.000000,4.971000
0.021196,5.000000,4.985000
0.021632,5.000000,4.985000
0.022076,5.000000,4.985000
0.022512,5.000000,4.985000
0.022948,5.000000,4.985000
0.023392,5.000000,4.985000
0.023828,5.000000,4.985000
0.024272,5.000000,4.995000
0.024708,5.000000,4.995000
0.025152,5.000000,4.995000
0.025588,5.000000,4.995000
0.026024,5.000000,4.995000
0.026468,5.000000,5.000000
0.026904,5.000000,5.000000
0.027348,5.000000,5.000000
0.027784,5.000000,5.000000
0.028228,5.000000,5.000000
0.028664,5.000000,5.000000
0.029100,5.000000,5.000000
0.029544,5.000000,5.000000
0.029980,5.000000,5.000000
0.030424,5.000000,5.000000
0.030860,5.000000,4.995000
0.031304,5.000000,5.000000
0.031740,5.000000,5.000000
0.032176,5.000000,5.000000
0.032620,5.000000,4.995000
0.033056,5.000000,5.000000
0.033500,5.000000,5.000000
0.033932,5.000000,5.000000
0.034376,5.000000,5.000000
0.034812,5.000000,5.000000
0.035252,1.559000,3.978000
0.035692,1.061000,4.252000
0.036128,1.325000,3.094000
0.036572,0.762000,3.402000
0.037004,0.816000,2.674000
0.037448,0.171000,2.737000
0.037884,0.235000,2.351000
0.038320,0.034000,2.190000
0.038760,0.059000,1.911000
0.039196,0.015000,1.725000
0.039640,0.029000,1.525000
0.040076,0.015000,1.369000
0.040516,0.015000,1.212000
0.040952,0.015000,1.085000
0.041388,0.005000,0.953000
0.041828,0.005000,0.860000
0.042264,0.005000,0.762000
0.042708,0.005000,0.670000
0.043144,0.005000,0.606000
0.043584,0.005000,0.538000
0.044020,0.000000,0.474000
0.044456,0.000000,0.430000
0.044900,0.000000,0.381000
0.045336,0.000000,0.332000
0.045776,0.000000,0.293000
0.046212,0.000000,0.274000
0.046652,0.000000,0.235000
0.047088,0.000000,0.215000
0.047524,0.000000,0.191000
0.047968,0.000000,0.161000
0.048404,0.000000,0.152000
0.048844,0.000000,0.137000
0.049280,0.000000,0.117000
0.049724,0.000000,0.108000
0.050160,0.000000,0.093000
0.050596,0.000000,0.078000
0.051036,0.000000,0.073000
0.051472,0.000000,0.068000
0.051916,0.000000,0.059000
0.052352,0.000000,0.054000
0.052792,0.000000,0.034000
0.053228,0.000000,0.034000
0.053664,0.000000,0.034000
0.054104,0.000000,0.034000
0.054540,0.000000,0.029000
0.054984,0.000000,0.029000
0.055420,0.000000,0.015000
0.055860,0.000000,0.015000
0.056296,0.000000,0.015000
0.056732,0.000000,0.015000
0.057176,0.000000,0.015000
0.057612,0.000000,0.015000
0.058052,0.000000,0.005000
0.058488,0.000000,0.005000
0.058928,0.000000,0.005000
0.059364,0.000000,0.005000
0.059800,0.000000,0.005000
0.060244,0.000000,0.005000
0.060680,0.000000,0.005000
0.061120,0.000000,0.000000
0.061556,0.000000,0.000000
0.062000,0.000000,0.000000
0.062436,0.000000,0.000000
0.062872,0.000000,0.000000
0.063312,0.000000,0.000000
0.063748,0.000000,0.000000
0.064192,0.000000,0.000000
0.064628,0.000000,0.000000
0.065068,0.000000,0.000000
0.065504,0.000000,0.000000
0.065940,0.000000,0.000000
0.066384,0.000000,0.000000
0.066820,0.000000,0.000000
0.067264,0.000000,0.000000
0.067704,0.000000,0.000000
0.068144,0.000000,0.000000
0.068584,0.000000,0.000000
0.069020,0.000000,0.000000
0.069464,0.000000,0.000000
0.069904,0.000000,0.000000
