Channel 1,Channel 2,Channel 3
0.000036,4.844000,0.743000
0.000520,4.340000,1.349000
0.001008,4.888000,1.735000
0.001504,4.892000,2.126000
0.001992,4.751000,2.067000
0.002488,4.878000,2.263000
0.002972,4.927000,2.532000
0.003464,4.946000,2.796000
0.003952,4.966000,3.016000
0.004440,4.966000,3.265000
0.004928,4.995000,3.441000
0.005416,4.985000,3.587000
0.005904,4.995000,3.754000
0.006396,4.995000,3.871000
0.006880,4.995000,3.993000
0.007372,4.995000,4.101000
0.007856,5.000000,4.203000
0.008348,4.995000,4.291000
0.008836,5.000000,4.360000
0.009324,5.000000,4.438000
0.009812,5.000000,4.497000
0.010304,5.000000,4.550000
0.010788,5.000000,4.604000
0.011280,5.000000,4.643000
0.011764,5.000000,4.677000
0.012248,5.000000,4.707000
0.012740,5.000000,4.751000
0.013224,5.000000,4.765000
0.013716,5.000000,4.800000
0.014200,5.000000,4.814000
0.014692,5.000000,4.839000
0.015176,5.000000,4.848000
0.015668,5.000000,4.863000
0.016152,5.000000,4.883000
0.016644,5.000000,4.892000
0.017128,5.000000,4.907000
0.017620,5.000000,4.922000
0.018104,5.000000,4.927000
0.018596,5.000000,4.932000
0.019080,5.000000,4.941000
0.019572,5.000000,4.946000
0.020056,5.000000,4.956000
0.020548,5.000000,4.966000
0.021032,5.000000,4.966000
0.021524,5.000000,4.966000
0.022008,5.000000,4.971000
0.022492,5.000000,4.971000
0.022984,5.000000,4.985000
0.023468,5.000000,4.985000
0.023960,5.000000,4.985000
0.024444,5.000000,4.985000
0.024936,5.000000,4.985000
0.025420,5.000000,4.985000
0.025912,5.000000,4.985000
0.026396,5.000000,4.995000
0.026888,5.000000,5.000000
0.027372,5.000000,5.000000
0.027864,5.000000,5.000000
0.028348,5.000000,4.995000
0.028840,5.000000,5.000000
0.029324,5.000000,5.000000
0.029816,5.000000,5.000000
0.030300,5.000000,5.000000
0.030792,5.000000,5.000000
0.031276,5.000000,4.995000
0.031768,5.000000,4.995000
0.032252,5.000000,4.995000
0.032740,5.000000,4.995000
0.033228,5.000000,4.995000
0.033716,5.000000,4.995000
0.034204,5.000000,4.995000
0.034692,5.000000,5.000000
0.035180,5.000000,5.000000
0.035668,5.000000,5.000000
0.036156,5.000000,4.995000
0.036644,5.000000,5.000000
0.037132,5.000000,5.000000
0.037616,5.000000,5.000000
0.038108,5.000000,5.000000
0.038592,5.000000,5.000000
0.039088,1.403000,4.531000
0.039572,0.797000,3.514000
0.040064,0.684000,3.123000
0.040548,0.406000,3.319000
0.041040,0.371000,3.118000
0.041524,0.191000,2.796000
0.042016,0.171000,2.483000
0.042500,0.029000,2.190000
0.042984,0.015000,1.994000
0.043476,0.015000,1.779000
0.043960,0.005000,1.593000
0.044452,0.005000,1.422000
0.044936,0.005000,1.266000
0.045428,0.005000,1.129000
0.045912,0.005000,1.007000
0.046404,0.005000,0.899000
0.046888,0.000000,0.797000
0.047380,0.000000,0.718000
0.047864,0.000000,0.640000
0.048356,0.000000,0.577000
0.048840,0.000000,0.503000
0.049332,0.000000,0.459000
0.049816,0.000000,0.406000
0.050308,0.000000,0.357000
0.050792,0.000000,0.318000
0.051284,0.000000,0.293000
0.051768,0.000000,0.254000
0.052256,0.000000,0.235000
0.052744,0.000000,0.200000
0.053228,0.000000,0.186000
0.053716,0.000000,0.161000
0.054204,0.000000,0.147000
0.054692,0.000000,0.137000
0.055180,0.000000,0.117000
0.055668,0.000000,0.108000
0.056152,0.000000,0.093000
0.056644,0.000000,0.078000
0.057128,0.000000,0.073000
0.057620,0.000000,0.068000
0.058104,0.000000,0.059000
0.058596,0.000000,0.059000
0.059080,0.000000,0.044000
0.059572,0.000000,0.034000
0.060056,0.000000,0.034000
0.060548,0.000000,0.034000
0.061032,0.000000,0.034000
0.061524,0.000000,0.029000
0.062008,0.000000,0.020000
0.062500,0.000000,0.015000
0.062984,0.000000,0.015000
0.063468,0.000000,0.015000
0.063960,0.000000,0.015000
0.064444,0.000000,0.015000
0.064936,0.000000,0.015000
0.065420,0.000000,0.005000
0.065912,0.000000,0.005000
0.066400,0.000000,0.005000
0.066896,0.000000,0.005000
0.067384,0.000000,0.005000
0.067880,0.000000,0.005000
0.068368,0.000000,0.000000
0.068864,0.000000,0.000000
0.069356,0.000000,0.000000
0.069852,0.000000,0.000000
0.070340,0.000000,0.000000
0.070836,0.000000,0.000000
0.071324,0.000000,0.000000
0.071820,0.000000,0.000000
0.072312,0.000000,0.000000
0.072808,0.000000,0.000000
0.073296,0.000000,0.000000
0.073792,0.000000,0.000000
0.074284,0.000000,0.000000
0.074780,0.000000,0.000000
0.075268,0.000000,0.000000
0.075756,0.000000,0.000000
0.076252,0.000000,0.000000
0.076740,0.000000,0.000000
0.077236,0.000000,0.000000
0.077728,0.000000,0.000000
0.000024,4.653000,1.525000
0.000520,4.462000,1.232000
0.001016,4.301000,1.877000
0.001508,4.853000,2.639000
0.002004,4.883000,1.950000
0.002496,4.878000,2.273000
0.002992,4.946000,2.532000
0.003480,4.927000,2.884000
0.003972,4.985000,3.025000
0.004460,4.985000,3.245000
0.004948,4.995000,3.431000
0.005444,4.995000,3.602000
0.005932,4.995000,3.754000
0.006428,4.995000,3.891000
0.006916,4.995000,4.003000
0.007408,4.995000,4.110000
0.007900,5.000000,4.213000
0.008392,5.000000,4.296000
0.008880,5.000000,4.379000
0.009372,5.000000,4.438000
0.009860,5.000000,4.497000
0.010356,4.995000,4.550000
0.010844,5.000000,4.604000
0.011336,4.995000,4.653000
0.011824,5.000000,4.692000
0.012316,5.000000,4.721000
0.012804,5.000000,4.751000
0.013296,5.000000,4.775000
0.013784,5.000000,4.809000
0.014276,5.000000,4.829000
0.014764,5.000000,4.844000
0.015260,5.000000,4.853000
0.015744,5.000000,4.878000
0.016232,5.000000,4.883000
0.016728,5.000000,4.902000
0.017212,5.000000,4.907000
0.017704,5.000000,4.922000
0.018192,5.000000,4.927000
0.018684,5.000000,4.932000
0.019172,5.000000,4.941000
0.019664,5.000000,4.946000
0.020152,5.000000,4.956000
0.020644,5.000000,4.966000
0.021128,5.000000,4.966000
0.021624,5.000000,4.966000
0.022108,5.000000,4.971000
0.022604,5.000000,4.971000
0.023088,5.000000,4.971000
0.023580,5.000000,4.980000
0.024068,5.000000,4.985000
0.024560,5.000000,4.985000
0.025048,5.000000,4.995000
0.025540,5.000000,5.000000
0.026028,5.000000,5.000000
0.026520,5.000000,5.000000
0.027008,5.000000,4.995000
0.027492,5.000000,4.995000
0.027984,5.000000,4.995000
0.028472,5.000000,5.000000
0.028964,5.000000,4.995000
0.029452,5.000000,4.995000
0.029944,5.000000,4.995000
0.030432,5.000000,4.995000
0.030924,5.000000,4.995000
0.031408,5.000000,4.995000
0.031904,5.000000,5.000000
0.032388,5.000000,4.995000
0.032884,5.000000,5.000000
0.033368,5.000000,5.000000
0.033860,5.000000,5.000000
0.034344,5.000000,5.000000
0.034836,5.000000,5.000000
0.035320,5.000000,5.000000
0.035812,5.000000,5.000000
0.036300,5.000000,5.000000
0.036792,5.000000,5.000000
0.037276,5.000000,5.000000
0.037764,5.000000,5.000000
0.038248,5.000000,5.000000
0.038732,5.000000,5.000000
0.039228,1.129000,4.765000
0.039716,1.056000,4.262000
0.040204,1.061000,3.754000
0.040692,0.293000,3.392000
0.041184,0.152000,3.040000
0.041668,0.059000,2.752000
0.042160,0.034000,2.380000
0.042648,0.015000,2.224000
0.043140,0.015000,1.994000
0.043624,0.015000,1.779000
0.044116,0.005000,1.559000
0.044604,0.005000,1.413000
0.045096,0.005000,1.246000
0.045580,0.005000,1.129000
0.046072,0.005000,1.007000
0.046560,0.000000,0.899000
0.047052,0.000000,0.797000
0.047536,0.000000,0.709000
0.048028,0.000000,0.630000
0.048512,0.000000,0.562000
0.049000,0.000000,0.503000
0.049492,0.000000,0.450000
0.049976,0.000000,0.406000
0.050468,0.000000,0.357000
0.050956,0.000000,0.318000
0.051448,0.000000,0.293000
0.051932,0.000000,0.249000
0.052424,0.000000,0.235000
0.052912,0.000000,0.191000
0.053404,0.000000,0.186000
0.053888,0.000000,0.161000
0.054380,0.000000,0.147000
0.054868,0.000000,0.132000
0.055360,0.000000,0.117000
0.055844,0.000000,0.108000
0.056336,0.000000,0.093000
0.056820,0.000000,0.078000
0.057312,0.000000,0.073000
0.057800,0.000000,0.068000
0.058292,0.000000,0.059000
0.058776,0.000000,0.044000
0.059268,0.000000,0.044000
0.059752,0.000000,0.034000
0.060236,0.000000,0.034000
0.060728,0.000000,0.034000
0.061216,0.000000,0.034000
0.061708,0.000000,0.029000
0.062192,0.000000,0.020000
0.062684,0.000000,0.015000
0.063172,0.000000,0.015000
0.063664,0.000000,0.015000
0.064148,0.000000,0.015000
0.064640,0.000000,0.015000
0.065128,0.000000,0.005000
0.065616,0.000000,0.005000
0.066104,0.000000,0.005000
0.066600,0.000000,0.005000
0.067088,0.000000,0.005000
0.067580,0.000000,0.005000
0.068068,0.000000,0.005000
0.068560,0.000000,0.000000
0.069048,0.000000,0.000000
0.069540,0.000000,0.000000
0.070028,0.000000,0.000000
0.070516,0.000000,0.000000
0.071008,0.000000,0.000000
0.071496,0.000000,0.000000
0.071988,0.000000,0.000000
0.072476,0.000000,0.000000
0.072972,0.000000,0.000000
0.073456,0.000000,0.000000
0.073952,0.000000,0.000000
0.074440,0.000000,0.000000
0.074932,0.000000,0.000000
0.075420,0.000000,0.000000
0.075912,0.000000,0.000000
0.076400,0.000000,0.000000
0.076892,0.000000,0.000000
0.077380,0.000000,0.000000
0.077872,0.000000,0.000000
0.000028,4.653000,1.525000
0.000520,4.047000,2.014000
0.001020,4.438000,1.750000
0.001512,4.692000,1.877000
0.002008,4.907000,2.674000
0.002496,4.878000,2.273000
0.002992,4.868000,2.742000
0.003480,4.941000,2.796000
0.003976,4.985000,3.030000
0.004468,4.980000,3.245000
0.004964,4.995000,3.441000
0.005452,4.995000,3.597000
0.005948,4.995000,3.754000
0.006436,4.995000,3.891000
0.006928,4.995000,4.003000
0.007416,4.995000,4.120000
0.007912,5.000000,4.213000
0.008400,4.995000,4.301000
0.008896,5.000000,4.379000
0.009384,5.000000,4.438000
0.009872,5.000000,4.501000
0.010360,5.000000,4.550000
0.010848,5.000000,4.604000
0.011340,5.000000,4.653000
0.011828,5.000000,4.692000
0.012324,5.000000,4.721000
0.012812,5.000000,4.751000
0.013304,5.000000,4.765000
0.013792,5.000000,4.809000
0.014288,5.000000,4.829000
0.014776,5.000000,4.844000
0.015268,5.000000,4.853000
0.015756,5.000000,4.878000
0.016252,5.000000,4.883000
0.016740,5.000000,4.907000
0.017232,5.000000,4.907000
0.017720,5.000000,4.927000
0.018212,5.000000,4.932000
0.018700,5.000000,4.941000
0.019192,5.000000,4.941000
0.019676,5.000000,4.946000
0.020172,5.000000,4.956000
0.020660,5.000000,4.966000
0.021152,5.000000,4.966000
0.021636,5.000000,4.971000
0.022124,5.000000,4.985000
0.022616,5.000000,4.985000
0.023104,5.000000,4.980000
0.023596,5.000000,4.985000
0.024084,5.000000,4.985000
0.024576,5.000000,4.985000
0.025064,5.000000,4.995000
0.025556,5.000000,4.995000
0.026044,5.000000,4.995000
0.026536,5.000000,4.995000
0.027024,5.000000,4.995000
0.027516,5.000000,5.000000
0.028004,5.000000,5.000000
0.028496,5.000000,4.995000
0.028984,5.000000,5.000000
0.029476,5.000000,5.000000
0.029960,5.000000,5.000000
0.030456,5.000000,5.000000
0.030940,5.000000,4.995000
0.031436,5.000000,5.000000
0.031920,5.000000,4.995000
0.032416,5.000000,4.995000
0.032900,5.000000,4.995000
0.033388,5.000000,4.985000
0.033880,5.000000,4.995000
0.034364,5.000000,5.000000
0.034856,5.000000,5.000000
0.035344,5.000000,4.995000
0.035836,5.000000,4.995000
0.036320,5.000000,5.000000
0.036812,5.000000,5.000000
0.037300,5.000000,5.000000
0.037792,5.000000,5.000000
0.038276,5.000000,5.000000
0.038768,5.000000,5.000000
0.039260,0.762000,4.531000
0.039752,1.173000,4.174000
0.040236,0.811000,3.871000
0.040728,1.153000,2.830000
0.041212,0.347000,3.109000
0.041704,0.538000,2.561000
0.042192,0.059000,2.498000
0.042684,0.108000,2.180000
0.043168,0.015000,1.994000
0.043656,0.029000,1.779000
0.044140,0.015000,1.579000
0.044628,0.005000,1.413000
0.045120,0.005000,1.246000
0.045604,0.005000,1.129000
0.046096,0.005000,1.007000
0.046584,0.005000,0.899000
0.047076,0.005000,0.797000
0.047560,0.000000,0.709000
0.048052,0.000000,0.630000
0.048536,0.000000,0.562000
0.049028,0.000000,0.503000
0.049516,0.000000,0.450000
0.050008,0.000000,0.406000
0.050492,0.000000,0.357000
0.050984,0.000000,0.318000
0.051472,0.000000,0.293000
0.051964,0.000000,0.249000
0.052448,0.000000,0.230000
0.052940,0.000000,0.200000
0.053424,0.000000,0.186000
0.053920,0.000000,0.161000
0.054404,0.000000,0.147000
0.054888,0.000000,0.132000
0.055380,0.000000,0.117000
0.055868,0.000000,0.108000
0.056360,0.000000,0.093000
0.056844,0.000000,0.078000
0.057336,0.000000,0.073000
0.057820,0.000000,0.068000
0.058312,0.000000,0.059000
0.058800,0.000000,0.059000
0.059292,0.000000,0.044000
0.059776,0.000000,0.034000
0.060268,0.000000,0.034000
0.060756,0.000000,0.034000
0.061244,0.000000,0.034000
0.061732,0.000000,0.029000
0.062224,0.000000,0.020000
0.062708,0.000000,0.015000
0.063200,0.000000,0.015000
0.063688,0.000000,0.015000
0.064180,0.000000,0.015000
0.064664,0.000000,0.015000
0.065152,0.000000,0.015000
0.065644,0.000000,0.005000
0.066132,0.000000,0.005000
0.066624,0.000000,0.005000
0.067112,0.000000,0.005000
0.067604,0.000000,0.005000
0.068092,0.000000,0.005000
0.068588,0.000000,0.000000
0.069072,0.000000,0.000000
0.069568,0.000000,0.000000
0.070056,0.000000,0.000000
0.070548,0.000000,0.000000
0.071036,0.000000,0.000000
0.071528,0.000000,0.000000
0.072016,0.000000,0.000000
0.072512,0.000000,0.000000
0.073000,0.000000,0.000000
0.073492,0.000000,0.000000
0.073980,0.000000,0.000000
0.074472,0.000000,0.000000
0.074960,0.000000,0.000000
0.075456,0.000000,0.000000
0.075944,0.000000,0.000000
0.076432,0.000000,0.000000
0.076920,0.000000,0.000000
0.077408,0.000000,0.000000
0.077900,0.000000,0.000000
