Channel 1,Channel 2,Channel 3
0.000036,4.848000,0.743000
0.000568,4.340000,1.344000
0.001116,4.853000,1.877000
0.001652,4.570000,1.994000
0.002200,4.736000,2.067000
0.002732,4.868000,2.248000
0.003276,4.907000,2.517000
0.003812,4.941000,2.766000
0.004352,4.966000,3.050000
0.004888,4.990000,3.236000
0.005428,4.995000,3.402000
0.005964,4.995000,3.558000
0.006504,4.995000,3.715000
0.007040,4.995000,3.847000
0.007584,4.995000,3.978000
0.008116,5.000000,4.081000
0.008660,5.000000,4.184000
0.009196,5.000000,4.262000
0.009736,5.000000,4.340000
0.010276,5.000000,4.413000
0.010812,5.000000,4.472000
0.011352,5.000000,4.531000
0.011888,5.000000,4.575000
0.012428,5.000000,4.619000
0.012964,5.000000,4.658000
0.013508,5.000000,4.697000
0.014040,5.000000,4.726000
0.014584,5.000000,4.761000
0.015116,5.000000,4.785000
0.015660,5.000000,4.809000
0.016196,5.000000,4.829000
0.016736,5.000000,4.848000
0.017272,5.000000,4.863000
0.017812,5.000000,4.883000
0.018348,5.000000,4.892000
0.018888,5.000000,4.907000
0.019424,5.000000,4.917000
0.019964,5.000000,4.927000
0.020504,5.000000,4.927000
0.021040,5.000000,4.941000
0.021580,5.000000,4.941000
0.022116,5.000000,4.956000
0.022656,5.000000,4.966000
0.023192,5.000000,4.966000
0.023732,5.000000,4.966000
0.024268,5.000000,4.966000
0.024808,5.000000,4.966000
0.025344,5.000000,4.971000
0.025884,5.000000,4.980000
0.026420,5.000000,4.985000
0.026960,5.000000,4.985000
0.027496,5.000000,4.985000
0.028036,5.000000,4.985000
0.028572,5.000000,5.000000
0.029112,5.000000,4.995000
0.029648,5.000000,4.995000
0.030188,5.000000,4.990000
0.030724,5.000000,4.995000
0.031256,5.000000,4.990000
0.031800,5.000000,4.995000
0.032332,5.000000,4.995000
0.032876,5.000000,4.995000
0.033408,5.000000,4.995000
0.033952,5.000000,4.995000
0.034488,5.000000,4.995000
0.035028,5.000000,4.995000
0.035560,5.000000,5.000000
0.036104,5.000000,5.000000
0.036636,5.000000,5.000000
0.037180,5.000000,5.000000
0.037712,5.000000,5.000000
0.038256,5.000000,5.000000
0.038788,5.000000,5.000000
0.039328,5.000000,5.000000
0.039864,5.000000,5.000000
0.040404,5.000000,5.000000
0.040940,5.000000,5.000000
0.041480,5.000000,5.000000
0.042024,5.000000,5.000000
0.042556,5.000000,5.000000
0.043104,1.007000,4.848000
0.043636,1.051000,4.282000
0.044180,1.202000,3.675000
0.044712,0.538000,2.849000
0.045252,0.274000,2.674000
0.045788,0.059000,2.776000
0.046328,0.059000,2.532000
0.046864,0.034000,2.263000
0.047404,0.034000,2.023000
0.047940,0.015000,1.789000
0.048480,0.005000,1.598000
0.049016,0.005000,1.442000
0.049556,0.005000,1.285000
0.050092,0.005000,1.153000
0.050632,0.005000,1.031000
0.051168,0.000000,0.919000
0.051708,0.000000,0.816000
0.052248,0.000000,0.743000
0.052784,0.000000,0.660000
0.053324,0.000000,0.587000
0.053860,0.000000,0.528000
0.054400,0.000000,0.469000
0.054936,0.000000,0.430000
0.055476,0.000000,0.381000
0.056008,0.000000,0.332000
0.056552,0.000000,0.303000
0.057088,0.000000,0.274000
0.057628,0.000000,0.235000
0.058160,0.000000,0.215000
0.058700,0.000000,0.191000
0.059236,0.000000,0.171000
0.059776,0.000000,0.152000
0.060312,0.000000,0.137000
0.060852,0.000000,0.117000
0.061388,0.000000,0.117000
0.061928,0.000000,0.093000
0.062468,0.000000,0.083000
0.063004,0.000000,0.073000
0.063544,0.000000,0.073000
0.064080,0.000000,0.059000
0.064620,0.000000,0.059000
0.065156,0.000000,0.044000
0.065696,0.000000,0.034000
0.066236,0.000000,0.034000
0.066780,0.000000,0.034000
0.067320,0.000000,0.034000
0.067864,0.000000,0.029000
0.068404,0.000000,0.029000
0.068952,0.000000,0.015000
0.069488,0.000000,0.015000
0.070036,0.000000,0.015000
0.070576,0.000000,0.015000
0.071120,0.000000,0.015000
0.071660,0.000000,0.015000
0.072208,0.000000,0.015000
0.072752,0.000000,0.005000
0.073292,0.000000,0.005000
0.073836,0.000000,0.005000
0.074376,0.000000,0.005000
0.074924,0.000000,0.005000
0.075464,0.000000,0.005000
0.076008,0.000000,0.000000
0.076548,0.000000,0.000000
0.077092,0.000000,0.000000
0.077632,0.000000,0.000000
0.078180,0.000000,0.000000
0.078720,0.000000,0.000000
0.079264,0.000000,0.000000
0.079804,0.000000,0.000000
0.080352,0.000000,0.000000
0.080892,0.000000,0.000000
0.081428,0.000000,0.000000
0.081976,0.000000,0.000000
0.082516,0.000000,0.000000
0.083060,0.000000,0.000000
0.083600,0.000000,0.000000
0.084148,0.000000,0.000000
0.084688,0.000000,0.000000
0.085232,0.000000,0.000000
0.085772,0.000000,0.000000
0.000028,4.384000,0.743000
0.000568,4.863000,1.344000
0.001116,4.785000,2.380000
0.001656,4.853000,2.634000
0.002204,4.883000,1.935000
0.002744,4.814000,2.283000
0.003288,4.927000,2.507000
0.003828,4.980000,2.752000
0.004372,4.966000,3.050000
0.004912,4.985000,3.201000
0.005456,4.995000,3.402000
0.005996,4.995000,3.578000
0.006540,4.995000,3.719000
0.007080,4.995000,3.871000
0.007624,5.000000,3.988000
0.008168,5.000000,4.086000
0.008704,5.000000,4.184000
0.009248,5.000000,4.282000
0.009784,5.000000,4.345000
0.010328,5.000000,4.413000
0.010868,5.000000,4.487000
0.011408,5.000000,4.531000
0.011948,5.000000,4.594000
0.012492,5.000000,4.629000
0.013028,5.000000,4.673000
0.013572,5.000000,4.707000
0.014108,5.000000,4.731000
0.014652,5.000000,4.765000
0.015188,5.000000,4.785000
0.015732,5.000000,4.809000
0.016268,5.000000,4.829000
0.016812,5.000000,4.848000
0.017348,5.000000,4.863000
0.017892,5.000000,4.883000
0.018432,5.000000,4.888000
0.018968,5.000000,4.907000
0.019512,5.000000,4.912000
0.020048,5.000000,4.927000
0.020592,5.000000,4.927000
0.021128,5.000000,4.941000
0.021672,5.000000,4.941000
0.022208,5.000000,4.956000
0.022752,5.000000,4.966000
0.023288,5.000000,4.966000
0.023832,5.000000,4.966000
0.024368,5.000000,4.966000
0.024912,5.000000,4.971000
0.025448,5.000000,4.985000
0.025988,5.000000,4.985000
0.026528,5.000000,4.985000
0.027068,5.000000,4.985000
0.027604,5.000000,4.985000
0.028148,5.000000,4.985000
0.028692,5.000000,4.985000
0.029228,5.000000,4.990000
0.029772,5.000000,4.995000
0.030308,5.000000,4.995000
0.030848,5.000000,4.995000
0.031388,5.000000,4.995000
0.031928,5.000000,5.000000
0.032464,5.000000,4.995000
0.033008,5.000000,4.995000
0.033544,5.000000,5.000000
0.034084,5.000000,4.995000
0.034620,5.000000,5.000000
0.035164,5.000000,5.000000
0.035696,5.000000,5.000000
0.036240,5.000000,5.000000
0.036776,5.000000,5.000000
0.037316,5.000000,5.000000
0.037852,5.000000,5.000000
0.038392,5.000000,5.000000
0.038936,5.000000,5.000000
0.039472,5.000000,5.000000
0.040012,5.000000,5.000000
0.040548,5.000000,5.000000
0.041088,5.000000,5.000000
0.041624,5.000000,5.000000
0.042168,5.000000,5.000000
0.042700,5.000000,5.000000
0.043248,1.129000,4.775000
0.043784,1.046000,4.282000
0.044324,1.061000,3.759000
0.044860,0.303000,3.402000
0.045404,0.171000,3.055000
0.045940,0.059000,2.776000
0.046480,0.034000,2.405000
0.047016,0.015000,2.258000
0.047560,0.015000,2.014000
0.048100,0.005000,1.804000
0.048636,0.005000,1.598000
0.049180,0.005000,1.442000
0.049716,0.005000,1.285000
0.050256,0.005000,1.153000
0.050792,0.000000,1.031000
0.051332,0.000000,0.919000
0.051868,0.000000,0.816000
0.052412,0.000000,0.743000
0.052948,0.000000,0.660000
0.053488,0.000000,0.587000
0.054024,0.000000,0.528000
0.054568,0.000000,0.469000
0.055104,0.000000,0.420000
0.055644,0.000000,0.371000
0.056180,0.000000,0.332000
0.056724,0.000000,0.303000
0.057260,0.000000,0.274000
0.057800,0.000000,0.235000
0.058344,0.000000,0.215000
0.058876,0.000000,0.191000
0.059420,0.000000,0.171000
0.059956,0.000000,0.152000
0.060496,0.000000,0.137000
0.061032,0.000000,0.117000
0.061576,0.000000,0.117000
0.062112,0.000000,0.093000
0.062652,0.000000,0.083000
0.063188,0.000000,0.073000
0.063732,0.000000,0.073000
0.064268,0.000000,0.059000
0.064808,0.000000,0.059000
0.065344,0.000000,0.044000
0.065888,0.000000,0.034000
0.066424,0.000000,0.034000
0.066968,0.000000,0.034000
0.067504,0.000000,0.034000
0.068048,0.000000,0.029000
0.068592,0.000000,0.029000
0.069128,0.000000,0.015000
0.069672,0.000000,0.015000
0.070208,0.000000,0.015000
0.070752,0.000000,0.015000
0.071288,0.000000,0.015000
0.071832,0.000000,0.015000
0.072372,0.000000,0.005000
0.072912,0.000000,0.005000
0.073452,0.000000,0.005000
0.073996,0.000000,0.005000
0.074532,0.000000,0.005000
0.075076,0.000000,0.005000
0.075612,0.000000,0.005000
0.076156,0.000000,0.000000
0.076692,0.000000,0.005000
0.077236,0.000000,0.000000
0.077772,0.000000,0.000000
0.078316,0.000000,0.000000
0.078860,0.000000,0.000000
0.079396,0.000000,0.000000
0.079940,0.000000,0.000000
0.080480,0.000000,0.000000
0.081020,0.000000,0.000000
0.081560,0.000000,0.000000
0.082100,0.000000,0.000000
0.082640,0.000000,0.000000
0.083184,0.000000,0.000000
0.083720,0.000000,0.000000
0.084264,0.000000,0.000000
0.084800,0.000000,0.000000
0.085344,0.000000,0.000000
0.085880,0.000000,0.000000
0.000028,4.101000,0.982000
0.000572,4.863000,1.344000
0.001120,4.443000,1.735000
0.001660,4.570000,1.994000
0.002204,4.629000,2.190000
0.002744,4.726000,2.703000
0.003288,4.863000,2.742000
0.003828,4.946000,2.776000
0.004376,4.985000,3.001000
0.004912,4.966000,3.245000
0.005460,4.995000,3.402000
0.006004,4.985000,3.563000
0.006540,4.995000,3.754000
0.007088,5.000000,3.861000
0.007624,4.995000,3.988000
0.008168,5.000000,4.081000
0.008708,4.995000,4.184000
0.009252,5.000000,4.267000
0.009788,5.000000,4.345000
0.010332,5.000000,4.413000
0.010872,5.000000,4.487000
0.011416,5.000000,4.541000
0.011952,5.000000,4.594000
0.012496,5.000000,4.633000
0.013036,5.000000,4.673000
0.013580,5.000000,4.707000
0.014116,5.000000,4.731000
0.014660,5.000000,4.765000
0.015196,5.000000,4.790000
0.015740,5.000000,4.809000
0.016284,5.000000,4.829000
0.016824,5.000000,4.848000
0.017364,5.000000,4.863000
0.017904,5.000000,4.883000
0.018444,5.000000,4.888000
0.018984,5.000000,4.907000
0.019524,5.000000,4.917000
0.020064,5.000000,4.927000
0.020604,5.000000,4.927000
0.021140,5.000000,4.941000
0.021684,5.000000,4.941000
0.022224,5.000000,4.956000
0.022764,5.000000,4.966000
0.023300,5.000000,4.966000
0.023844,5.000000,4.966000
0.024380,5.000000,4.966000
0.024924,5.000000,4.971000
0.025468,5.000000,4.971000
0.026004,5.000000,4.971000
0.026548,5.000000,4.985000
0.027084,5.000000,4.985000
0.027628,5.000000,4.985000
0.028164,5.000000,4.985000
0.028704,5.000000,4.985000
0.029244,5.000000,4.985000
0.029784,5.000000,4.995000
0.030324,5.000000,4.995000
0.030864,5.000000,4.995000
0.031404,5.000000,4.995000
0.031944,5.000000,5.000000
0.032480,5.000000,5.000000
0.033024,5.000000,5.000000
0.033560,5.000000,5.000000
0.034104,5.000000,5.000000
0.034640,5.000000,5.000000
0.035180,5.000000,5.000000
0.035724,5.000000,5.000000
0.036260,5.000000,5.000000
0.036800,5.000000,5.000000
0.037336,5.000000,5.000000
0.037880,5.000000,5.000000
0.038416,5.000000,5.000000
0.038956,5.000000,5.000000
0.039492,5.000000,5.000000
0.040036,5.000000,5.000000
0.040572,5.000000,5.000000
0.041112,5.000000,5.000000
0.041648,5.000000,5.000000
0.042192,5.000000,5.000000
0.042728,5.000000,5.000000
0.043272,1.540000,3.978000
0.043808,0.919000,4.340000
0.044348,1.325000,3.123000
0.044884,0.660000,3.475000
0.045428,0.875000,2.674000
0.045968,0.215000,2.810000
0.046504,0.293000,2.405000
0.047048,0.034000,2.258000
0.047584,0.059000,1.994000
0.048124,0.015000,1.804000
0.048660,0.015000,1.598000
0.049204,0.005000,1.442000
0.049736,0.005000,1.285000
0.050280,0.005000,1.153000
0.050816,0.005000,1.022000
0.051356,0.000000,0.919000
0.051892,0.000000,0.816000
0.052436,0.000000,0.743000
0.052968,0.000000,0.660000
0.053512,0.000000,0.587000
0.054048,0.000000,0.528000
0.054588,0.000000,0.469000
0.055124,0.000000,0.420000
0.055668,0.000000,0.381000
0.056208,0.000000,0.327000
0.056744,0.000000,0.303000
0.057288,0.000000,0.274000
0.057824,0.000000,0.235000
0.058364,0.000000,0.215000
0.058900,0.000000,0.191000
0.059440,0.000000,0.171000
0.059976,0.000000,0.152000
0.060520,0.000000,0.137000
0.061056,0.000000,0.117000
0.061596,0.000000,0.117000
0.062132,0.000000,0.093000
0.062676,0.000000,0.083000
0.063212,0.000000,0.073000
0.063752,0.000000,0.068000
0.064288,0.000000,0.059000
0.064828,0.000000,0.059000
0.065364,0.000000,0.044000
0.065908,0.000000,0.034000
0.066452,0.000000,0.034000
0.066988,0.000000,0.034000
0.067532,0.000000,0.034000
0.068068,0.000000,0.029000
0.068612,0.000000,0.029000
0.069152,0.000000,0.029000
0.069696,0.000000,0.015000
0.070232,0.000000,0.015000
0.070776,0.000000,0.015000
0.071312,0.000000,0.015000
0.071856,0.000000,0.015000
0.072396,0.000000,0.005000
0.072936,0.000000,0.005000
0.073476,0.000000,0.005000
0.074020,0.000000,0.005000
0.074556,0.000000,0.005000
0.075100,0.000000,0.005000
0.075644,0.000000,0.005000
0.076180,0.000000,0.005000
0.076724,0.000000,0.000000
0.077264,0.000000,0.000000
0.077808,0.000000,0.000000
0.078344,0.000000,0.000000
0.078888,0.000000,0.000000
0.079424,0.000000,0.000000
0.079968,0.000000,0.000000
0.080508,0.000000,0.000000
0.081052,0.000000,0.000000
0.081588,0.000000,0.000000
0.082132,0.000000,0.000000
0.082668,0.000000,0.000000
0.083212,0.000000,0.000000
0.083752,0.000000,0.000000
0.084292,0.000000,0.000000
0.084832,0.000000,0.000000
0.085376,0.000000,0.000000
0.085920,0.000000,0.000000
