Channel 1,Channel 2,Channel 3
0.000036,4.848000,0.743000
0.000620,4.340000,1.334000
0.001216,4.853000,1.857000
0.001804,4.570000,1.994000
0.002400,4.726000,2.067000
0.002984,4.863000,2.234000
0.003576,4.907000,2.507000
0.004168,4.927000,2.845000
0.004752,4.985000,3.030000
0.005344,4.985000,3.187000
0.005928,4.985000,3.368000
0.006520,4.995000,3.558000
0.007104,4.995000,3.690000
0.007696,4.995000,3.827000
0.008288,4.995000,3.954000
0.008872,4.995000,4.062000
0.009464,5.000000,4.174000
0.010048,5.000000,4.257000
0.010640,5.000000,4.340000
0.011224,5.000000,4.409000
0.011816,5.000000,4.472000
0.012408,5.000000,4.531000
0.012992,5.000000,4.570000
0.013584,5.000000,4.614000
0.014168,5.000000,4.653000
0.014760,5.000000,4.692000
0.015344,5.000000,4.726000
0.015936,5.000000,4.751000
0.016528,5.000000,4.785000
0.017112,5.000000,4.809000
0.017704,5.000000,4.829000
0.018288,5.000000,4.844000
0.018880,5.000000,4.853000
0.019468,5.000000,4.878000
0.020056,5.000000,4.888000
0.020644,5.000000,4.907000
0.021232,5.000000,4.912000
0.021820,5.000000,4.922000
0.022408,5.000000,4.927000
0.022996,5.000000,4.932000
0.023588,5.000000,4.941000
0.024172,5.000000,4.941000
0.024764,5.000000,4.956000
0.025348,5.000000,4.956000
0.025940,5.000000,4.966000
0.026524,5.000000,4.966000
0.027116,5.000000,4.966000
0.027708,5.000000,4.966000
0.028292,5.000000,4.971000
0.028884,5.000000,4.985000
0.029468,5.000000,4.985000
0.030060,5.000000,4.985000
0.030644,5.000000,4.985000
0.031236,5.000000,4.995000
0.031824,5.000000,4.995000
0.032412,5.000000,4.995000
0.033000,5.000000,4.995000
0.033588,5.000000,4.995000
0.034176,5.000000,4.995000
0.034760,5.000000,4.995000
0.035352,5.000000,4.995000
0.035944,5.000000,4.995000
0.036528,5.000000,5.000000
0.037120,5.000000,4.995000
0.037704,5.000000,4.995000
0.038296,5.000000,4.995000
0.038880,5.000000,4.995000
0.039472,5.000000,5.000000
0.040060,5.000000,5.000000
0.040648,5.000000,5.000000
0.041236,5.000000,5.000000
0.041824,5.000000,5.000000
0.042412,5.000000,5.000000
0.043004,5.000000,5.000000
0.043588,5.000000,5.000000
0.044180,5.000000,5.000000
0.044764,5.000000,5.000000
0.045352,5.000000,4.995000
0.045940,5.000000,5.000000
0.046528,5.000000,5.000000
0.047124,1.398000,4.531000
0.047708,0.777000,3.514000
0.048300,0.684000,3.123000
0.048884,0.420000,3.343000
0.049476,0.396000,3.143000
0.050060,0.230000,2.830000
0.050652,0.191000,2.517000
0.051244,0.034000,2.283000
0.051828,0.015000,2.038000
0.052420,0.029000,1.828000
0.053004,0.005000,1.623000
0.053592,0.005000,1.442000
0.054180,0.005000,1.310000
0.054768,0.000000,1.173000
0.055360,0.000000,1.051000
0.055944,0.000000,0.938000
0.056536,0.000000,0.841000
0.057120,0.000000,0.748000
0.057712,0.000000,0.660000
0.058296,0.000000,0.601000
0.058888,0.000000,0.538000
0.059476,0.000000,0.474000
0.060064,0.000000,0.430000
0.060652,0.000000,0.386000
0.061240,0.000000,0.347000
0.061828,0.000000,0.308000
0.062416,0.000000,0.274000
0.063004,0.000000,0.239000
0.063596,0.000000,0.225000
0.064180,0.000000,0.191000
0.064772,0.000000,0.171000
0.065356,0.000000,0.152000
0.065948,0.000000,0.142000
0.066536,0.000000,0.122000
0.067132,0.000000,0.117000
0.067728,0.000000,0.093000
0.068316,0.000000,0.093000
0.068912,0.000000,0.073000
0.069500,0.000000,0.073000
0.070096,0.000000,0.068000
0.070692,0.000000,0.059000
0.071280,0.000000,0.044000
0.071876,0.000000,0.034000
0.072468,0.000000,0.034000
0.073064,0.000000,0.034000
0.073652,0.000000,0.034000
0.074248,0.000000,0.034000
0.074844,0.000000,0.029000
0.075432,0.000000,0.015000
0.076028,0.000000,0.015000
0.076620,0.000000,0.015000
0.077216,0.000000,0.015000
0.077804,0.000000,0.015000
0.078400,0.000000,0.015000
0.078996,0.000000,0.015000
0.079584,0.000000,0.005000
0.080180,0.000000,0.005000
0.080772,0.000000,0.005000
0.081368,0.000000,0.005000
0.081960,0.000000,0.005000
0.082552,0.000000,0.005000
0.083148,0.000000,0.005000
0.083736,0.000000,0.000000
0.084332,0.000000,0.000000
0.084920,0.000000,0.000000
0.085516,0.000000,0.000000
0.086116,0.000000,0.000000
0.086704,0.000000,0.000000
0.087300,0.000000,0.000000
0.087888,0.000000,0.000000
0.088484,0.000000,0.000000
0.089072,0.000000,0.000000
0.089668,0.000000,0.000000
0.090264,0.000000,0.000000
0.090852,0.000000,0.000000
0.091448,0.000000,0.000000
0.092040,0.000000,0.000000
0.092636,0.000000,0.000000
0.093232,0.000000,0.000000
0.093820,0.000000,0.000000
0.000028,4.829000,0.860000
0.000628,4.340000,1.344000
0.001224,4.785000,2.380000
0.001816,4.853000,2.625000
0.002412,4.878000,1.931000
0.003000,4.809000,2.273000
0.003596,4.927000,2.502000
0.004192,4.966000,2.742000
0.004780,4.995000,2.986000
0.005376,4.985000,3.201000
0.005964,4.990000,3.392000
0.006560,4.995000,3.558000
0.007148,4.995000,3.715000
0.007744,4.995000,3.847000
0.008336,4.995000,3.969000
0.008924,5.000000,4.062000
0.009516,5.000000,4.184000
0.010104,5.000000,4.257000
0.010700,5.000000,4.340000
0.011284,5.000000,4.409000
0.011880,5.000000,4.472000
0.012472,5.000000,4.526000
0.013060,5.000000,4.570000
0.013652,5.000000,4.619000
0.014240,5.000000,4.658000
0.014832,5.000000,4.692000
0.015420,5.000000,4.726000
0.016016,5.000000,4.761000
0.016608,5.000000,4.785000
0.017196,5.000000,4.809000
0.017788,5.000000,4.829000
0.018372,5.000000,4.848000
0.018968,5.000000,4.863000
0.019560,5.000000,4.883000
0.020144,5.000000,4.888000
0.020740,5.000000,4.907000
0.021324,5.000000,4.917000
0.021916,5.000000,4.927000
0.022504,5.000000,4.927000
0.023096,5.000000,4.932000
0.023688,5.000000,4.941000
0.024276,5.000000,4.956000
0.024868,5.000000,4.956000
0.025456,5.000000,4.966000
0.026048,5.000000,4.966000
0.026636,5.000000,4.966000
0.027228,5.000000,4.971000
0.027820,5.000000,4.971000
0.028408,5.000000,4.980000
0.029000,5.000000,4.980000
0.029584,5.000000,4.985000
0.030180,5.000000,4.985000
0.030764,5.000000,4.985000
0.031360,5.000000,4.985000
0.031952,5.000000,4.995000
0.032536,5.000000,4.985000
0.033128,5.000000,4.985000
0.033716,5.000000,4.990000
0.034308,5.000000,4.995000
0.034896,5.000000,4.995000
0.035480,5.000000,4.995000
0.036072,5.000000,5.000000
0.036660,5.000000,5.000000
0.037252,5.000000,5.000000
0.037836,5.000000,5.000000
0.038428,5.000000,5.000000
0.039020,5.000000,5.000000
0.039604,5.000000,5.000000
0.040196,5.000000,5.000000
0.040780,5.000000,5.000000
0.041372,5.000000,5.000000
0.041960,5.000000,5.000000
0.042552,5.000000,5.000000
0.043144,5.000000,5.000000
0.043728,5.000000,5.000000
0.044320,5.000000,5.000000
0.044904,5.000000,5.000000
0.045496,5.000000,5.000000
0.046080,5.000000,5.000000
0.046672,5.000000,5.000000
0.047268,1.129000,4.765000
0.047856,1.046000,4.282000
0.048448,1.075000,3.768000
0.049032,0.293000,3.421000
0.049624,0.171000,3.065000
0.050212,0.059000,2.796000
0.050804,0.034000,2.414000
0.051396,0.015000,2.263000
0.051980,0.015000,2.028000
0.052572,0.005000,1.799000
0.053156,0.005000,1.632000
0.053748,0.005000,1.442000
0.054340,0.000000,1.310000
0.054928,0.000000,1.163000
0.055520,0.000000,1.046000
0.056104,0.000000,0.938000
0.056696,0.000000,0.826000
0.057284,0.000000,0.743000
0.057876,0.000000,0.660000
0.058468,0.000000,0.591000
0.059052,0.000000,0.538000
0.059644,0.000000,0.474000
0.060232,0.000000,0.430000
0.060820,0.000000,0.386000
0.061408,0.000000,0.347000
0.062000,0.000000,0.308000
0.062592,0.000000,0.274000
0.063176,0.000000,0.239000
0.063768,0.000000,0.215000
0.064356,0.000000,0.191000
0.064948,0.000000,0.171000
0.065532,0.000000,0.152000
0.066124,0.000000,0.137000
0.066720,0.000000,0.122000
0.067308,0.000000,0.117000
0.067900,0.000000,0.093000
0.068488,0.000000,0.083000
0.069080,0.000000,0.073000
0.069668,0.000000,0.073000
0.070260,0.000000,0.068000
0.070852,0.000000,0.059000
0.071440,0.000000,0.054000
0.072036,0.000000,0.044000
0.072624,0.000000,0.034000
0.073216,0.000000,0.034000
0.073808,0.000000,0.034000
0.074396,0.000000,0.034000
0.074988,0.000000,0.029000
0.075576,0.000000,0.015000
0.076168,0.000000,0.015000
0.076756,0.000000,0.015000
0.077352,0.000000,0.015000
0.077944,0.000000,0.015000
0.078532,0.000000,0.015000
0.079124,0.000000,0.005000
0.079712,0.000000,0.005000
0.080304,0.000000,0.005000
0.080892,0.000000,0.005000
0.081488,0.000000,0.005000
0.082080,0.000000,0.005000
0.082668,0.000000,0.000000
0.083260,0.000000,0.005000
0.083848,0.000000,0.005000
0.084440,0.000000,0.000000
0.085028,0.000000,0.000000
0.085620,0.000000,0.000000
0.086216,0.000000,0.000000
0.086804,0.000000,0.000000
0.087396,0.000000,0.000000
0.087984,0.000000,0.000000
0.088576,0.000000,0.000000
0.089168,0.000000,0.000000
0.089756,0.000000,0.000000
0.090348,0.000000,0.000000
0.090936,0.000000,0.000000
0.091528,0.000000,0.000000
0.092116,0.000000,0.000000
0.092708,0.000000,0.000000
0.093304,0.000000,0.000000
0.093892,0.000000,0.000000
0.000028,4.252000,0.860000
0.000628,4.863000,1.344000
0.001228,4.438000,1.735000
0.001816,4.570000,1.994000
0.002412,4.619000,2.190000
0.003004,4.721000,2.703000
0.003596,4.863000,2.737000
0.004192,4.927000,2.849000
0.004780,4.966000,3.040000
0.005376,4.995000,3.201000
0.005964,4.971000,3.402000
0.006560,4.995000,3.558000
0.007148,4.985000,3.715000
0.007740,5.000000,3.847000
0.008336,5.000000,3.969000
0.008924,5.000000,4.062000
0.009520,5.000000,4.184000
0.010108,5.000000,4.262000
0.010700,5.000000,4.340000
0.011288,5.000000,4.413000
0.011884,5.000000,4.472000
0.012476,5.000000,4.526000
0.013064,5.000000,4.570000
0.013656,5.000000,4.619000
0.014244,5.000000,4.658000
0.014840,5.000000,4.692000
0.015428,5.000000,4.726000
0.016020,5.000000,4.761000
0.016616,5.000000,4.785000
0.017200,5.000000,4.809000
0.017796,5.000000,4.829000
0.018384,5.000000,4.848000
0.018976,5.000000,4.863000
0.019568,5.000000,4.878000
0.020156,5.000000,4.883000
0.020748,5.000000,4.907000
0.021336,5.000000,4.907000
0.021928,5.000000,4.922000
0.022516,5.000000,4.927000
0.023108,5.000000,4.932000
0.023700,5.000000,4.941000
0.024288,5.000000,4.946000
0.024880,5.000000,4.966000
0.025468,5.000000,4.966000
0.026060,5.000000,4.966000
0.026648,5.000000,4.966000
0.027240,5.000000,4.971000
0.027832,5.000000,4.971000
0.028420,5.000000,4.985000
0.029012,5.000000,4.985000
0.029600,5.000000,4.985000
0.030192,5.000000,4.985000
0.030776,5.000000,4.985000
0.031372,5.000000,4.985000
0.031964,5.000000,4.985000
0.032548,5.000000,4.985000
0.033144,5.000000,4.995000
0.033728,5.000000,4.995000
0.034320,5.000000,4.995000
0.034912,5.000000,4.995000
0.035500,5.000000,4.995000
0.036092,5.000000,4.995000
0.036676,5.000000,5.000000
0.037268,5.000000,5.000000
0.037856,5.000000,5.000000
0.038448,5.000000,5.000000
0.039040,5.000000,5.000000
0.039624,5.000000,5.000000
0.040216,5.000000,5.000000
0.040804,5.000000,5.000000
0.041396,5.000000,5.000000
0.041980,5.000000,4.995000
0.042572,5.000000,5.000000
0.043164,5.000000,5.000000
0.043748,5.000000,5.000000
0.044340,5.000000,5.000000
0.044928,5.000000,5.000000
0.045520,5.000000,5.000000
0.046104,5.000000,5.000000
0.046696,5.000000,5.000000
0.047292,0.875000,3.988000
0.047880,0.919000,4.340000
0.048472,1.325000,3.123000
0.049056,0.660000,3.500000
0.049648,0.899000,2.688000
0.050236,0.137000,2.830000
0.050824,0.308000,2.424000
0.051420,0.034000,2.273000
0.052004,0.059000,1.994000
0.052596,0.015000,1.828000
0.053180,0.015000,1.623000
0.053772,0.005000,1.461000
0.054360,0.005000,1.310000
0.054944,0.005000,1.173000
0.055536,0.000000,1.046000
0.056124,0.000000,0.938000
0.056716,0.000000,0.826000
0.057300,0.000000,0.743000
0.057892,0.000000,0.660000
0.058484,0.000000,0.601000
0.059072,0.000000,0.538000
0.059664,0.000000,0.474000
0.060248,0.000000,0.430000
0.060840,0.000000,0.386000
0.061424,0.000000,0.347000
0.062016,0.000000,0.308000
0.062608,0.000000,0.274000
0.063196,0.000000,0.249000
0.063788,0.000000,0.220000
0.064372,0.000000,0.191000
0.064964,0.000000,0.171000
0.065552,0.000000,0.152000
0.066144,0.000000,0.137000
0.066740,0.000000,0.122000
0.067328,0.000000,0.117000
0.067920,0.000000,0.093000
0.068508,0.000000,0.083000
0.069100,0.000000,0.073000
0.069688,0.000000,0.073000
0.070284,0.000000,0.068000
0.070876,0.000000,0.059000
0.071464,0.000000,0.054000
0.072056,0.000000,0.044000
0.072644,0.000000,0.034000
0.073240,0.000000,0.034000
0.073832,0.000000,0.034000
0.074420,0.000000,0.029000
0.075012,0.000000,0.029000
0.075600,0.000000,0.029000
0.076196,0.000000,0.015000
0.076780,0.000000,0.015000
0.077376,0.000000,0.015000
0.077968,0.000000,0.015000
0.078556,0.000000,0.015000
0.079152,0.000000,0.015000
0.079736,0.000000,0.005000
0.080332,0.000000,0.005000
0.080920,0.000000,0.005000
0.081512,0.000000,0.005000
0.082108,0.000000,0.005000
0.082692,0.000000,0.000000
0.083288,0.000000,0.005000
0.083876,0.000000,0.000000
0.084468,0.000000,0.000000
0.085056,0.000000,0.000000
0.085648,0.000000,0.000000
0.086244,0.000000,0.000000
0.086832,0.000000,0.000000
0.087424,0.000000,0.000000
0.088012,0.000000,0.000000
0.088604,0.000000,0.000000
0.089200,0.000000,0.000000
0.089788,0.000000,0.000000
0.090380,0.000000,0.000000
0.090968,0.000000,0.000000
0.091560,0.000000,0.000000
0.092148,0.000000,0.000000
0.092744,0.000000,0.000000
0.093336,0.000000,0.000000
0.093924,0.000000,0.000000
