Channel 1,Channel 2,Channel 3
0.000036,4.653000,0.841000
0.000168,4.360000,1.799000
0.000304,4.809000,2.092000
0.000444,4.829000,2.805000
0.000584,4.907000,3.221000
0.000720,4.932000,3.612000
0.000860,4.956000,3.925000
0.001000,4.966000,4.159000
0.001144,4.966000,4.360000
0.001284,4.985000,4.497000
0.001424,4.985000,4.614000
0.001564,4.985000,4.692000
0.001704,4.995000,4.765000
0.001844,4.995000,4.809000
0.001980,4.995000,4.853000
0.002128,5.000000,4.883000
0.002260,5.000000,4.907000
0.002396,5.000000,4.927000
0.002532,5.000000,4.941000
0.002668,5.000000,4.966000
0.002804,5.000000,4.966000
0.002940,5.000000,4.966000
0.003076,5.000000,4.985000
0.003212,5.000000,4.985000
0.003348,5.000000,4.985000
0.003484,5.000000,4.985000
0.003616,5.000000,4.995000
0.003752,5.000000,4.995000
0.003888,5.000000,4.995000
0.004024,5.000000,5.000000
0.004164,5.000000,5.000000
0.004300,5.000000,5.000000
0.004436,5.000000,5.000000
0.004572,5.000000,5.000000
0.004704,5.000000,5.000000
0.004840,5.000000,5.000000
0.004976,5.000000,5.000000
0.005116,5.000000,5.000000
0.005248,5.000000,5.000000
0.005384,5.000000,5.000000
0.005520,5.000000,5.000000
0.005656,5.000000,5.000000
0.005788,5.000000,5.000000
0.005924,5.000000,5.000000
0.006060,5.000000,5.000000
0.006200,5.000000,5.000000
0.006336,5.000000,5.000000
0.006472,5.000000,5.000000
0.006608,5.000000,5.000000
0.006740,5.000000,5.000000
0.006876,5.000000,5.000000
0.007012,5.000000,5.000000
0.007148,5.000000,5.000000
0.007288,5.000000,5.000000
0.007424,5.000000,5.000000
0.007560,5.000000,5.000000
0.007692,5.000000,5.000000
0.007828,5.000000,5.000000
0.007964,5.000000,5.000000
0.008100,5.000000,5.000000
0.008240,5.000000,5.000000
0.008376,5.000000,5.000000
0.008512,5.000000,5.000000
0.008644,5.000000,5.000000
0.008780,5.000000,5.000000
0.008916,5.000000,5.000000
0.009048,5.000000,5.000000
0.009184,5.000000,5.000000
0.009324,5.000000,5.000000
0.009460,5.000000,5.000000
0.009596,5.000000,5.000000
0.009732,5.000000,5.000000
0.009864,5.000000,5.000000
0.010000,5.000000,5.000000
0.010136,5.000000,5.000000
0.010276,5.000000,5.000000
0.010408,5.000000,5.000000
0.010544,5.000000,5.000000
0.010680,5.000000,5.000000
0.010812,5.000000,5.000000
0.010952,1.056000,3.939000
0.011088,1.403000,3.065000
0.011220,0.758000,2.693000
0.011364,0.112000,2.297000
0.011496,0.093000,1.779000
0.011632,0.068000,1.403000
0.011768,0.054000,1.095000
0.011900,0.034000,0.860000
0.012036,0.034000,0.670000
0.012168,0.020000,0.528000
0.012312,0.015000,0.406000
0.012444,0.015000,0.318000
0.012580,0.005000,0.249000
0.012716,0.005000,0.191000
0.012848,0.005000,0.152000
0.012984,0.000000,0.117000
0.013120,0.000000,0.093000
0.013252,0.000000,0.073000
0.013396,0.000000,0.059000
0.013528,0.000000,0.044000
0.013664,0.000000,0.034000
0.013796,0.000000,0.029000
0.013932,0.000000,0.020000
0.014068,0.000000,0.015000
0.014200,0.000000,0.015000
0.014340,0.000000,0.005000
0.014476,0.000000,0.005000
0.014608,0.000000,0.005000
0.014744,0.000000,0.000000
0.014880,0.000000,0.000000
0.015012,0.000000,0.000000
0.015148,0.000000,0.000000
0.015280,0.000000,0.000000
0.015424,0.000000,0.000000
0.015556,0.000000,0.000000
0.015692,0.000000,0.000000
0.015828,0.000000,0.000000
0.015960,0.000000,0.000000
0.016096,0.000000,0.000000
0.016232,0.000000,0.000000
0.016364,0.000000,0.000000
0.016508,0.000000,0.000000
0.016640,0.000000,0.000000
0.016776,0.000000,0.000000
0.016912,0.000000,0.000000
0.017044,0.000000,0.000000
0.017180,0.000000,0.000000
0.017316,0.000000,0.000000
0.017456,0.000000,0.000000
0.017592,0.000000,0.000000
0.017728,0.000000,0.000000
0.017864,0.000000,0.000000
0.017996,0.000000,0.000000
0.018132,0.000000,0.000000
0.018268,0.000000,0.000000
0.018400,0.000000,0.000000
0.018544,0.000000,0.000000
0.018676,0.000000,0.000000
0.018812,0.000000,0.000000
0.018948,0.000000,0.000000
0.019084,0.000000,0.000000
0.019216,0.000000,0.000000
0.019352,0.000000,0.000000
0.019492,0.000000,0.000000
0.019628,0.000000,0.000000
0.019764,0.000000,0.000000
0.019900,0.000000,0.000000
0.020032,0.000000,0.000000
0.020168,0.000000,0.000000
0.020304,0.000000,0.000000
0.020440,0.000000,0.000000
0.020580,0.000000,0.000000
0.020716,0.000000,0.000000
0.020848,0.000000,0.000000
0.020984,0.000000,0.000000
0.021120,0.000000,0.000000
0.021252,0.000000,0.000000
0.021388,0.000000,0.000000
0.021528,0.000000,0.000000
0.021664,0.000000,0.000000
0.000028,4.203000,0.787000
0.000172,4.751000,1.813000
0.000312,4.604000,2.586000
0.000452,4.888000,2.776000
0.000596,4.922000,3.280000
0.000736,4.941000,3.671000
0.000880,4.956000,3.969000
0.001024,4.966000,4.213000
0.001164,4.971000,4.384000
0.001304,4.985000,4.526000
0.001444,4.985000,4.629000
0.001584,4.990000,4.707000
0.001724,4.995000,4.775000
0.001864,4.995000,4.829000
0.002004,4.995000,4.863000
0.002152,5.000000,4.892000
0.002292,5.000000,4.922000
0.002432,5.000000,4.941000
0.002572,5.000000,4.956000
0.002708,5.000000,4.966000
0.002848,5.000000,4.966000
0.002988,5.000000,4.971000
0.003136,5.000000,4.985000
0.003276,5.000000,4.985000
0.003412,5.000000,4.995000
0.003552,5.000000,4.995000
0.003692,5.000000,4.995000
0.003832,5.000000,5.000000
0.003972,5.000000,5.000000
0.004116,5.000000,5.000000
0.004256,5.000000,5.000000
0.004396,5.000000,5.000000
0.004532,5.000000,5.000000
0.004672,5.000000,5.000000
0.004812,5.000000,5.000000
0.004948,5.000000,5.000000
0.005088,5.000000,5.000000
0.005232,5.000000,5.000000
0.005372,5.000000,5.000000
0.005512,5.000000,5.000000
0.005648,5.000000,5.000000
0.005788,5.000000,5.000000
0.005928,5.000000,5.000000
0.006064,5.000000,5.000000
0.006208,5.000000,5.000000
0.006348,5.000000,5.000000
0.006488,5.000000,4.995000
0.006624,5.000000,5.000000
0.006764,5.000000,5.000000
0.006904,5.000000,5.000000
0.007044,5.000000,5.000000
0.007188,5.000000,4.995000
0.007324,5.000000,4.995000
0.007464,5.000000,5.000000
0.007604,5.000000,5.000000
0.007740,5.000000,4.995000
0.007880,5.000000,4.995000
0.008020,5.000000,5.000000
0.008156,5.000000,5.000000
0.008304,5.000000,5.000000
0.008440,5.000000,5.000000
0.008576,5.000000,5.000000
0.008716,5.000000,5.000000
0.008852,5.000000,5.000000
0.008988,5.000000,5.000000
0.009128,5.000000,5.000000
0.009272,5.000000,5.000000
0.009408,5.000000,5.000000
0.009544,5.000000,5.000000
0.009684,5.000000,5.000000
0.009820,5.000000,5.000000
0.009960,5.000000,5.000000
0.010096,5.000000,5.000000
0.010240,5.000000,5.000000
0.010376,5.000000,5.000000
0.010512,5.000000,5.000000
0.010652,5.000000,5.000000
0.010788,5.000000,5.000000
0.010928,5.000000,5.000000
0.011064,5.000000,5.000000
0.011204,0.938000,4.497000
0.011348,0.503000,3.597000
0.011488,0.562000,2.849000
0.011624,0.191000,2.204000
0.011760,0.093000,1.755000
0.011900,0.068000,1.369000
0.012036,0.044000,1.061000
0.012172,0.034000,0.816000
0.012316,0.034000,0.640000
0.012452,0.015000,0.503000
0.012592,0.015000,0.386000
0.012728,0.015000,0.303000
0.012864,0.005000,0.235000
0.013004,0.005000,0.186000
0.013140,0.000000,0.147000
0.013276,0.000000,0.117000
0.013420,0.000000,0.083000
0.013560,0.000000,0.068000
0.013696,0.000000,0.059000
0.013832,0.000000,0.034000
0.013968,0.000000,0.034000
0.014108,0.000000,0.020000
0.014244,0.000000,0.015000
0.014388,0.000000,0.015000
0.014524,0.000000,0.005000
0.014660,0.000000,0.005000
0.014800,0.000000,0.005000
0.014936,0.000000,0.005000
0.015072,0.000000,0.000000
0.015212,0.000000,0.000000
0.015352,0.000000,0.000000
0.015488,0.000000,0.000000
0.015624,0.000000,0.000000
0.015764,0.000000,0.000000
0.015900,0.000000,0.000000
0.016036,0.000000,0.000000
0.016176,0.000000,0.000000
0.016312,0.000000,0.000000
0.016456,0.000000,0.000000
0.016592,0.000000,0.000000
0.016728,0.000000,0.000000
0.016864,0.000000,0.000000
0.017000,0.000000,0.000000
0.017136,0.000000,0.000000
0.017272,0.000000,0.000000
0.017416,0.000000,0.000000
0.017552,0.000000,0.000000
0.017688,0.000000,0.000000
0.017824,0.000000,0.000000
0.017960,0.000000,0.000000
0.018096,0.000000,0.000000
0.018232,0.000000,0.000000
0.018368,0.000000,0.000000
0.018512,0.000000,0.000000
0.018648,0.000000,0.000000
0.018784,0.000000,0.000000
0.018920,0.000000,0.000000
0.019056,0.000000,0.000000
0.019192,0.000000,0.000000
0.019328,0.000000,0.000000
0.019468,0.000000,0.000000
0.019604,0.000000,0.000000
0.019740,0.000000,0.000000
0.019876,0.000000,0.000000
0.020012,0.000000,0.000000
0.020148,0.000000,0.000000
0.020284,0.000000,0.000000
0.020420,0.000000,0.000000
0.020564,0.000000,0.000000
0.020700,0.000000,0.000000
0.020836,0.000000,0.000000
0.020972,0.000000,0.000000
0.021108,0.000000,0.000000
0.021244,0.000000,0.000000
0.021380,0.000000,0.000000
0.021524,0.000000,0.000000
0.021660,0.000000,0.000000
0.021796,0.000000,0.000000
0.021932,0.000000,0.000000
0.022068,0.000000,0.000000
0.000028,4.340000,0.670000
0.000172,4.673000,2.454000
0.000312,4.829000,2.576000
0.000452,4.883000,2.776000
0.000600,4.907000,3.280000
0.000740,4.941000,3.675000
0.000884,4.956000,3.978000
0.001024,4.966000,4.213000
0.001164,4.966000,4.384000
0.001308,4.985000,4.526000
0.001448,4.985000,4.629000
0.001588,4.985000,4.707000
0.001732,4.995000,4.775000
0.001876,4.995000,4.834000
0.002016,5.000000,4.878000
0.002156,5.000000,4.902000
0.002296,5.000000,4.927000
0.002432,5.000000,4.932000
0.002572,5.000000,4.956000
0.002716,5.000000,4.966000
0.002856,5.000000,4.966000
0.002996,5.000000,4.980000
0.003136,5.000000,4.985000
0.003276,5.000000,4.985000
0.003416,5.000000,4.995000
0.003552,5.000000,4.995000
0.003700,5.000000,4.995000
0.003836,5.000000,4.995000
0.003976,5.000000,4.995000
0.004116,5.000000,4.995000
0.004256,5.000000,4.995000
0.004392,5.000000,5.000000
0.004532,5.000000,4.995000
0.004668,5.000000,5.000000
0.004816,5.000000,5.000000
0.004952,5.000000,5.000000
0.005092,5.000000,5.000000
0.005228,5.000000,5.000000
0.005368,5.000000,5.000000
0.005504,5.000000,5.000000
0.005644,5.000000,5.000000
0.005788,5.000000,5.000000
0.005924,5.000000,5.000000
0.006064,5.000000,5.000000
0.006200,5.000000,5.000000
0.006340,5.000000,5.000000
0.006476,5.000000,5.000000
0.006616,5.000000,5.000000
0.006760,5.000000,5.000000
0.006900,5.000000,5.000000
0.007036,5.000000,5.000000
0.007176,5.000000,5.000000
0.007312,5.000000,5.000000
0.007452,5.000000,5.000000
0.007588,5.000000,5.000000
0.007728,5.000000,5.000000
0.007872,5.000000,5.000000
0.008008,5.000000,5.000000
0.008148,5.000000,5.000000
0.008284,5.000000,5.000000
0.008424,5.000000,5.000000
0.008560,5.000000,5.000000
0.008700,5.000000,5.000000
0.008844,5.000000,5.000000
0.008980,5.000000,5.000000
0.009120,5.000000,5.000000
0.009256,5.000000,5.000000
0.009396,5.000000,5.000000
0.009532,5.000000,5.000000
0.009672,5.000000,5.000000
0.009816,5.000000,5.000000
0.009952,5.000000,5.000000
0.010092,5.000000,5.000000
0.010228,5.000000,5.000000
0.010368,5.000000,5.000000
0.010504,5.000000,5.000000
0.010644,5.000000,5.000000
0.010780,5.000000,5.000000
0.010924,5.000000,5.000000
0.011064,5.000000,5.000000
0.011204,1.442000,4.609000
0.011344,0.630000,3.558000
0.011480,0.215000,2.688000
0.011616,0.117000,2.263000
0.011756,0.078000,1.755000
0.011900,0.059000,1.369000
0.012036,0.044000,1.056000
0.012176,0.034000,0.816000
0.012312,0.034000,0.640000
0.012448,0.015000,0.503000
0.012588,0.015000,0.386000
0.012724,0.015000,0.308000
0.012864,0.005000,0.235000
0.013008,0.005000,0.186000
0.013144,0.005000,0.147000
0.013284,0.000000,0.117000
0.013420,0.000000,0.083000
0.013560,0.000000,0.068000
0.013696,0.000000,0.059000
0.013836,0.000000,0.034000
0.013976,0.000000,0.034000
0.014116,0.000000,0.029000
0.014252,0.000000,0.015000
0.014392,0.000000,0.015000
0.014528,0.000000,0.015000
0.014668,0.000000,0.005000
0.014804,0.000000,0.005000
0.014948,0.000000,0.000000
0.015084,0.000000,0.000000
0.015224,0.000000,0.000000
0.015360,0.000000,0.000000
0.015500,0.000000,0.000000
0.015636,0.000000,0.000000
0.015776,0.000000,0.000000
0.015912,0.000000,0.000000
0.016056,0.000000,0.000000
0.016196,0.000000,0.000000
0.016332,0.000000,0.000000
0.016472,0.000000,0.000000
0.016608,0.000000,0.000000
0.016744,0.000000,0.000000
0.016880,0.000000,0.000000
0.017024,0.000000,0.000000
0.017160,0.000000,0.000000
0.017296,0.000000,0.000000
0.017432,0.000000,0.000000
0.017572,0.000000,0.000000
0.017708,0.000000,0.000000
0.017844,0.000000,0.000000
0.017980,0.000000,0.000000
0.018124,0.000000,0.000000
0.018260,0.000000,0.000000
0.018396,0.000000,0.000000
0.018532,0.000000,0.000000
0.018668,0.000000,0.000000
0.018804,0.000000,0.000000
0.018944,0.000000,0.000000
0.019084,0.000000,0.000000
0.019224,0.000000,0.000000
0.019360,0.000000,0.000000
0.019496,0.000000,0.000000
0.019632,0.000000,0.000000
0.019768,0.000000,0.000000
0.019904,0.000000,0.000000
0.020048,0.000000,0.000000
0.020184,0.000000,0.000000
0.020320,0.000000,0.000000
0.020456,0.000000,0.000000
0.020596,0.000000,0.000000
0.020732,0.000000,0.000000
0.020868,0.000000,0.000000
0.021004,0.000000,0.000000
0.021148,0.000000,0.000000
0.021284,0.000000,0.000000
0.021420,0.000000,0.000000
0.021556,0.000000,0.000000
0.021692,0.000000,0.000000
0.021828,0.000000,0.000000
0.021968,0.000000,0.000000
0.022104,0.000000,0.000000
