Channel 1,Channel 2,Channel 3
0.000036,4.848000,0.743000
0.000668,4.340000,1.325000
0.001316,4.853000,1.838000
0.001952,4.570000,1.994000
0.002600,4.726000,2.067000
0.003240,4.800000,2.263000
0.003876,4.892000,2.483000
0.004516,4.927000,2.810000
0.005156,4.985000,2.937000
0.005792,4.985000,3.157000
0.006436,4.995000,3.343000
0.007072,4.995000,3.514000
0.007712,4.995000,3.675000
0.008352,4.995000,3.812000
0.008988,4.995000,3.939000
0.009628,4.995000,4.047000
0.010268,5.000000,4.140000
0.010904,5.000000,4.228000
0.011544,5.000000,4.306000
0.012180,5.000000,4.379000
0.012820,5.000000,4.448000
0.013464,5.000000,4.501000
0.014096,5.000000,4.550000
0.014740,5.000000,4.604000
0.015380,5.000000,4.653000
0.016016,5.000000,4.682000
0.016656,5.000000,4.707000
0.017292,5.000000,4.736000
0.017932,5.000000,4.765000
0.018572,5.000000,4.800000
0.019208,5.000000,4.814000
0.019848,5.000000,4.839000
0.020484,5.000000,4.853000
0.021116,5.000000,4.863000
0.021760,5.000000,4.883000
0.022392,5.000000,4.892000
0.023036,5.000000,4.907000
0.023676,5.000000,4.917000
0.024312,5.000000,4.927000
0.024952,5.000000,4.927000
0.025592,5.000000,4.941000
0.026228,5.000000,4.941000
0.026868,5.000000,4.956000
0.027504,5.000000,4.956000
0.028144,5.000000,4.966000
0.028784,5.000000,4.966000
0.029420,5.000000,4.966000
0.030060,5.000000,4.966000
0.030696,5.000000,4.971000
0.031336,5.000000,4.980000
0.031976,5.000000,4.985000
0.032612,5.000000,4.985000
0.033252,5.000000,4.985000
0.033896,5.000000,4.985000
0.034528,5.000000,4.985000
0.035172,5.000000,4.995000
0.035804,5.000000,4.995000
0.036444,5.000000,4.985000
0.037088,5.000000,4.995000
0.037720,5.000000,4.995000
0.038364,5.000000,5.000000
0.039004,5.000000,5.000000
0.039640,5.000000,5.000000
0.040280,5.000000,4.995000
0.040912,5.000000,5.000000
0.041556,5.000000,5.000000
0.042196,5.000000,5.000000
0.042832,5.000000,5.000000
0.043472,5.000000,5.000000
0.044112,5.000000,5.000000
0.044748,5.000000,5.000000
0.045388,5.000000,5.000000
0.046024,5.000000,5.000000
0.046664,5.000000,5.000000
0.047304,5.000000,5.000000
0.047940,5.000000,5.000000
0.048580,5.000000,5.000000
0.049220,5.000000,5.000000
0.049856,5.000000,5.000000
0.050496,5.000000,5.000000
0.051136,1.129000,4.765000
0.051776,1.310000,4.081000
0.052416,0.816000,3.900000
0.053052,0.787000,3.475000
0.053692,0.777000,3.089000
0.054332,0.152000,2.849000
0.054968,0.083000,2.561000
0.055608,0.083000,2.287000
0.056244,0.015000,2.028000
0.056884,0.005000,1.828000
0.057524,0.005000,1.637000
0.058160,0.005000,1.486000
0.058800,0.005000,1.325000
0.059444,0.005000,1.188000
0.060076,0.000000,1.075000
0.060720,0.000000,0.953000
0.061352,0.000000,0.860000
0.061996,0.000000,0.772000
0.062636,0.000000,0.694000
0.063272,0.000000,0.621000
0.063912,0.000000,0.552000
0.064552,0.000000,0.499000
0.065188,0.000000,0.450000
0.065828,0.000000,0.396000
0.066468,0.000000,0.347000
0.067112,0.000000,0.318000
0.067756,0.000000,0.288000
0.068396,0.000000,0.249000
0.069044,0.000000,0.230000
0.069688,0.000000,0.200000
0.070328,0.000000,0.186000
0.070972,0.000000,0.161000
0.071612,0.000000,0.152000
0.072260,0.000000,0.137000
0.072904,0.000000,0.117000
0.073544,0.000000,0.108000
0.074188,0.000000,0.093000
0.074836,0.000000,0.083000
0.075472,0.000000,0.073000
0.076120,0.000000,0.068000
0.076760,0.000000,0.059000
0.077404,0.000000,0.059000
0.078052,0.000000,0.044000
0.078688,0.000000,0.034000
0.079336,0.000000,0.034000
0.079980,0.000000,0.034000
0.080620,0.000000,0.034000
0.081268,0.000000,0.029000
0.081904,0.000000,0.029000
0.082552,0.000000,0.015000
0.083196,0.000000,0.015000
0.083836,0.000000,0.015000
0.084484,0.000000,0.015000
0.085128,0.000000,0.015000
0.085768,0.000000,0.015000
0.086412,0.000000,0.015000
0.087056,0.000000,0.005000
0.087696,0.000000,0.005000
0.088344,0.000000,0.005000
0.088984,0.000000,0.005000
0.089628,0.000000,0.005000
0.090272,0.000000,0.005000
0.090912,0.000000,0.000000
0.091560,0.000000,0.000000
0.092204,0.000000,0.000000
0.092844,0.000000,0.000000
0.093488,0.000000,0.000000
0.094128,0.000000,0.000000
0.094776,0.000000,0.000000
0.095420,0.000000,0.000000
0.096060,0.000000,0.000000
0.096704,0.000000,0.000000
0.097352,0.000000,0.000000
0.097992,0.000000,0.000000
0.098636,0.000000,0.000000
0.099276,0.000000,0.000000
0.099920,0.000000,0.000000
0.100568,0.000000,0.000000
0.101208,0.000000,0.000000
0.101852,0.000000,0.000000
0.000024,4.653000,1.525000
0.000676,4.340000,1.334000
0.001324,4.790000,2.375000
0.001964,4.853000,2.620000
0.002608,4.878000,1.911000
0.003252,4.809000,2.703000
0.003892,4.966000,2.463000
0.004536,4.927000,2.810000
0.005176,4.985000,2.952000
0.005820,4.995000,3.162000
0.006464,4.985000,3.363000
0.007104,4.995000,3.514000
0.007748,4.995000,3.675000
0.008392,4.995000,3.812000
0.009028,5.000000,3.939000
0.009672,5.000000,4.047000
0.010308,5.000000,4.140000
0.010952,4.995000,4.238000
0.011596,5.000000,4.321000
0.012232,5.000000,4.394000
0.012876,5.000000,4.453000
0.013520,5.000000,4.516000
0.014156,5.000000,4.565000
0.014800,5.000000,4.614000
0.015440,5.000000,4.653000
0.016080,5.000000,4.692000
0.016724,5.000000,4.712000
0.017360,5.000000,4.751000
0.018004,5.000000,4.765000
0.018648,5.000000,4.800000
0.019284,5.000000,4.809000
0.019924,5.000000,4.839000
0.020564,5.000000,4.848000
0.021204,5.000000,4.868000
0.021848,5.000000,4.883000
0.022484,5.000000,4.892000
0.023128,5.000000,4.907000
0.023772,5.000000,4.917000
0.024408,5.000000,4.927000
0.025048,5.000000,4.932000
0.025684,5.000000,4.941000
0.026328,5.000000,4.941000
0.026968,5.000000,4.956000
0.027608,5.000000,4.966000
0.028248,5.000000,4.966000
0.028892,5.000000,4.966000
0.029528,5.000000,4.966000
0.030172,5.000000,4.971000
0.030808,5.000000,4.971000
0.031452,5.000000,4.985000
0.032092,5.000000,4.985000
0.032728,5.000000,4.985000
0.033372,5.000000,4.985000
0.034012,5.000000,4.985000
0.034648,5.000000,4.985000
0.035292,5.000000,4.985000
0.035924,5.000000,4.985000
0.036568,5.000000,4.985000
0.037208,5.000000,4.990000
0.037844,5.000000,4.990000
0.038488,5.000000,4.995000
0.039128,5.000000,4.995000
0.039764,5.000000,4.995000
0.040404,5.000000,4.995000
0.041040,5.000000,5.000000
0.041684,5.000000,5.000000
0.042324,5.000000,5.000000
0.042960,5.000000,5.000000
0.043600,5.000000,5.000000
0.044244,5.000000,5.000000
0.044880,5.000000,5.000000
0.045520,5.000000,5.000000
0.046156,5.000000,5.000000
0.046796,5.000000,5.000000
0.047440,5.000000,5.000000
0.048076,5.000000,5.000000
0.048716,5.000000,5.000000
0.049360,5.000000,5.000000
0.049992,5.000000,5.000000
0.050636,5.000000,5.000000
0.051276,1.007000,4.848000
0.051916,1.051000,4.282000
0.052560,1.070000,3.773000
0.053196,0.308000,3.431000
0.053836,0.191000,3.089000
0.054480,0.093000,2.576000
0.055116,0.015000,2.546000
0.055756,0.015000,2.283000
0.056392,0.015000,2.053000
0.057036,0.005000,1.828000
0.057676,0.005000,1.647000
0.058312,0.005000,1.486000
0.058952,0.005000,1.325000
0.059596,0.000000,1.188000
0.060232,0.000000,1.061000
0.060872,0.000000,0.953000
0.061508,0.000000,0.860000
0.062152,0.000000,0.762000
0.062792,0.000000,0.684000
0.063428,0.000000,0.621000
0.064072,0.000000,0.547000
0.064712,0.000000,0.499000
0.065348,0.000000,0.450000
0.065992,0.000000,0.396000
0.066628,0.000000,0.347000
0.067272,0.000000,0.308000
0.067912,0.000000,0.288000
0.068552,0.000000,0.249000
0.069196,0.000000,0.235000
0.069836,0.000000,0.200000
0.070476,0.000000,0.186000
0.071120,0.000000,0.161000
0.071756,0.000000,0.152000
0.072400,0.000000,0.137000
0.073044,0.000000,0.117000
0.073680,0.000000,0.108000
0.074324,0.000000,0.093000
0.074968,0.000000,0.083000
0.075604,0.000000,0.073000
0.076248,0.000000,0.068000
0.076884,0.000000,0.059000
0.077528,0.000000,0.059000
0.078172,0.000000,0.044000
0.078808,0.000000,0.034000
0.079452,0.000000,0.034000
0.080096,0.000000,0.034000
0.080732,0.000000,0.034000
0.081376,0.000000,0.029000
0.082016,0.000000,0.029000
0.082660,0.000000,0.015000
0.083300,0.000000,0.015000
0.083940,0.000000,0.015000
0.084584,0.000000,0.015000
0.085228,0.000000,0.015000
0.085864,0.000000,0.015000
0.086508,0.000000,0.005000
0.087144,0.000000,0.005000
0.087788,0.000000,0.005000
0.088432,0.000000,0.005000
0.089068,0.000000,0.005000
0.089712,0.000000,0.005000
0.090356,0.000000,0.005000
0.090992,0.000000,0.005000
0.091636,0.000000,0.000000
0.092272,0.000000,0.000000
0.092916,0.000000,0.000000
0.093560,0.000000,0.000000
0.094200,0.000000,0.000000
0.094840,0.000000,0.000000
0.095484,0.000000,0.000000
0.096124,0.000000,0.000000
0.096764,0.000000,0.000000
0.097404,0.000000,0.000000
0.098044,0.000000,0.000000
0.098688,0.000000,0.000000
0.099328,0.000000,0.000000
0.099968,0.000000,0.000000
0.100612,0.000000,0.000000
0.101252,0.000000,0.000000
0.101896,0.000000,0.000000
0.000028,4.761000,0.982000
0.000676,4.809000,1.466000
0.001320,4.438000,1.720000
0.001964,4.423000,2.111000
0.002612,4.477000,2.688000
0.003252,4.809000,2.263000
0.003896,4.927000,2.483000
0.004544,4.927000,2.830000
0.005180,4.956000,3.006000
0.005824,4.995000,3.162000
0.006468,4.971000,3.377000
0.007104,4.985000,3.524000
0.007748,5.000000,3.680000
0.008388,5.000000,3.822000
0.009032,5.000000,3.944000
0.009676,5.000000,4.057000
0.010316,5.000000,4.150000
0.010960,5.000000,4.242000
0.011596,4.995000,4.316000
0.012236,5.000000,4.384000
0.012880,5.000000,4.453000
0.013516,5.000000,4.516000
0.014160,5.000000,4.565000
0.014804,5.000000,4.609000
0.015444,5.000000,4.653000
0.016084,5.000000,4.692000
0.016728,5.000000,4.721000
0.017368,5.000000,4.751000
0.018008,5.000000,4.765000
0.018644,5.000000,4.800000
0.019288,5.000000,4.814000
0.019932,5.000000,4.839000
0.020568,5.000000,4.848000
0.021212,5.000000,4.863000
0.021856,5.000000,4.883000
0.022492,5.000000,4.892000
0.023136,5.000000,4.907000
0.023772,5.000000,4.917000
0.024416,5.000000,4.927000
0.025056,5.000000,4.932000
0.025696,5.000000,4.941000
0.026336,5.000000,4.941000
0.026980,5.000000,4.956000
0.027620,5.000000,4.966000
0.028260,5.000000,4.966000
0.028896,5.000000,4.966000
0.029540,5.000000,4.966000
0.030184,5.000000,4.966000
0.030820,5.000000,4.971000
0.031464,5.000000,4.980000
0.032104,5.000000,4.985000
0.032744,5.000000,4.985000
0.033384,5.000000,4.985000
0.034020,5.000000,4.985000
0.034664,5.000000,4.995000
0.035304,5.000000,4.985000
0.035940,5.000000,4.995000
0.036584,5.000000,4.995000
0.037224,5.000000,4.995000
0.037860,5.000000,4.995000
0.038504,5.000000,4.995000
0.039140,5.000000,4.995000
0.039780,5.000000,4.995000
0.040424,5.000000,4.995000
0.041060,5.000000,5.000000
0.041700,5.000000,5.000000
0.042344,5.000000,5.000000
0.042980,5.000000,5.000000
0.043620,5.000000,5.000000
0.044256,5.000000,5.000000
0.044900,5.000000,5.000000
0.045540,5.000000,5.000000
0.046176,5.000000,5.000000
0.046820,5.000000,5.000000
0.047460,5.000000,5.000000
0.048096,5.000000,5.000000
0.048740,5.000000,5.000000
0.049376,5.000000,5.000000
0.050016,5.000000,5.000000
0.050660,5.000000,5.000000
0.051296,1.403000,4.531000
0.051940,1.173000,4.184000
0.052584,0.938000,3.847000
0.053216,1.178000,2.849000
0.053860,0.543000,3.123000
0.054496,0.601000,2.576000
0.055136,0.083000,2.561000
0.055780,0.015000,2.297000
0.056416,0.015000,2.067000
0.057056,0.034000,1.828000
0.057700,0.005000,1.657000
0.058336,0.015000,1.476000
0.058976,0.005000,1.325000
0.059612,0.005000,1.188000
0.060256,0.000000,1.070000
0.060896,0.000000,0.953000
0.061532,0.000000,0.860000
0.062172,0.000000,0.762000
0.062816,0.000000,0.684000
0.063452,0.000000,0.621000
0.064092,0.000000,0.547000
0.064728,0.000000,0.499000
0.065372,0.000000,0.450000
0.066012,0.000000,0.391000
0.066652,0.000000,0.347000
0.067296,0.000000,0.318000
0.067940,0.000000,0.288000
0.068576,0.000000,0.249000
0.069220,0.000000,0.235000
0.069856,0.000000,0.200000
0.070500,0.000000,0.186000
0.071144,0.000000,0.161000
0.071780,0.000000,0.152000
0.072424,0.000000,0.137000
0.073068,0.000000,0.117000
0.073708,0.000000,0.108000
0.074352,0.000000,0.093000
0.074988,0.000000,0.083000
0.075632,0.000000,0.073000
0.076276,0.000000,0.068000
0.076912,0.000000,0.059000
0.077556,0.000000,0.059000
0.078200,0.000000,0.044000
0.078836,0.000000,0.034000
0.079480,0.000000,0.034000
0.080120,0.000000,0.034000
0.080764,0.000000,0.034000
0.081404,0.000000,0.029000
0.082044,0.000000,0.029000
0.082688,0.000000,0.015000
0.083332,0.000000,0.015000
0.083968,0.000000,0.015000
0.084612,0.000000,0.015000
0.085248,0.000000,0.015000
0.085892,0.000000,0.015000
0.086536,0.000000,0.005000
0.087176,0.000000,0.015000
0.087816,0.000000,0.005000
0.088460,0.000000,0.005000
0.089100,0.000000,0.005000
0.089744,0.000000,0.005000
0.090380,0.000000,0.005000
0.091024,0.000000,0.005000
0.091668,0.000000,0.000000
0.092304,0.000000,0.000000
0.092948,0.000000,0.000000
0.093592,0.000000,0.000000
0.094228,0.000000,0.000000
0.094872,0.000000,0.000000
0.095512,0.000000,0.000000
0.096156,0.000000,0.000000
0.096796,0.000000,0.000000
0.097436,0.000000,0.000000
0.098080,0.000000,0.000000
0.098724,0.000000,0.000000
0.099360,0.000000,0.000000
0.100004,0.000000,0.000000
0.100640,0.000000,0.000000
0.101284,0.000000,0.000000
0.101928,0.000000,0.000000
