Channel 1,Channel 2,Channel 3
0.000036,4.848000,0.743000
0.000768,4.340000,1.369000
0.001516,4.863000,1.891000
0.002260,4.453000,2.141000
0.002996,4.653000,2.195000
0.003736,4.761000,2.717000
0.004476,4.922000,2.576000
0.005220,4.971000,2.810000
0.005956,4.971000,3.055000
0.006696,4.995000,3.275000
0.007436,4.985000,3.475000
0.008172,4.995000,3.631000
0.008912,4.995000,3.783000
0.009656,5.000000,3.915000
0.010396,4.995000,4.032000
0.011128,5.000000,4.140000
0.011872,5.000000,4.228000
0.012612,5.000000,4.316000
0.013352,5.000000,4.394000
0.014088,5.000000,4.453000
0.014828,5.000000,4.526000
0.015568,5.000000,4.570000
0.016304,5.000000,4.619000
0.017044,5.000000,4.668000
0.017788,5.000000,4.707000
0.018528,5.000000,4.751000
0.019264,5.000000,4.775000
0.020004,5.000000,4.790000
0.020744,5.000000,4.809000
0.021480,5.000000,4.829000
0.022220,5.000000,4.848000
0.022960,5.000000,4.863000
0.023704,5.000000,4.883000
0.024436,5.000000,4.888000
0.025180,5.000000,4.907000
0.025920,5.000000,4.917000
0.026660,5.000000,4.927000
0.027396,5.000000,4.932000
0.028136,5.000000,4.941000
0.028876,5.000000,4.941000
0.029612,5.000000,4.956000
0.030352,5.000000,4.966000
0.031092,5.000000,4.966000
0.031836,5.000000,4.966000
0.032568,5.000000,4.966000
0.033312,5.000000,4.971000
0.034052,5.000000,4.971000
0.034788,5.000000,4.985000
0.035528,5.000000,4.985000
0.036268,5.000000,4.985000
0.037008,5.000000,4.985000
0.037744,5.000000,4.985000
0.038484,5.000000,4.995000
0.039224,5.000000,4.995000
0.039964,5.000000,4.995000
0.040700,5.000000,4.995000
0.041440,5.000000,4.995000
0.042184,5.000000,4.995000
0.042916,5.000000,4.995000
0.043660,5.000000,4.995000
0.044400,5.000000,4.995000
0.045140,5.000000,4.995000
0.045876,5.000000,4.995000
0.046616,5.000000,5.000000
0.047356,5.000000,5.000000
0.048092,5.000000,5.000000
0.048832,5.000000,5.000000
0.049572,5.000000,5.000000
0.050312,5.000000,5.000000
0.051048,5.000000,5.000000
0.051788,5.000000,4.995000
0.052528,5.000000,5.000000
0.053272,5.000000,5.000000
0.054004,5.000000,5.000000
0.054748,5.000000,5.000000
0.055488,5.000000,5.000000
0.056224,5.000000,5.000000
0.056964,5.000000,5.000000
0.057704,5.000000,5.000000
0.058444,5.000000,5.000000
0.059184,1.129000,4.775000
0.059924,1.310000,4.057000
0.060664,0.797000,3.847000
0.061400,0.762000,3.402000
0.062140,0.699000,3.006000
0.062880,0.108000,2.757000
0.063624,0.093000,2.454000
0.064356,0.015000,2.190000
0.065100,0.015000,1.950000
0.065840,0.015000,1.735000
0.066584,0.015000,1.525000
0.067324,0.005000,1.369000
0.068072,0.000000,1.217000
0.068816,0.005000,1.085000
0.069556,0.000000,0.968000
0.070300,0.000000,0.860000
0.071044,0.000000,0.762000
0.071792,0.000000,0.679000
0.072532,0.000000,0.606000
0.073276,0.000000,0.538000
0.074020,0.000000,0.474000
0.074768,0.000000,0.430000
0.075504,0.000000,0.381000
0.076252,0.000000,0.327000
0.076996,0.000000,0.298000
0.077736,0.000000,0.274000
0.078484,0.000000,0.235000
0.079228,0.000000,0.215000
0.079972,0.000000,0.191000
0.080712,0.000000,0.161000
0.081456,0.000000,0.152000
0.082204,0.000000,0.137000
0.082948,0.000000,0.117000
0.083688,0.000000,0.108000
0.084432,0.000000,0.093000
0.085180,0.000000,0.078000
0.085916,0.000000,0.073000
0.086664,0.000000,0.068000
0.087408,0.000000,0.059000
0.088152,0.000000,0.054000
0.088892,0.000000,0.034000
0.089640,0.000000,0.034000
0.090384,0.000000,0.034000
0.091128,0.000000,0.034000
0.091868,0.000000,0.029000
0.092616,0.000000,0.029000
0.093360,0.000000,0.015000
0.094100,0.000000,0.015000
0.094844,0.000000,0.015000
0.095592,0.000000,0.015000
0.096336,0.000000,0.015000
0.097076,0.000000,0.015000
0.097820,0.000000,0.005000
0.098564,0.000000,0.005000
0.099304,0.000000,0.005000
0.100052,0.000000,0.005000
0.100796,0.000000,0.005000
0.101540,0.000000,0.005000
0.102280,0.000000,0.000000
0.103028,0.000000,0.000000
0.103772,0.000000,0.000000
0.104516,0.000000,0.000000
0.105256,0.000000,0.000000
0.106004,0.000000,0.000000
0.106748,0.000000,0.000000
0.107488,0.000000,0.000000
0.108232,0.000000,0.000000
0.108976,0.000000,0.000000
0.109724,0.000000,0.000000
0.110464,0.000000,0.000000
0.111208,0.000000,0.000000
0.111952,0.000000,0.000000
0.112700,0.000000,0.000000
0.113436,0.000000,0.000000
0.114184,0.000000,0.000000
0.114928,0.000000,0.000000
0.115668,0.000000,0.000000
0.116416,0.000000,0.000000
0.117160,0.000000,0.000000
0.117904,0.000000,0.000000
0.000028,4.761000,0.973000
0.000776,4.203000,1.491000
0.001524,4.707000,1.515000
0.002264,4.594000,2.014000
0.003012,4.848000,2.014000
0.003756,4.980000,2.307000
0.004496,4.966000,2.561000
0.005240,4.990000,2.810000
0.005984,4.985000,3.065000
0.006728,4.985000,3.280000
0.007468,4.995000,3.470000
0.008212,4.995000,3.631000
0.008956,4.995000,3.788000
0.009700,5.000000,3.915000
0.010436,5.000000,4.047000
0.011180,4.995000,4.140000
0.011924,5.000000,4.238000
0.012660,5.000000,4.321000
0.013404,5.000000,4.409000
0.014148,5.000000,4.462000
0.014892,5.000000,4.531000
0.015628,5.000000,4.570000
0.016372,5.000000,4.619000
0.017116,5.000000,4.658000
0.017856,5.000000,4.697000
0.018592,5.000000,4.736000
0.019336,5.000000,4.765000
0.020080,5.000000,4.785000
0.020816,5.000000,4.809000
0.021556,5.000000,4.839000
0.022300,5.000000,4.848000
0.023040,5.000000,4.863000
0.023780,5.000000,4.883000
0.024520,5.000000,4.892000
0.025264,5.000000,4.907000
0.026000,5.000000,4.917000
0.026744,5.000000,4.927000
0.027484,5.000000,4.932000
0.028228,5.000000,4.941000
0.028964,5.000000,4.956000
0.029708,5.000000,4.956000
0.030448,5.000000,4.966000
0.031192,5.000000,4.966000
0.031928,5.000000,4.971000
0.032668,5.000000,4.971000
0.033412,5.000000,4.971000
0.034148,5.000000,4.980000
0.034888,5.000000,4.985000
0.035632,5.000000,4.985000
0.036372,5.000000,4.985000
0.037108,5.000000,4.985000
0.037848,5.000000,4.985000
0.038592,5.000000,4.995000
0.039332,5.000000,4.995000
0.040068,5.000000,4.995000
0.040808,5.000000,4.995000
0.041552,5.000000,4.995000
0.042284,5.000000,4.995000
0.043028,5.000000,4.995000
0.043768,5.000000,4.995000
0.044512,5.000000,4.995000
0.045248,5.000000,4.995000
0.045988,5.000000,4.995000
0.046732,5.000000,5.000000
0.047464,5.000000,5.000000
0.048208,5.000000,5.000000
0.048948,5.000000,5.000000
0.049692,5.000000,5.000000
0.050428,5.000000,5.000000
0.051168,5.000000,5.000000
0.051912,5.000000,5.000000
0.052652,5.000000,5.000000
0.053388,5.000000,5.000000
0.054128,5.000000,5.000000
0.054872,5.000000,5.000000
0.055608,5.000000,5.000000
0.056348,5.000000,5.000000
0.057092,5.000000,5.000000
0.057832,5.000000,5.000000
0.058568,5.000000,5.000000
0.059312,1.129000,4.765000
0.060056,1.173000,4.164000
0.060792,0.430000,3.754000
0.061532,0.386000,3.299000
0.062276,0.225000,2.654000
0.063016,0.044000,2.727000
0.063752,0.020000,2.439000
0.064492,0.015000,2.141000
0.065236,0.005000,1.945000
0.065976,0.005000,1.720000
0.066716,0.000000,1.544000
0.067460,0.005000,1.369000
0.068200,0.005000,1.217000
0.068940,0.000000,1.085000
0.069684,0.000000,0.968000
0.070428,0.000000,0.860000
0.071168,0.000000,0.762000
0.071908,0.000000,0.684000
0.072652,0.000000,0.606000
0.073392,0.000000,0.538000
0.074132,0.000000,0.474000
0.074876,0.000000,0.430000
0.075620,0.000000,0.381000
0.076360,0.000000,0.342000
0.077100,0.000000,0.303000
0.077844,0.000000,0.274000
0.078584,0.000000,0.235000
0.079328,0.000000,0.215000
0.080068,0.000000,0.191000
0.080808,0.000000,0.161000
0.081552,0.000000,0.152000
0.082292,0.000000,0.137000
0.083036,0.000000,0.117000
0.083776,0.000000,0.108000
0.084520,0.000000,0.093000
0.085260,0.000000,0.078000
0.086000,0.000000,0.073000
0.086744,0.000000,0.068000
0.087488,0.000000,0.059000
0.088224,0.000000,0.054000
0.088968,0.000000,0.044000
0.089712,0.000000,0.034000
0.090452,0.000000,0.034000
0.091192,0.000000,0.034000
0.091936,0.000000,0.029000
0.092680,0.000000,0.029000
0.093416,0.000000,0.020000
0.094160,0.000000,0.015000
0.094904,0.000000,0.015000
0.095644,0.000000,0.015000
0.096388,0.000000,0.015000
0.097128,0.000000,0.015000
0.097872,0.000000,0.005000
0.098608,0.000000,0.005000
0.099352,0.000000,0.005000
0.100096,0.000000,0.005000
0.100840,0.000000,0.005000
0.101576,0.000000,0.005000
0.102320,0.000000,0.005000
0.103064,0.000000,0.000000
0.103800,0.000000,0.000000
0.104544,0.000000,0.000000
0.105288,0.000000,0.000000
0.106032,0.000000,0.000000
0.106768,0.000000,0.000000
0.107512,0.000000,0.000000
0.108256,0.000000,0.000000
0.109000,0.000000,0.000000
0.109736,0.000000,0.000000
0.110480,0.000000,0.000000
0.111224,0.000000,0.000000
0.111960,0.000000,0.000000
0.112704,0.000000,0.000000
0.113448,0.000000,0.000000
0.114192,0.000000,0.000000
0.114928,0.000000,0.000000
0.115672,0.000000,0.000000
0.116416,0.000000,0.000000
0.117156,0.000000,0.000000
0.117892,0.000000,0.000000
0.000028,4.844000,0.860000
0.000772,4.057000,2.023000
0.001520,4.453000,1.755000
0.002268,4.453000,2.151000
0.003012,4.966000,2.092000
0.003752,4.848000,2.336000
0.004496,4.985000,2.571000
0.005244,4.990000,2.810000
0.005988,4.995000,3.065000
0.006724,4.971000,3.299000
0.007472,4.995000,3.470000
0.008216,5.000000,3.631000
0.008952,5.000000,3.788000
0.009696,5.000000,3.915000
0.010440,5.000000,4.047000
0.011184,5.000000,4.140000
0.011924,5.000000,4.238000
0.012668,5.000000,4.321000
0.013412,5.000000,4.394000
0.014148,5.000000,4.453000
0.014892,5.000000,4.526000
0.015636,5.000000,4.570000
0.016380,5.000000,4.619000
0.017116,5.000000,4.658000
0.017860,5.000000,4.707000
0.018604,5.000000,4.731000
0.019344,5.000000,4.765000
0.020084,5.000000,4.800000
0.020824,5.000000,4.809000
0.021568,5.000000,4.839000
0.022304,5.000000,4.853000
0.023048,5.000000,4.868000
0.023792,5.000000,4.883000
0.024532,5.000000,4.892000
0.025272,5.000000,4.907000
0.026012,5.000000,4.922000
0.026756,5.000000,4.927000
0.027500,5.000000,4.932000
0.028236,5.000000,4.941000
0.028980,5.000000,4.941000
0.029724,5.000000,4.966000
0.030460,5.000000,4.966000
0.031204,5.000000,4.966000
0.031944,5.000000,4.966000
0.032688,5.000000,4.966000
0.033424,5.000000,4.966000
0.034168,5.000000,4.980000
0.034908,5.000000,4.971000
0.035644,5.000000,4.985000
0.036384,5.000000,4.985000
0.037128,5.000000,4.985000
0.037872,5.000000,4.985000
0.038604,5.000000,4.985000
0.039348,5.000000,4.995000
0.040088,5.000000,4.995000
0.040832,5.000000,4.995000
0.041568,5.000000,5.000000
0.042308,5.000000,5.000000
0.043052,5.000000,5.000000
0.043788,5.000000,5.000000
0.044528,5.000000,5.000000
0.045272,5.000000,5.000000
0.046012,5.000000,5.000000
0.046748,5.000000,4.995000
0.047492,5.000000,5.000000
0.048232,5.000000,5.000000
0.048968,5.000000,5.000000
0.049712,5.000000,5.000000
0.050452,5.000000,5.000000
0.051192,5.000000,5.000000
0.051928,5.000000,5.000000
0.052672,5.000000,5.000000
0.053412,5.000000,5.000000
0.054156,5.000000,4.995000
0.054892,5.000000,5.000000
0.055632,5.000000,5.000000
0.056376,5.000000,5.000000
0.057112,5.000000,5.000000
0.057852,5.000000,5.000000
0.058596,5.000000,5.000000
0.059340,0.875000,3.983000
0.060076,0.904000,4.316000
0.060816,1.320000,3.109000
0.061560,0.762000,3.407000
0.062300,0.836000,2.889000
0.063036,0.386000,2.732000
0.063776,0.093000,2.463000
0.064520,0.034000,2.190000
0.065256,0.034000,1.911000
0.065996,0.005000,1.735000
0.066740,0.005000,1.544000
0.067484,0.005000,1.369000
0.068220,0.000000,1.217000
0.068964,0.000000,1.095000
0.069708,0.000000,0.968000
0.070448,0.000000,0.860000
0.071192,0.000000,0.762000
0.071932,0.000000,0.684000
0.072676,0.000000,0.606000
0.073416,0.000000,0.543000
0.074160,0.000000,0.474000
0.074900,0.000000,0.430000
0.075644,0.000000,0.381000
0.076384,0.000000,0.342000
0.077128,0.000000,0.303000
0.077872,0.000000,0.274000
0.078608,0.000000,0.235000
0.079352,0.000000,0.215000
0.080096,0.000000,0.191000
0.080840,0.000000,0.161000
0.081576,0.000000,0.152000
0.082320,0.000000,0.137000
0.083064,0.000000,0.117000
0.083804,0.000000,0.108000
0.084540,0.000000,0.093000
0.085284,0.000000,0.078000
0.086028,0.000000,0.073000
0.086768,0.000000,0.068000
0.087512,0.000000,0.059000
0.088252,0.000000,0.059000
0.088996,0.000000,0.034000
0.089736,0.000000,0.034000
0.090480,0.000000,0.034000
0.091220,0.000000,0.034000
0.091960,0.000000,0.034000
0.092704,0.000000,0.029000
0.093448,0.000000,0.015000
0.094192,0.000000,0.015000
0.094928,0.000000,0.015000
0.095672,0.000000,0.015000
0.096416,0.000000,0.015000
0.097160,0.000000,0.015000
0.097896,0.000000,0.015000
0.098640,0.000000,0.005000
0.099384,0.000000,0.005000
0.100120,0.000000,0.005000
0.100864,0.000000,0.005000
0.101608,0.000000,0.005000
0.102352,0.000000,0.000000
0.103088,0.000000,0.000000
0.103832,0.000000,0.000000
0.104576,0.000000,0.000000
0.105320,0.000000,0.000000
0.106056,0.000000,0.000000
0.106800,0.000000,0.000000
0.107544,0.000000,0.000000
0.108284,0.000000,0.000000
0.109024,0.000000,0.000000
0.109768,0.000000,0.000000
0.110512,0.000000,0.000000
0.111252,0.000000,0.000000
0.111992,0.000000,0.000000
0.112736,0.000000,0.000000
0.113476,0.000000,0.000000
0.114220,0.000000,0.000000
0.114964,0.000000,0.000000
0.115704,0.000000,0.000000
0.116444,0.000000,0.000000
0.117188,0.000000,0.000000
0.117932,0.000000,0.000000
