Channel 1,Channel 2,Channel 3
0.000036,4.848000,0.743000
0.000820,4.340000,1.359000
0.001616,4.863000,1.877000
0.002408,4.453000,2.126000
0.003200,4.526000,2.688000
0.003984,4.883000,2.283000
0.004776,4.917000,2.561000
0.005568,4.971000,2.796000
0.006360,4.966000,3.089000
0.007144,4.995000,3.280000
0.007936,4.995000,3.441000
0.008728,4.995000,3.612000
0.009520,5.000000,3.759000
0.010308,4.995000,3.905000
0.011096,5.000000,4.027000
0.011888,5.000000,4.125000
0.012676,5.000000,4.223000
0.013468,5.000000,4.301000
0.014252,5.000000,4.379000
0.015044,5.000000,4.448000
0.015836,5.000000,4.511000
0.016624,5.000000,4.565000
0.017412,5.000000,4.614000
0.018196,5.000000,4.653000
0.018988,5.000000,4.692000
0.019776,5.000000,4.726000
0.020568,5.000000,4.756000
0.021352,5.000000,4.785000
0.022144,5.000000,4.809000
0.022936,5.000000,4.829000
0.023728,5.000000,4.848000
0.024512,5.000000,4.863000
0.025304,5.000000,4.883000
0.026092,5.000000,4.892000
0.026884,5.000000,4.907000
0.027676,5.000000,4.927000
0.028460,5.000000,4.927000
0.029252,5.000000,4.932000
0.030040,5.000000,4.941000
0.030832,5.000000,4.946000
0.031616,5.000000,4.966000
0.032408,5.000000,4.966000
0.033200,5.000000,4.966000
0.033988,5.000000,4.966000
0.034776,5.000000,4.966000
0.035564,5.000000,4.966000
0.036356,5.000000,4.966000
0.037148,5.000000,4.971000
0.037936,5.000000,4.971000
0.038724,5.000000,4.985000
0.039512,5.000000,4.985000
0.040304,5.000000,4.985000
0.041096,5.000000,4.985000
0.041880,5.000000,4.985000
0.042672,5.000000,4.985000
0.043460,5.000000,4.985000
0.044252,5.000000,4.985000
0.045036,5.000000,4.995000
0.045828,5.000000,4.995000
0.046620,5.000000,4.995000
0.047408,5.000000,5.000000
0.048200,5.000000,5.000000
0.048984,5.000000,5.000000
0.049776,5.000000,4.995000
0.050568,5.000000,5.000000
0.051356,5.000000,5.000000
0.052144,5.000000,5.000000
0.052932,5.000000,5.000000
0.053724,5.000000,5.000000
0.054516,5.000000,4.995000
0.055300,5.000000,5.000000
0.056084,5.000000,5.000000
0.056876,5.000000,5.000000
0.057668,5.000000,5.000000
0.058456,5.000000,5.000000
0.059244,5.000000,5.000000
0.060032,5.000000,5.000000
0.060824,5.000000,5.000000
0.061616,5.000000,5.000000
0.062400,5.000000,4.995000
0.063196,1.246000,4.673000
0.063984,0.777000,3.500000
0.064776,0.660000,3.109000
0.065564,0.503000,2.810000
0.066356,0.709000,3.030000
0.067152,0.034000,2.752000
0.067948,0.239000,2.361000
0.068740,0.093000,2.151000
0.069532,0.034000,1.950000
0.070328,0.005000,1.750000
0.071120,0.015000,1.544000
0.071916,0.005000,1.373000
0.072708,0.005000,1.241000
0.073496,0.000000,1.095000
0.074292,0.000000,0.973000
0.075088,0.000000,0.865000
0.075884,0.000000,0.772000
0.076672,0.000000,0.694000
0.077468,0.000000,0.616000
0.078264,0.000000,0.547000
0.079056,0.000000,0.484000
0.079848,0.000000,0.430000
0.080644,0.000000,0.386000
0.081440,0.000000,0.347000
0.082232,0.000000,0.308000
0.083028,0.000000,0.274000
0.083816,0.000000,0.239000
0.084612,0.000000,0.215000
0.085408,0.000000,0.191000
0.086204,0.000000,0.171000
0.086996,0.000000,0.152000
0.087788,0.000000,0.137000
0.088584,0.000000,0.117000
0.089380,0.000000,0.112000
0.090176,0.000000,0.093000
0.090964,0.000000,0.083000
0.091760,0.000000,0.073000
0.092556,0.000000,0.068000
0.093348,0.000000,0.059000
0.094140,0.000000,0.059000
0.094936,0.000000,0.044000
0.095732,0.000000,0.034000
0.096524,0.000000,0.034000
0.097320,0.000000,0.034000
0.098108,0.000000,0.034000
0.098904,0.000000,0.029000
0.099700,0.000000,0.029000
0.100496,0.000000,0.015000
0.101284,0.000000,0.015000
0.102080,0.000000,0.015000
0.102876,0.000000,0.015000
0.103672,0.000000,0.015000
0.104468,0.000000,0.005000
0.105256,0.000000,0.005000
0.106052,0.000000,0.005000
0.106848,0.000000,0.005000
0.107640,0.000000,0.005000
0.108432,0.000000,0.005000
0.109228,0.000000,0.005000
0.110024,0.000000,0.000000
0.110816,0.000000,0.000000
0.111612,0.000000,0.000000
0.112400,0.000000,0.000000
0.113196,0.000000,0.000000
0.113992,0.000000,0.000000
0.114784,0.000000,0.000000
0.115576,0.000000,0.000000
0.116372,0.000000,0.000000
0.117164,0.000000,0.000000
0.117960,0.000000,0.000000
0.118752,0.000000,0.000000
0.119548,0.000000,0.000000
0.120340,0.000000,0.000000
0.121136,0.000000,0.000000
0.121932,0.000000,0.000000
0.122720,0.000000,0.000000
0.123516,0.000000,0.000000
0.124312,0.000000,0.000000
0.125108,0.000000,0.000000
0.125896,0.000000,0.000000
0.000024,4.252000,0.860000
0.000824,4.340000,1.359000
0.001624,4.800000,2.405000
0.002412,4.863000,2.639000
0.003208,4.839000,1.994000
0.004004,4.980000,2.283000
0.004800,4.966000,2.537000
0.005588,4.990000,2.810000
0.006384,4.985000,3.050000
0.007176,4.985000,3.265000
0.007972,4.995000,3.456000
0.008760,4.995000,3.627000
0.009548,4.995000,3.768000
0.010340,4.995000,3.905000
0.011136,4.995000,4.027000
0.011928,5.000000,4.135000
0.012716,5.000000,4.223000
0.013508,5.000000,4.316000
0.014300,5.000000,4.394000
0.015096,5.000000,4.453000
0.015884,5.000000,4.516000
0.016676,5.000000,4.570000
0.017468,5.000000,4.614000
0.018260,5.000000,4.653000
0.019052,5.000000,4.692000
0.019836,5.000000,4.721000
0.020632,5.000000,4.761000
0.021424,5.000000,4.785000
0.022216,5.000000,4.809000
0.023000,5.000000,4.829000
0.023796,5.000000,4.848000
0.024588,5.000000,4.863000
0.025380,5.000000,4.878000
0.026168,5.000000,4.883000
0.026956,5.000000,4.892000
0.027748,5.000000,4.907000
0.028540,5.000000,4.917000
0.029332,5.000000,4.927000
0.030116,5.000000,4.927000
0.030912,5.000000,4.941000
0.031704,5.000000,4.956000
0.032496,5.000000,4.956000
0.033280,5.000000,4.966000
0.034072,5.000000,4.966000
0.034864,5.000000,4.971000
0.035656,5.000000,4.966000
0.036448,5.000000,4.966000
0.037236,5.000000,4.985000
0.038028,5.000000,4.985000
0.038820,5.000000,4.985000
0.039612,5.000000,4.985000
0.040396,5.000000,4.985000
0.041188,5.000000,4.985000
0.041980,5.000000,4.995000
0.042772,5.000000,4.995000
0.043556,5.000000,4.995000
0.044348,5.000000,4.995000
0.045140,5.000000,5.000000
0.045932,5.000000,5.000000
0.046724,5.000000,5.000000
0.047512,5.000000,5.000000
0.048304,5.000000,5.000000
0.049096,5.000000,5.000000
0.049888,5.000000,5.000000
0.050672,5.000000,5.000000
0.051464,5.000000,5.000000
0.052256,5.000000,5.000000
0.053048,5.000000,5.000000
0.053840,5.000000,4.995000
0.054624,5.000000,5.000000
0.055416,5.000000,5.000000
0.056208,5.000000,4.995000
0.057000,5.000000,5.000000
0.057784,5.000000,5.000000
0.058576,5.000000,5.000000
0.059368,5.000000,5.000000
0.060160,5.000000,4.995000
0.060948,5.000000,4.995000
0.061740,5.000000,5.000000
0.062532,5.000000,5.000000
0.063328,1.129000,4.765000
0.064116,1.173000,4.159000
0.064904,0.430000,3.754000
0.065696,0.386000,3.314000
0.066488,0.347000,3.094000
0.067284,0.274000,2.752000
0.068072,0.029000,2.463000
0.068864,0.020000,2.204000
0.069656,0.020000,1.960000
0.070452,0.005000,1.725000
0.071244,0.000000,1.544000
0.072032,0.000000,1.388000
0.072824,0.000000,1.241000
0.073616,0.000000,1.100000
0.074412,0.000000,0.973000
0.075200,0.000000,0.875000
0.075992,0.000000,0.777000
0.076784,0.000000,0.694000
0.077580,0.000000,0.621000
0.078364,0.000000,0.547000
0.079160,0.000000,0.484000
0.079952,0.000000,0.430000
0.080744,0.000000,0.386000
0.081540,0.000000,0.347000
0.082328,0.000000,0.308000
0.083120,0.000000,0.274000
0.083912,0.000000,0.239000
0.084708,0.000000,0.215000
0.085492,0.000000,0.191000
0.086288,0.000000,0.171000
0.087080,0.000000,0.152000
0.087872,0.000000,0.137000
0.088668,0.000000,0.117000
0.089456,0.000000,0.112000
0.090248,0.000000,0.093000
0.091040,0.000000,0.083000
0.091836,0.000000,0.073000
0.092620,0.000000,0.068000
0.093416,0.000000,0.059000
0.094208,0.000000,0.059000
0.095000,0.000000,0.044000
0.095792,0.000000,0.034000
0.096576,0.000000,0.034000
0.097372,0.000000,0.034000
0.098164,0.000000,0.034000
0.098956,0.000000,0.029000
0.099744,0.000000,0.029000
0.100540,0.000000,0.015000
0.101332,0.000000,0.015000
0.102124,0.000000,0.015000
0.102912,0.000000,0.015000
0.103704,0.000000,0.015000
0.104500,0.000000,0.005000
0.105292,0.000000,0.005000
0.106084,0.000000,0.005000
0.106872,0.000000,0.005000
0.107668,0.000000,0.005000
0.108460,0.000000,0.005000
0.109252,0.000000,0.005000
0.110040,0.000000,0.000000
0.110832,0.000000,0.000000
0.111628,0.000000,0.000000
0.112420,0.000000,0.000000
0.113208,0.000000,0.000000
0.113996,0.000000,0.000000
0.114788,0.000000,0.000000
0.115584,0.000000,0.000000
0.116376,0.000000,0.000000
0.117164,0.000000,0.000000
0.117956,0.000000,0.000000
0.118752,0.000000,0.000000
0.119544,0.000000,0.000000
0.120332,0.000000,0.000000
0.121124,0.000000,0.000000
0.121916,0.000000,0.000000
0.122712,0.000000,0.000000
0.123504,0.000000,0.000000
0.124292,0.000000,0.000000
0.125084,0.000000,0.000000
0.125880,0.000000,0.000000
0.000028,4.658000,1.525000
0.000828,4.868000,1.369000
0.001624,4.453000,1.755000
0.002420,4.453000,2.131000
0.003216,4.966000,2.092000
0.004008,4.839000,2.326000
0.004804,4.985000,2.561000
0.005596,4.990000,2.810000
0.006392,4.985000,3.050000
0.007180,4.971000,3.280000
0.007976,4.995000,3.446000
0.008772,5.000000,3.612000
0.009564,5.000000,3.768000
0.010352,5.000000,3.905000
0.011148,5.000000,4.027000
0.011940,5.000000,4.125000
0.012732,5.000000,4.223000
0.013528,5.000000,4.306000
0.014316,5.000000,4.384000
0.015108,5.000000,4.453000
0.015904,5.000000,4.516000
0.016696,5.000000,4.570000
0.017484,5.000000,4.614000
0.018276,5.000000,4.653000
0.019068,5.000000,4.692000
0.019864,5.000000,4.726000
0.020656,5.000000,4.761000
0.021440,5.000000,4.775000
0.022236,5.000000,4.809000
0.023028,5.000000,4.829000
0.023820,5.000000,4.848000
0.024608,5.000000,4.863000
0.025400,5.000000,4.883000
0.026192,5.000000,4.888000
0.026984,5.000000,4.907000
0.027780,5.000000,4.917000
0.028564,5.000000,4.927000
0.029360,5.000000,4.932000
0.030152,5.000000,4.941000
0.030944,5.000000,4.941000
0.031732,5.000000,4.956000
0.032524,5.000000,4.966000
0.033316,5.000000,4.966000
0.034108,5.000000,4.966000
0.034896,5.000000,4.966000
0.035688,5.000000,4.971000
0.036480,5.000000,4.971000
0.037272,5.000000,4.985000
0.038064,5.000000,4.985000
0.038848,5.000000,4.985000
0.039640,5.000000,4.985000
0.040432,5.000000,4.985000
0.041224,5.000000,4.985000
0.042012,5.000000,4.985000
0.042804,5.000000,4.985000
0.043596,5.000000,4.995000
0.044384,5.000000,4.995000
0.045176,5.000000,4.995000
0.045964,5.000000,4.995000
0.046756,5.000000,5.000000
0.047548,5.000000,5.000000
0.048340,5.000000,5.000000
0.049124,5.000000,5.000000
0.049916,5.000000,5.000000
0.050708,5.000000,5.000000
0.051500,5.000000,5.000000
0.052288,5.000000,5.000000
0.053080,5.000000,5.000000
0.053868,5.000000,5.000000
0.054660,5.000000,5.000000
0.055452,5.000000,5.000000
0.056240,5.000000,5.000000
0.057032,5.000000,5.000000
0.057824,5.000000,5.000000
0.058616,5.000000,5.000000
0.059400,5.000000,5.000000
0.060192,5.000000,5.000000
0.060984,5.000000,5.000000
0.061776,5.000000,5.000000
0.062564,5.000000,5.000000
0.063360,0.621000,4.673000
0.064152,1.031000,4.257000
0.064944,0.430000,3.754000
0.065736,0.762000,3.421000
0.066524,0.093000,3.055000
0.067316,0.274000,2.752000
0.068112,0.093000,2.463000
0.068904,0.034000,2.204000
0.069692,0.015000,1.970000
0.070484,0.005000,1.755000
0.071280,0.015000,1.559000
0.072072,0.005000,1.388000
0.072864,0.005000,1.241000
0.073652,0.005000,1.100000
0.074448,0.000000,0.973000
0.075240,0.000000,0.875000
0.076032,0.000000,0.777000
0.076820,0.000000,0.699000
0.077616,0.000000,0.621000
0.078408,0.000000,0.547000
0.079204,0.000000,0.484000
0.079996,0.000000,0.430000
0.080784,0.000000,0.386000
0.081576,0.000000,0.347000
0.082368,0.000000,0.308000
0.083164,0.000000,0.274000
0.083952,0.000000,0.239000
0.084744,0.000000,0.215000
0.085536,0.000000,0.191000
0.086332,0.000000,0.171000
0.087120,0.000000,0.152000
0.087912,0.000000,0.137000
0.088704,0.000000,0.117000
0.089500,0.000000,0.108000
0.090292,0.000000,0.093000
0.091080,0.000000,0.083000
0.091872,0.000000,0.073000
0.092668,0.000000,0.068000
0.093460,0.000000,0.059000
0.094248,0.000000,0.059000
0.095044,0.000000,0.044000
0.095836,0.000000,0.034000
0.096628,0.000000,0.034000
0.097424,0.000000,0.034000
0.098212,0.000000,0.034000
0.099004,0.000000,0.029000
0.099796,0.000000,0.029000
0.100592,0.000000,0.015000
0.101380,0.000000,0.015000
0.102172,0.000000,0.015000
0.102964,0.000000,0.015000
0.103760,0.000000,0.015000
0.104548,0.000000,0.005000
0.105340,0.000000,0.005000
0.106132,0.000000,0.005000
0.106928,0.000000,0.005000
0.107720,0.000000,0.005000
0.108508,0.000000,0.005000
0.109304,0.000000,0.005000
0.110096,0.000000,0.000000
0.110888,0.000000,0.000000
0.111676,0.000000,0.000000
0.112472,0.000000,0.000000
0.113264,0.000000,0.000000
0.114056,0.000000,0.000000
0.114852,0.000000,0.000000
0.115640,0.000000,0.000000
0.116432,0.000000,0.000000
0.117224,0.000000,0.000000
0.118020,0.000000,0.000000
0.118808,0.000000,0.000000
0.119600,0.000000,0.000000
0.120392,0.000000,0.000000
0.121188,0.000000,0.000000
0.121980,0.000000,0.000000
0.122768,0.000000,0.000000
0.123560,0.000000,0.000000
0.124352,0.000000,0.000000
0.125148,0.000000,0.000000
0.125936,0.000000,0.000000
