Channel 1,Channel 2,Channel 3
0.000036,4.848000,0.743000
0.000820,4.340000,1.325000
0.001616,4.853000,1.838000
0.002408,4.413000,2.102000
0.003200,4.453000,2.674000
0.003984,4.853000,2.195000
0.004776,4.883000,2.463000
0.005568,4.966000,2.674000
0.006360,4.956000,2.977000
0.007144,4.985000,3.162000
0.007936,4.995000,3.314000
0.008728,4.985000,3.475000
0.009520,5.000000,3.631000
0.010308,4.995000,3.788000
0.011096,4.995000,3.905000
0.011888,5.000000,4.018000
0.012676,5.000000,4.110000
0.013468,5.000000,4.203000
0.014252,5.000000,4.282000
0.015044,5.000000,4.360000
0.015836,5.000000,4.418000
0.016624,5.000000,4.487000
0.017412,5.000000,4.531000
0.018196,5.000000,4.580000
0.018988,5.000000,4.619000
0.019776,5.000000,4.658000
0.020568,5.000000,4.697000
0.021352,5.000000,4.726000
0.022144,5.000000,4.761000
0.022936,5.000000,4.785000
0.023728,5.000000,4.809000
0.024512,5.000000,4.829000
0.025304,5.000000,4.848000
0.026092,5.000000,4.853000
0.026884,5.000000,4.878000
0.027676,5.000000,4.883000
0.028460,5.000000,4.892000
0.029252,5.000000,4.907000
0.030040,5.000000,4.917000
0.030832,5.000000,4.927000
0.031616,5.000000,4.932000
0.032408,5.000000,4.941000
0.033200,5.000000,4.941000
0.033988,5.000000,4.956000
0.034776,5.000000,4.956000
0.035564,5.000000,4.966000
0.036356,5.000000,4.966000
0.037148,5.000000,4.966000
0.037936,5.000000,4.966000
0.038724,5.000000,4.980000
0.039512,5.000000,4.985000
0.040304,5.000000,4.985000
0.041096,5.000000,4.985000
0.041880,5.000000,4.985000
0.042672,5.000000,4.985000
0.043460,5.000000,4.985000
0.044252,5.000000,4.985000
0.045036,5.000000,4.995000
0.045828,5.000000,4.995000
0.046620,5.000000,4.995000
0.047408,5.000000,4.995000
0.048200,5.000000,4.995000
0.048984,5.000000,4.995000
0.049776,5.000000,4.995000
0.050568,5.000000,5.000000
0.051356,5.000000,4.995000
0.052144,5.000000,5.000000
0.052932,5.000000,5.000000
0.053724,5.000000,5.000000
0.054516,5.000000,5.000000
0.055300,5.000000,5.000000
0.056084,5.000000,4.995000
0.056876,5.000000,5.000000
0.057668,5.000000,5.000000
0.058456,5.000000,5.000000
0.059244,5.000000,5.000000
0.060032,5.000000,5.000000
0.060824,5.000000,5.000000
0.061616,5.000000,5.000000
0.062400,5.000000,5.000000
0.063196,1.246000,4.673000
0.063984,0.787000,3.534000
0.064776,0.694000,3.162000
0.065564,0.552000,2.874000
0.066356,0.816000,3.104000
0.067152,0.044000,2.849000
0.067948,0.347000,2.454000
0.068740,0.147000,2.258000
0.069532,0.034000,2.092000
0.070328,0.005000,1.877000
0.071120,0.015000,1.672000
0.071916,0.015000,1.500000
0.072708,0.005000,1.364000
0.073496,0.000000,1.212000
0.074292,0.005000,1.095000
0.075088,0.005000,0.973000
0.075884,0.000000,0.875000
0.076672,0.000000,0.787000
0.077468,0.000000,0.704000
0.078264,0.000000,0.630000
0.079056,0.000000,0.562000
0.079848,0.000000,0.503000
0.080644,0.000000,0.464000
0.081440,0.000000,0.406000
0.082232,0.000000,0.371000
0.083028,0.000000,0.327000
0.083816,0.000000,0.293000
0.084612,0.000000,0.274000
0.085408,0.000000,0.239000
0.086204,0.000000,0.215000
0.086996,0.000000,0.191000
0.087788,0.000000,0.171000
0.088584,0.000000,0.152000
0.089380,0.000000,0.137000
0.090176,0.000000,0.122000
0.090964,0.000000,0.117000
0.091760,0.000000,0.098000
0.092556,0.000000,0.093000
0.093348,0.000000,0.073000
0.094140,0.000000,0.073000
0.094936,0.000000,0.068000
0.095732,0.000000,0.059000
0.096524,0.000000,0.059000
0.097320,0.000000,0.044000
0.098108,0.000000,0.034000
0.098904,0.000000,0.034000
0.099700,0.000000,0.034000
0.100496,0.000000,0.034000
0.101284,0.000000,0.029000
0.102080,0.000000,0.029000
0.102876,0.000000,0.015000
0.103672,0.000000,0.015000
0.104468,0.000000,0.015000
0.105256,0.000000,0.015000
0.106052,0.000000,0.015000
0.106848,0.000000,0.015000
0.107640,0.000000,0.005000
0.108432,0.000000,0.005000
0.109228,0.000000,0.005000
0.110024,0.000000,0.005000
0.110816,0.000000,0.005000
0.111612,0.000000,0.005000
0.112400,0.000000,0.005000
0.113196,0.000000,0.005000
0.113992,0.000000,0.000000
0.114784,0.000000,0.000000
0.115576,0.000000,0.000000
0.116372,0.000000,0.000000
0.117164,0.000000,0.000000
0.117960,0.000000,0.000000
0.118752,0.000000,0.000000
0.119548,0.000000,0.000000
0.120340,0.000000,0.000000
0.121136,0.000000,0.000000
0.121932,0.000000,0.000000
0.122720,0.000000,0.000000
0.123516,0.000000,0.000000
0.124312,0.000000,0.000000
0.125108,0.000000,0.000000
0.125896,0.000000,0.000000
0.000024,4.252000,0.860000
0.000824,4.340000,1.325000
0.001624,4.785000,2.351000
0.002412,4.853000,2.620000
0.003208,4.809000,1.960000
0.004004,4.971000,2.204000
0.004800,4.941000,2.424000
0.005588,4.985000,2.688000
0.006384,4.971000,2.913000
0.007176,4.985000,3.123000
0.007972,4.985000,3.319000
0.008760,4.995000,3.495000
0.009548,4.995000,3.641000
0.010340,4.995000,3.788000
0.011136,4.995000,3.905000
0.011928,4.995000,4.027000
0.012716,5.000000,4.120000
0.013508,5.000000,4.213000
0.014300,4.995000,4.291000
0.015096,5.000000,4.360000
0.015884,5.000000,4.423000
0.016676,5.000000,4.497000
0.017468,5.000000,4.531000
0.018260,5.000000,4.594000
0.019052,5.000000,4.629000
0.019836,5.000000,4.673000
0.020632,5.000000,4.697000
0.021424,5.000000,4.726000
0.022216,5.000000,4.761000
0.023000,5.000000,4.785000
0.023796,5.000000,4.809000
0.024588,5.000000,4.829000
0.025380,5.000000,4.848000
0.026168,5.000000,4.863000
0.026956,5.000000,4.878000
0.027748,5.000000,4.883000
0.028540,5.000000,4.892000
0.029332,5.000000,4.907000
0.030116,5.000000,4.927000
0.030912,5.000000,4.927000
0.031704,5.000000,4.932000
0.032496,5.000000,4.941000
0.033280,5.000000,4.941000
0.034072,5.000000,4.956000
0.034864,5.000000,4.956000
0.035656,5.000000,4.966000
0.036448,5.000000,4.966000
0.037236,5.000000,4.966000
0.038028,5.000000,4.966000
0.038820,5.000000,4.971000
0.039612,5.000000,4.985000
0.040396,5.000000,4.985000
0.041188,5.000000,4.985000
0.041980,5.000000,4.985000
0.042772,5.000000,4.985000
0.043556,5.000000,4.985000
0.044348,5.000000,4.995000
0.045140,5.000000,4.985000
0.045932,5.000000,4.995000
0.046724,5.000000,4.995000
0.047512,5.000000,4.995000
0.048304,5.000000,4.995000
0.049096,5.000000,5.000000
0.049888,5.000000,4.995000
0.050672,5.000000,4.995000
0.051464,5.000000,4.995000
0.052256,5.000000,4.995000
0.053048,5.000000,5.000000
0.053840,5.000000,4.995000
0.054624,5.000000,4.995000
0.055416,5.000000,5.000000
0.056208,5.000000,5.000000
0.057000,5.000000,5.000000
0.057784,5.000000,5.000000
0.058576,5.000000,5.000000
0.059368,5.000000,5.000000
0.060160,5.000000,5.000000
0.060948,5.000000,5.000000
0.061740,5.000000,5.000000
0.062532,5.000000,5.000000
0.063328,1.129000,4.770000
0.064116,1.173000,4.203000
0.064904,0.445000,3.793000
0.065696,0.430000,3.368000
0.066488,0.430000,3.187000
0.067284,0.386000,2.849000
0.068072,0.034000,2.576000
0.068864,0.034000,2.336000
0.069656,0.034000,2.092000
0.070452,0.005000,1.857000
0.071244,0.005000,1.681000
0.072032,0.005000,1.525000
0.072824,0.000000,1.369000
0.073616,0.000000,1.217000
0.074412,0.000000,1.095000
0.075200,0.000000,0.973000
0.075992,0.000000,0.880000
0.076784,0.000000,0.787000
0.077580,0.000000,0.709000
0.078364,0.000000,0.640000
0.079160,0.000000,0.577000
0.079952,0.000000,0.503000
0.080744,0.000000,0.464000
0.081540,0.000000,0.420000
0.082328,0.000000,0.371000
0.083120,0.000000,0.327000
0.083912,0.000000,0.303000
0.084708,0.000000,0.274000
0.085492,0.000000,0.239000
0.086288,0.000000,0.215000
0.087080,0.000000,0.191000
0.087872,0.000000,0.171000
0.088668,0.000000,0.152000
0.089456,0.000000,0.147000
0.090248,0.000000,0.122000
0.091040,0.000000,0.117000
0.091836,0.000000,0.108000
0.092620,0.000000,0.093000
0.093416,0.000000,0.078000
0.094208,0.000000,0.073000
0.095000,0.000000,0.068000
0.095792,0.000000,0.059000
0.096576,0.000000,0.059000
0.097372,0.000000,0.044000
0.098164,0.000000,0.034000
0.098956,0.000000,0.034000
0.099744,0.000000,0.034000
0.100540,0.000000,0.034000
0.101332,0.000000,0.034000
0.102124,0.000000,0.029000
0.102912,0.000000,0.015000
0.103704,0.000000,0.015000
0.104500,0.000000,0.015000
0.105292,0.000000,0.015000
0.106084,0.000000,0.015000
0.106872,0.000000,0.015000
0.107668,0.000000,0.015000
0.108460,0.000000,0.005000
0.109252,0.000000,0.005000
0.110040,0.000000,0.005000
0.110832,0.000000,0.005000
0.111628,0.000000,0.005000
0.112420,0.000000,0.005000
0.113208,0.000000,0.005000
0.113996,0.000000,0.005000
0.114788,0.000000,0.000000
0.115584,0.000000,0.000000
0.116376,0.000000,0.000000
0.117164,0.000000,0.000000
0.117956,0.000000,0.000000
0.118752,0.000000,0.000000
0.119544,0.000000,0.000000
0.120332,0.000000,0.000000
0.121124,0.000000,0.000000
0.121916,0.000000,0.000000
0.122712,0.000000,0.000000
0.123504,0.000000,0.000000
0.124292,0.000000,0.000000
0.125084,0.000000,0.000000
0.125880,0.000000,0.000000
0.000028,4.106000,0.982000
0.000828,4.809000,1.442000
0.001624,4.301000,1.838000
0.002420,4.282000,2.620000
0.003216,4.453000,2.688000
0.004004,4.785000,2.258000
0.004800,4.985000,2.439000
0.005596,4.985000,2.693000
0.006392,4.995000,2.923000
0.007180,4.966000,3.162000
0.007972,4.995000,3.319000
0.008768,4.995000,3.485000
0.009564,5.000000,3.641000
0.010352,5.000000,3.783000
0.011144,5.000000,3.905000
0.011936,5.000000,4.027000
0.012732,5.000000,4.125000
0.013524,5.000000,4.213000
0.014312,5.000000,4.291000
0.015108,4.995000,4.379000
0.015900,5.000000,4.438000
0.016696,5.000000,4.497000
0.017480,5.000000,4.531000
0.018276,5.000000,4.594000
0.019068,5.000000,4.629000
0.019860,5.000000,4.673000
0.020652,5.000000,4.697000
0.021440,5.000000,4.726000
0.022232,5.000000,4.761000
0.023024,5.000000,4.785000
0.023816,5.000000,4.809000
0.024604,5.000000,4.829000
0.025396,5.000000,4.848000
0.026192,5.000000,4.863000
0.026984,5.000000,4.878000
0.027772,5.000000,4.883000
0.028556,5.000000,4.892000
0.029352,5.000000,4.907000
0.030144,5.000000,4.917000
0.030936,5.000000,4.927000
0.031724,5.000000,4.932000
0.032516,5.000000,4.941000
0.033308,5.000000,4.941000
0.034100,5.000000,4.956000
0.034888,5.000000,4.966000
0.035680,5.000000,4.966000
0.036472,5.000000,4.966000
0.037264,5.000000,4.966000
0.038056,5.000000,4.971000
0.038840,5.000000,4.971000
0.039632,5.000000,4.980000
0.040424,5.000000,4.980000
0.041216,5.000000,4.985000
0.042004,5.000000,4.985000
0.042796,5.000000,4.985000
0.043588,5.000000,4.995000
0.044380,5.000000,4.990000
0.045164,5.000000,4.995000
0.045956,5.000000,4.995000
0.046748,5.000000,4.995000
0.047540,5.000000,4.995000
0.048332,5.000000,4.995000
0.049116,5.000000,4.995000
0.049908,5.000000,4.995000
0.050700,5.000000,4.995000
0.051492,5.000000,5.000000
0.052280,5.000000,5.000000
0.053072,5.000000,5.000000
0.053864,5.000000,5.000000
0.054656,5.000000,5.000000
0.055448,5.000000,5.000000
0.056232,5.000000,5.000000
0.057024,5.000000,5.000000
0.057816,5.000000,5.000000
0.058608,5.000000,5.000000
0.059392,5.000000,5.000000
0.060184,5.000000,5.000000
0.060976,5.000000,5.000000
0.061768,5.000000,5.000000
0.062556,5.000000,5.000000
0.063352,0.621000,4.673000
0.064144,1.046000,4.301000
0.064936,0.450000,3.788000
0.065728,0.811000,3.500000
0.066516,0.122000,3.123000
0.067308,0.381000,2.849000
0.068104,0.147000,2.576000
0.068896,0.059000,2.326000
0.069684,0.015000,2.092000
0.070476,0.005000,1.877000
0.071272,0.015000,1.681000
0.072064,0.015000,1.515000
0.072860,0.005000,1.359000
0.073644,0.005000,1.217000
0.074440,0.005000,1.095000
0.075232,0.000000,0.973000
0.076028,0.000000,0.875000
0.076816,0.000000,0.787000
0.077608,0.000000,0.709000
0.078400,0.000000,0.640000
0.079196,0.000000,0.577000
0.079984,0.000000,0.503000
0.080776,0.000000,0.469000
0.081568,0.000000,0.420000
0.082364,0.000000,0.371000
0.083156,0.000000,0.327000
0.083944,0.000000,0.303000
0.084736,0.000000,0.274000
0.085532,0.000000,0.239000
0.086324,0.000000,0.215000
0.087112,0.000000,0.191000
0.087904,0.000000,0.171000
0.088700,0.000000,0.152000
0.089492,0.000000,0.142000
0.090288,0.000000,0.122000
0.091076,0.000000,0.117000
0.091868,0.000000,0.098000
0.092660,0.000000,0.093000
0.093456,0.000000,0.078000
0.094244,0.000000,0.073000
0.095036,0.000000,0.068000
0.095828,0.000000,0.059000
0.096624,0.000000,0.059000
0.097412,0.000000,0.044000
0.098200,0.000000,0.034000
0.098992,0.000000,0.034000
0.099788,0.000000,0.034000
0.100580,0.000000,0.034000
0.101368,0.000000,0.029000
0.102160,0.000000,0.029000
0.102956,0.000000,0.015000
0.103748,0.000000,0.015000
0.104536,0.000000,0.015000
0.105328,0.000000,0.015000
0.106124,0.000000,0.015000
0.106916,0.000000,0.015000
0.107708,0.000000,0.015000
0.108496,0.000000,0.005000
0.109292,0.000000,0.005000
0.110084,0.000000,0.005000
0.110876,0.000000,0.005000
0.111664,0.000000,0.005000
0.112460,0.000000,0.000000
0.113252,0.000000,0.000000
0.114048,0.000000,0.000000
0.114840,0.000000,0.000000
0.115628,0.000000,0.000000
0.116420,0.000000,0.000000
0.117216,0.000000,0.000000
0.118008,0.000000,0.000000
0.118796,0.000000,0.000000
0.119588,0.000000,0.000000
0.120384,0.000000,0.000000
0.121176,0.000000,0.000000
0.121964,0.000000,0.000000
0.122756,0.000000,0.000000
0.123552,0.000000,0.000000
0.124344,0.000000,0.000000
0.125136,0.000000,0.000000
0.125924,0.000000,0.000000
