Channel 1,Channel 2,Channel 3
0.000036,4.848000,0.743000
0.000920,4.340000,1.344000
0.001816,4.863000,1.877000
0.002708,4.448000,2.116000
0.003600,4.501000,2.693000
0.004492,4.824000,2.297000
0.005384,4.966000,2.502000
0.006276,4.927000,2.849000
0.007164,4.995000,3.050000
0.008048,4.995000,3.201000
0.008940,4.995000,3.402000
0.009832,4.995000,3.563000
0.010720,5.000000,3.754000
0.011612,4.995000,3.871000
0.012504,4.995000,3.988000
0.013392,5.000000,4.096000
0.014280,5.000000,4.189000
0.015168,5.000000,4.282000
0.016060,5.000000,4.360000
0.016952,5.000000,4.423000
0.017840,5.000000,4.497000
0.018732,5.000000,4.531000
0.019624,5.000000,4.594000
0.020516,5.000000,4.629000
0.021400,5.000000,4.673000
0.022288,5.000000,4.707000
0.023180,5.000000,4.736000
0.024072,5.000000,4.765000
0.024964,5.000000,4.790000
0.025852,5.000000,4.809000
0.026744,5.000000,4.829000
0.027628,5.000000,4.848000
0.028520,5.000000,4.863000
0.029412,5.000000,4.883000
0.030300,5.000000,4.883000
0.031192,5.000000,4.907000
0.032084,5.000000,4.917000
0.032976,5.000000,4.927000
0.033864,5.000000,4.932000
0.034752,5.000000,4.941000
0.035640,5.000000,4.946000
0.036532,5.000000,4.956000
0.037424,5.000000,4.966000
0.038312,5.000000,4.966000
0.039204,5.000000,4.966000
0.040096,5.000000,4.971000
0.040988,5.000000,4.971000
0.041872,5.000000,4.980000
0.042760,5.000000,4.980000
0.043652,5.000000,4.985000
0.044544,5.000000,4.985000
0.045436,5.000000,4.985000
0.046324,5.000000,4.985000
0.047216,5.000000,4.985000
0.048100,5.000000,4.985000
0.048992,5.000000,4.985000
0.049884,5.000000,4.985000
0.050772,5.000000,4.995000
0.051664,5.000000,4.995000
0.052556,5.000000,4.995000
0.053444,5.000000,4.995000
0.054336,5.000000,5.000000
0.055220,5.000000,5.000000
0.056112,5.000000,5.000000
0.057004,5.000000,5.000000
0.057892,5.000000,5.000000
0.058784,5.000000,5.000000
0.059676,5.000000,5.000000
0.060564,5.000000,5.000000
0.061456,5.000000,5.000000
0.062340,5.000000,5.000000
0.063232,5.000000,5.000000
0.064124,5.000000,5.000000
0.065012,5.000000,5.000000
0.065904,5.000000,5.000000
0.066800,5.000000,5.000000
0.067696,5.000000,5.000000
0.068584,5.000000,4.995000
0.069480,5.000000,5.000000
0.070376,5.000000,4.995000
0.071276,0.997000,4.848000
0.072168,0.777000,3.500000
0.073064,1.325000,3.118000
0.073960,1.153000,2.830000
0.074856,0.860000,2.674000
0.075744,0.430000,2.776000
0.076640,0.015000,2.498000
0.077536,0.098000,2.190000
0.078432,0.044000,1.960000
0.079324,0.029000,1.755000
0.080220,0.015000,1.579000
0.081116,0.005000,1.403000
0.082012,0.005000,1.246000
0.082900,0.000000,1.129000
0.083796,0.000000,1.012000
0.084692,0.000000,0.899000
0.085584,0.000000,0.797000
0.086484,0.000000,0.718000
0.087376,0.000000,0.640000
0.088272,0.000000,0.577000
0.089168,0.000000,0.503000
0.090056,0.000000,0.459000
0.090952,0.000000,0.406000
0.091848,0.000000,0.357000
0.092744,0.000000,0.318000
0.093640,0.000000,0.293000
0.094532,0.000000,0.249000
0.095428,0.000000,0.235000
0.096324,0.000000,0.200000
0.097212,0.000000,0.186000
0.098108,0.000000,0.161000
0.099004,0.000000,0.147000
0.099900,0.000000,0.132000
0.100796,0.000000,0.117000
0.101688,0.000000,0.108000
0.102584,0.000000,0.093000
0.103480,0.000000,0.078000
0.104368,0.000000,0.073000
0.105264,0.000000,0.068000
0.106160,0.000000,0.059000
0.107056,0.000000,0.059000
0.107948,0.000000,0.044000
0.108844,0.000000,0.034000
0.109740,0.000000,0.034000
0.110636,0.000000,0.034000
0.111524,0.000000,0.034000
0.112420,0.000000,0.029000
0.113316,0.000000,0.020000
0.114212,0.000000,0.015000
0.115104,0.000000,0.015000
0.116000,0.000000,0.015000
0.116896,0.000000,0.015000
0.117792,0.000000,0.015000
0.118680,0.000000,0.015000
0.119576,0.000000,0.005000
0.120472,0.000000,0.005000
0.121364,0.000000,0.005000
0.122260,0.000000,0.005000
0.123156,0.000000,0.005000
0.124052,0.000000,0.005000
0.124944,0.000000,0.000000
0.125836,0.000000,0.000000
0.126732,0.000000,0.000000
0.127628,0.000000,0.000000
0.128524,0.000000,0.000000
0.129420,0.000000,0.000000
0.130312,0.000000,0.000000
0.131208,0.000000,0.000000
0.132100,0.000000,0.000000
0.132988,0.000000,0.000000
0.133884,0.000000,0.000000
0.134780,0.000000,0.000000
0.135676,0.000000,0.000000
0.136572,0.000000,0.000000
0.137464,0.000000,0.000000
0.138360,0.000000,0.000000
0.139256,0.000000,0.000000
0.140148,0.000000,0.000000
0.141044,0.000000,0.000000
0.141936,0.000000,0.000000
0.000028,4.848000,0.860000
0.000928,4.340000,1.344000
0.001820,4.863000,1.877000
0.002716,4.697000,1.877000
0.003612,4.966000,2.067000
0.004508,4.917000,2.224000
0.005404,4.985000,2.537000
0.006296,4.956000,2.776000
0.007192,4.966000,3.006000
0.008084,4.985000,3.221000
0.008976,4.985000,3.402000
0.009868,4.995000,3.578000
0.010760,4.995000,3.754000
0.011656,5.000000,3.871000
0.012548,4.995000,3.988000
0.013440,5.000000,4.101000
0.014332,5.000000,4.189000
0.015228,5.000000,4.282000
0.016116,5.000000,4.360000
0.017008,5.000000,4.423000
0.017900,5.000000,4.497000
0.018792,5.000000,4.531000
0.019684,5.000000,4.594000
0.020576,5.000000,4.643000
0.021468,5.000000,4.673000
0.022360,5.000000,4.707000
0.023248,5.000000,4.736000
0.024140,5.000000,4.765000
0.025032,5.000000,4.785000
0.025924,5.000000,4.809000
0.026816,5.000000,4.839000
0.027708,5.000000,4.848000
0.028600,5.000000,4.863000
0.029488,5.000000,4.883000
0.030376,5.000000,4.892000
0.031268,5.000000,4.907000
0.032160,5.000000,4.922000
0.033052,5.000000,4.927000
0.033944,5.000000,4.932000
0.034836,5.000000,4.941000
0.035728,5.000000,4.941000
0.036612,5.000000,4.956000
0.037504,5.000000,4.956000
0.038396,5.000000,4.966000
0.039288,5.000000,4.966000
0.040180,5.000000,4.966000
0.041072,5.000000,4.966000
0.041964,5.000000,4.971000
0.042856,5.000000,4.985000
0.043744,5.000000,4.985000
0.044636,5.000000,4.985000
0.045528,5.000000,4.985000
0.046420,5.000000,4.985000
0.047312,5.000000,4.985000
0.048204,5.000000,4.995000
0.049096,5.000000,4.985000
0.049988,5.000000,4.995000
0.050872,5.000000,4.995000
0.051764,5.000000,4.995000
0.052656,5.000000,4.995000
0.053548,5.000000,4.995000
0.054440,5.000000,5.000000
0.055332,5.000000,5.000000
0.056224,5.000000,5.000000
0.057108,5.000000,5.000000
0.058000,5.000000,5.000000
0.058892,5.000000,5.000000
0.059784,5.000000,4.995000
0.060676,5.000000,5.000000
0.061568,5.000000,5.000000
0.062460,5.000000,5.000000
0.063352,5.000000,5.000000
0.064236,5.000000,5.000000
0.065128,5.000000,5.000000
0.066020,5.000000,5.000000
0.066916,5.000000,5.000000
0.067808,5.000000,5.000000
0.068700,5.000000,5.000000
0.069596,5.000000,5.000000
0.070488,5.000000,5.000000
0.071380,1.246000,4.673000
0.072272,0.777000,3.514000
0.073164,0.679000,3.123000
0.074056,0.528000,2.830000
0.074952,0.249000,2.674000
0.075844,0.073000,2.561000
0.076736,0.034000,2.390000
0.077628,0.015000,2.190000
0.078516,0.005000,1.999000
0.079412,0.005000,1.799000
0.080304,0.005000,1.598000
0.081196,0.000000,1.413000
0.082092,0.005000,1.246000
0.082984,0.000000,1.129000
0.083876,0.000000,1.012000
0.084764,0.000000,0.899000
0.085656,0.000000,0.811000
0.086552,0.000000,0.718000
0.087444,0.000000,0.640000
0.088336,0.000000,0.577000
0.089228,0.000000,0.503000
0.090124,0.000000,0.459000
0.091016,0.000000,0.406000
0.091904,0.000000,0.371000
0.092796,0.000000,0.327000
0.093692,0.000000,0.293000
0.094584,0.000000,0.264000
0.095476,0.000000,0.235000
0.096368,0.000000,0.210000
0.097264,0.000000,0.191000
0.098156,0.000000,0.161000
0.099044,0.000000,0.152000
0.099936,0.000000,0.137000
0.100828,0.000000,0.117000
0.101724,0.000000,0.108000
0.102616,0.000000,0.093000
0.103508,0.000000,0.078000
0.104400,0.000000,0.073000
0.105296,0.000000,0.068000
0.106184,0.000000,0.059000
0.107076,0.000000,0.059000
0.107968,0.000000,0.044000
0.108864,0.000000,0.034000
0.109756,0.000000,0.034000
0.110648,0.000000,0.034000
0.111540,0.000000,0.034000
0.112432,0.000000,0.029000
0.113320,0.000000,0.029000
0.114212,0.000000,0.015000
0.115104,0.000000,0.015000
0.116000,0.000000,0.015000
0.116892,0.000000,0.015000
0.117784,0.000000,0.015000
0.118680,0.000000,0.015000
0.119564,0.000000,0.005000
0.120460,0.000000,0.005000
0.121352,0.000000,0.005000
0.122244,0.000000,0.005000
0.123140,0.000000,0.005000
0.124032,0.000000,0.005000
0.124924,0.000000,0.005000
0.125816,0.000000,0.005000
0.126704,0.000000,0.000000
0.127600,0.000000,0.000000
0.128492,0.000000,0.000000
0.129384,0.000000,0.000000
0.130280,0.000000,0.000000
0.131172,0.000000,0.000000
0.132064,0.000000,0.000000
0.132956,0.000000,0.000000
0.133844,0.000000,0.000000
0.134736,0.000000,0.000000
0.135628,0.000000,0.000000
0.136520,0.000000,0.000000
0.137412,0.000000,0.000000
0.138304,0.000000,0.000000
0.139196,0.000000,0.000000
0.140088,0.000000,0.000000
0.140976,0.000000,0.000000
0.141868,0.000000,0.000000
0.000024,4.765000,0.973000
0.000924,4.814000,1.481000
0.001824,4.301000,1.877000
0.002720,4.448000,2.639000
0.003608,4.643000,2.190000
0.004504,4.971000,2.263000
0.005400,4.985000,2.517000
0.006296,4.995000,2.776000
0.007188,4.995000,3.006000
0.008084,5.000000,3.211000
0.008980,4.995000,3.402000
0.009868,5.000000,3.578000
0.010760,5.000000,3.754000
0.011656,5.000000,3.871000
0.012548,5.000000,3.988000
0.013444,5.000000,4.101000
0.014336,5.000000,4.189000
0.015232,5.000000,4.282000
0.016124,5.000000,4.360000
0.017012,5.000000,4.418000
0.017904,5.000000,4.497000
0.018800,5.000000,4.531000
0.019692,5.000000,4.594000
0.020584,5.000000,4.633000
0.021476,5.000000,4.673000
0.022368,5.000000,4.707000
0.023260,5.000000,4.736000
0.024148,5.000000,4.765000
0.025040,5.000000,4.800000
0.025932,5.000000,4.809000
0.026828,5.000000,4.839000
0.027720,5.000000,4.848000
0.028612,5.000000,4.863000
0.029504,5.000000,4.883000
0.030396,5.000000,4.892000
0.031284,5.000000,4.907000
0.032176,5.000000,4.917000
0.033068,5.000000,4.927000
0.033960,5.000000,4.932000
0.034852,5.000000,4.941000
0.035744,5.000000,4.946000
0.036636,5.000000,4.956000
0.037528,5.000000,4.966000
0.038412,5.000000,4.966000
0.039304,5.000000,4.966000
0.040196,5.000000,4.966000
0.041088,5.000000,4.971000
0.041980,5.000000,4.971000
0.042872,5.000000,4.985000
0.043764,5.000000,4.985000
0.044648,5.000000,4.985000
0.045540,5.000000,4.985000
0.046436,5.000000,4.985000
0.047324,5.000000,4.985000
0.048216,5.000000,4.985000
0.049108,5.000000,4.995000
0.050000,5.000000,4.995000
0.050896,5.000000,4.995000
0.051780,5.000000,5.000000
0.052672,5.000000,5.000000
0.053564,5.000000,5.000000
0.054456,5.000000,5.000000
0.055348,5.000000,5.000000
0.056240,5.000000,5.000000
0.057132,5.000000,4.995000
0.058024,5.000000,5.000000
0.058908,5.000000,5.000000
0.059800,5.000000,5.000000
0.060692,5.000000,5.000000
0.061584,5.000000,5.000000
0.062476,5.000000,5.000000
0.063368,5.000000,5.000000
0.064260,5.000000,5.000000
0.065148,5.000000,5.000000
0.066040,5.000000,5.000000
0.066932,5.000000,5.000000
0.067824,5.000000,5.000000
0.068720,5.000000,5.000000
0.069612,5.000000,5.000000
0.070508,5.000000,5.000000
0.071404,0.621000,4.673000
0.072292,1.031000,4.282000
0.073184,0.552000,3.666000
0.074080,1.031000,3.319000
0.074972,0.743000,3.050000
0.075868,0.430000,2.776000
0.076760,0.171000,2.493000
0.077652,0.073000,2.234000
0.078548,0.034000,1.994000
0.079436,0.015000,1.799000
0.080328,0.005000,1.598000
0.081220,0.005000,1.422000
0.082116,0.005000,1.266000
0.083008,0.000000,1.129000
0.083900,0.000000,1.012000
0.084796,0.000000,0.899000
0.085688,0.000000,0.811000
0.086576,0.000000,0.718000
0.087472,0.000000,0.640000
0.088364,0.000000,0.577000
0.089256,0.000000,0.503000
0.090152,0.000000,0.459000
0.091044,0.000000,0.406000
0.091936,0.000000,0.371000
0.092832,0.000000,0.327000
0.093720,0.000000,0.293000
0.094612,0.000000,0.264000
0.095504,0.000000,0.235000
0.096400,0.000000,0.210000
0.097292,0.000000,0.191000
0.098188,0.000000,0.161000
0.099080,0.000000,0.152000
0.099968,0.000000,0.137000
0.100860,0.000000,0.117000
0.101756,0.000000,0.108000
0.102648,0.000000,0.093000
0.103540,0.000000,0.083000
0.104436,0.000000,0.073000
0.105328,0.000000,0.068000
0.106224,0.000000,0.059000
0.107108,0.000000,0.059000
0.108004,0.000000,0.044000
0.108896,0.000000,0.034000
0.109792,0.000000,0.034000
0.110684,0.000000,0.034000
0.111576,0.000000,0.034000
0.112472,0.000000,0.029000
0.113364,0.000000,0.020000
0.114252,0.000000,0.015000
0.115144,0.000000,0.015000
0.116040,0.000000,0.015000
0.116932,0.000000,0.015000
0.117828,0.000000,0.015000
0.118720,0.000000,0.015000
0.119612,0.000000,0.005000
0.120508,0.000000,0.005000
0.121396,0.000000,0.005000
0.122288,0.000000,0.005000
0.123180,0.000000,0.005000
0.124076,0.000000,0.005000
0.124968,0.000000,0.005000
0.125860,0.000000,0.000000
0.126756,0.000000,0.000000
0.127648,0.000000,0.000000
0.128536,0.000000,0.000000
0.129428,0.000000,0.000000
0.130324,0.000000,0.000000
0.131216,0.000000,0.000000
0.132108,0.000000,0.000000
0.133000,0.000000,0.000000
0.133892,0.000000,0.000000
0.134780,0.000000,0.000000
0.135672,0.000000,0.000000
0.136564,0.000000,0.000000
0.137456,0.000000,0.000000
0.138348,0.000000,0.000000
0.139240,0.000000,0.000000
0.140132,0.000000,0.000000
0.141028,0.000000,0.000000
0.141912,0.000000,0.000000
