Channel 1,Channel 2,Channel 3
0.000036,4.853000,0.743000
0.000968,4.340000,1.310000
0.001916,4.853000,1.804000
0.002860,4.409000,2.077000
0.003800,4.438000,2.674000
0.004740,4.761000,2.224000
0.005684,4.941000,2.380000
0.006624,4.907000,2.776000
0.007564,4.985000,2.849000
0.008508,4.971000,3.065000
0.009448,4.995000,3.260000
0.010388,4.985000,3.446000
0.011328,4.985000,3.597000
0.012264,4.995000,3.719000
0.013208,5.000000,3.847000
0.014148,5.000000,3.969000
0.015088,5.000000,4.062000
0.016028,5.000000,4.159000
0.016968,5.000000,4.242000
0.017908,5.000000,4.316000
0.018852,5.000000,4.379000
0.019792,5.000000,4.448000
0.020732,5.000000,4.497000
0.021672,5.000000,4.550000
0.022612,5.000000,4.594000
0.023556,5.000000,4.629000
0.024488,5.000000,4.673000
0.025432,5.000000,4.697000
0.026372,5.000000,4.726000
0.027312,5.000000,4.761000
0.028252,5.000000,4.785000
0.029196,5.000000,4.809000
0.030136,5.000000,4.829000
0.031076,5.000000,4.848000
0.032016,5.000000,4.853000
0.032960,5.000000,4.878000
0.033900,5.000000,4.883000
0.034840,5.000000,4.892000
0.035776,5.000000,4.907000
0.036716,5.000000,4.917000
0.037656,5.000000,4.927000
0.038596,5.000000,4.927000
0.039536,5.000000,4.941000
0.040480,5.000000,4.941000
0.041420,5.000000,4.946000
0.042360,5.000000,4.956000
0.043300,5.000000,4.966000
0.044240,5.000000,4.966000
0.045184,5.000000,4.966000
0.046124,5.000000,4.966000
0.047056,5.000000,4.971000
0.048000,5.000000,4.971000
0.048940,5.000000,4.985000
0.049880,5.000000,4.985000
0.050820,5.000000,4.985000
0.051760,5.000000,4.985000
0.052704,5.000000,4.985000
0.053644,5.000000,4.985000
0.054584,5.000000,4.985000
0.055524,5.000000,4.985000
0.056464,5.000000,4.995000
0.057408,5.000000,4.995000
0.058340,5.000000,4.995000
0.059280,5.000000,4.995000
0.060224,5.000000,5.000000
0.061164,5.000000,4.995000
0.062104,5.000000,4.995000
0.063044,5.000000,5.000000
0.063984,5.000000,4.995000
0.064928,5.000000,4.995000
0.065868,5.000000,4.995000
0.066812,5.000000,5.000000
0.067756,5.000000,5.000000
0.068704,5.000000,5.000000
0.069648,5.000000,5.000000
0.070588,5.000000,5.000000
0.071532,5.000000,5.000000
0.072480,5.000000,5.000000
0.073424,5.000000,5.000000
0.074368,5.000000,5.000000
0.075320,0.997000,4.848000
0.076264,0.787000,3.539000
0.077208,1.344000,3.162000
0.078152,1.212000,2.889000
0.079100,0.968000,2.703000
0.080044,0.660000,2.610000
0.080988,0.386000,2.483000
0.081932,0.171000,2.307000
0.082872,0.059000,2.151000
0.083820,0.005000,1.935000
0.084764,0.015000,1.720000
0.085708,0.015000,1.559000
0.086656,0.000000,1.403000
0.087600,0.000000,1.266000
0.088548,0.000000,1.129000
0.089492,0.000000,1.022000
0.090436,0.000000,0.929000
0.091380,0.000000,0.826000
0.092328,0.000000,0.748000
0.093272,0.000000,0.679000
0.094212,0.000000,0.606000
0.095152,0.000000,0.547000
0.096096,0.000000,0.499000
0.097044,0.000000,0.450000
0.097988,0.000000,0.396000
0.098932,0.000000,0.357000
0.099876,0.000000,0.327000
0.100824,0.000000,0.293000
0.101768,0.000000,0.264000
0.102712,0.000000,0.235000
0.103656,0.000000,0.215000
0.104604,0.000000,0.191000
0.105548,0.000000,0.171000
0.106492,0.000000,0.152000
0.107432,0.000000,0.137000
0.108376,0.000000,0.122000
0.109320,0.000000,0.117000
0.110264,0.000000,0.108000
0.111212,0.000000,0.093000
0.112156,0.000000,0.078000
0.113100,0.000000,0.073000
0.114044,0.000000,0.068000
0.114992,0.000000,0.059000
0.115936,0.000000,0.059000
0.116880,0.000000,0.044000
0.117824,0.000000,0.034000
0.118764,0.000000,0.034000
0.119712,0.000000,0.034000
0.120656,0.000000,0.034000
0.121600,0.000000,0.034000
0.122544,0.000000,0.029000
0.123492,0.000000,0.020000
0.124436,0.000000,0.015000
0.125380,0.000000,0.015000
0.126324,0.000000,0.015000
0.127272,0.000000,0.015000
0.128216,0.000000,0.015000
0.129164,0.000000,0.015000
0.130108,0.000000,0.005000
0.131048,0.000000,0.005000
0.131992,0.000000,0.005000
0.132940,0.000000,0.005000
0.133884,0.000000,0.005000
0.134832,0.000000,0.005000
0.135776,0.000000,0.005000
0.136720,0.000000,0.005000
0.137668,0.000000,0.000000
0.138612,0.000000,0.000000
0.139556,0.000000,0.000000
0.140504,0.000000,0.000000
0.141448,0.000000,0.000000
0.142392,0.000000,0.000000
0.143332,0.000000,0.000000
0.144280,0.000000,0.000000
0.145224,0.000000,0.000000
0.146168,0.000000,0.000000
0.147116,0.000000,0.000000
0.148060,0.000000,0.000000
0.149004,0.000000,0.000000
0.149952,0.000000,0.000000
0.000028,4.668000,1.525000
0.000976,4.340000,1.310000
0.001916,4.853000,1.813000
0.002864,4.682000,1.838000
0.003812,4.956000,2.048000
0.004756,4.888000,2.126000
0.005700,4.980000,2.424000
0.006644,4.932000,2.649000
0.007588,4.966000,2.869000
0.008536,4.971000,3.089000
0.009476,4.971000,3.280000
0.010420,4.985000,3.441000
0.011364,4.990000,3.597000
0.012308,4.995000,3.754000
0.013252,4.995000,3.871000
0.014188,4.995000,3.969000
0.015132,5.000000,4.062000
0.016076,5.000000,4.159000
0.017016,5.000000,4.242000
0.017960,5.000000,4.316000
0.018904,5.000000,4.394000
0.019844,5.000000,4.453000
0.020788,5.000000,4.501000
0.021728,5.000000,4.550000
0.022672,5.000000,4.594000
0.023612,5.000000,4.643000
0.024556,5.000000,4.673000
0.025492,5.000000,4.707000
0.026436,5.000000,4.731000
0.027376,5.000000,4.761000
0.028320,5.000000,4.785000
0.029260,5.000000,4.809000
0.030204,5.000000,4.829000
0.031144,5.000000,4.848000
0.032088,5.000000,4.863000
0.033028,5.000000,4.878000
0.033972,5.000000,4.883000
0.034912,5.000000,4.902000
0.035856,5.000000,4.907000
0.036796,5.000000,4.917000
0.037732,5.000000,4.927000
0.038672,5.000000,4.927000
0.039616,5.000000,4.941000
0.040556,5.000000,4.941000
0.041500,5.000000,4.941000
0.042440,5.000000,4.956000
0.043384,5.000000,4.966000
0.044324,5.000000,4.966000
0.045268,5.000000,4.966000
0.046208,5.000000,4.971000
0.047152,5.000000,4.971000
0.048092,5.000000,4.971000
0.049028,5.000000,4.985000
0.049972,5.000000,4.985000
0.050912,5.000000,4.985000
0.051856,5.000000,4.985000
0.052796,5.000000,4.985000
0.053740,5.000000,4.985000
0.054680,5.000000,4.995000
0.055624,5.000000,4.995000
0.056564,5.000000,4.995000
0.057508,5.000000,4.995000
0.058448,5.000000,4.995000
0.059392,5.000000,4.995000
0.060328,5.000000,4.995000
0.061264,5.000000,4.995000
0.062204,5.000000,4.995000
0.063148,5.000000,4.995000
0.064088,5.000000,4.995000
0.065032,5.000000,5.000000
0.065972,5.000000,5.000000
0.066916,5.000000,5.000000
0.067860,5.000000,5.000000
0.068804,5.000000,5.000000
0.069744,5.000000,5.000000
0.070688,5.000000,5.000000
0.071632,5.000000,5.000000
0.072568,5.000000,5.000000
0.073512,5.000000,5.000000
0.074456,5.000000,5.000000
0.075404,1.246000,4.673000
0.076344,0.777000,3.548000
0.077288,0.699000,3.172000
0.078232,0.562000,2.889000
0.079176,0.347000,2.717000
0.080116,0.117000,2.610000
0.081060,0.044000,2.483000
0.082004,0.020000,2.307000
0.082948,0.015000,2.107000
0.083888,0.005000,1.911000
0.084824,0.000000,1.740000
0.085768,0.005000,1.559000
0.086712,0.005000,1.413000
0.087656,0.000000,1.266000
0.088596,0.000000,1.139000
0.089540,0.000000,1.031000
0.090484,0.000000,0.938000
0.091428,0.000000,0.841000
0.092368,0.000000,0.748000
0.093312,0.000000,0.684000
0.094256,0.000000,0.616000
0.095200,0.000000,0.547000
0.096136,0.000000,0.499000
0.097080,0.000000,0.450000
0.098024,0.000000,0.406000
0.098968,0.000000,0.367000
0.099908,0.000000,0.327000
0.100852,0.000000,0.293000
0.101796,0.000000,0.274000
0.102740,0.000000,0.235000
0.103680,0.000000,0.215000
0.104624,0.000000,0.191000
0.105568,0.000000,0.171000
0.106512,0.000000,0.152000
0.107452,0.000000,0.137000
0.108392,0.000000,0.122000
0.109336,0.000000,0.117000
0.110276,0.000000,0.108000
0.111220,0.000000,0.093000
0.112164,0.000000,0.083000
0.113108,0.000000,0.073000
0.114048,0.000000,0.068000
0.114992,0.000000,0.059000
0.115936,0.000000,0.059000
0.116880,0.000000,0.044000
0.117820,0.000000,0.034000
0.118764,0.000000,0.034000
0.119704,0.000000,0.034000
0.120644,0.000000,0.034000
0.121588,0.000000,0.034000
0.122532,0.000000,0.029000
0.123476,0.000000,0.015000
0.124420,0.000000,0.015000
0.125360,0.000000,0.015000
0.126304,0.000000,0.015000
0.127248,0.000000,0.015000
0.128192,0.000000,0.015000
0.129132,0.000000,0.015000
0.130076,0.000000,0.005000
0.131020,0.000000,0.005000
0.131956,0.000000,0.005000
0.132900,0.000000,0.005000
0.133840,0.000000,0.005000
0.134784,0.000000,0.005000
0.135728,0.000000,0.005000
0.136668,0.000000,0.005000
0.137612,0.000000,0.000000
0.138552,0.000000,0.000000
0.139496,0.000000,0.000000
0.140440,0.000000,0.000000
0.141380,0.000000,0.000000
0.142324,0.000000,0.000000
0.143260,0.000000,0.000000
0.144200,0.000000,0.000000
0.145144,0.000000,0.000000
0.146088,0.000000,0.000000
0.147032,0.000000,0.000000
0.147972,0.000000,0.000000
0.148916,0.000000,0.000000
0.149856,0.000000,0.000000
0.000028,3.969000,1.525000
0.000976,4.868000,1.310000
0.001920,4.565000,1.559000
0.002864,4.848000,2.595000
0.003812,4.438000,2.674000
0.004756,4.653000,2.693000
0.005700,4.985000,2.390000
0.006644,4.995000,2.639000
0.007592,4.995000,2.849000
0.008536,4.995000,3.065000
0.009480,4.995000,3.265000
0.010424,4.995000,3.446000
0.011368,5.000000,3.597000
0.012312,5.000000,3.754000
0.013256,5.000000,3.861000
0.014192,5.000000,3.969000
0.015136,5.000000,4.062000
0.016080,5.000000,4.159000
0.017024,5.000000,4.242000
0.017968,5.000000,4.321000
0.018908,5.000000,4.384000
0.019852,5.000000,4.453000
0.020792,5.000000,4.501000
0.021736,5.000000,4.550000
0.022680,5.000000,4.604000
0.023620,5.000000,4.643000
0.024564,5.000000,4.673000
0.025500,5.000000,4.707000
0.026444,5.000000,4.726000
0.027388,5.000000,4.765000
0.028328,5.000000,4.785000
0.029272,5.000000,4.809000
0.030216,5.000000,4.829000
0.031156,5.000000,4.848000
0.032100,5.000000,4.853000
0.033040,5.000000,4.878000
0.033984,5.000000,4.883000
0.034928,5.000000,4.892000
0.035868,5.000000,4.907000
0.036812,5.000000,4.917000
0.037748,5.000000,4.927000
0.038688,5.000000,4.932000
0.039628,5.000000,4.932000
0.040572,5.000000,4.941000
0.041512,5.000000,4.956000
0.042456,5.000000,4.966000
0.043396,5.000000,4.966000
0.044340,5.000000,4.966000
0.045280,5.000000,4.966000
0.046224,5.000000,4.971000
0.047164,5.000000,4.966000
0.048108,5.000000,4.980000
0.049044,5.000000,4.985000
0.049984,5.000000,4.985000
0.050928,5.000000,4.985000
0.051868,5.000000,4.985000
0.052812,5.000000,4.985000
0.053752,5.000000,4.995000
0.054696,5.000000,4.985000
0.055636,5.000000,4.990000
0.056576,5.000000,4.995000
0.057520,5.000000,4.995000
0.058460,5.000000,4.995000
0.059404,5.000000,4.995000
0.060344,5.000000,4.995000
0.061284,5.000000,4.995000
0.062224,5.000000,5.000000
0.063164,5.000000,4.995000
0.064108,5.000000,5.000000
0.065048,5.000000,5.000000
0.065992,5.000000,4.995000
0.066936,5.000000,4.995000
0.067880,5.000000,5.000000
0.068824,5.000000,5.000000
0.069764,5.000000,5.000000
0.070708,5.000000,5.000000
0.071652,5.000000,5.000000
0.072592,5.000000,5.000000
0.073532,5.000000,5.000000
0.074476,5.000000,5.000000
0.075424,1.129000,4.765000
0.076368,0.660000,4.101000
0.077312,1.212000,3.715000
0.078256,0.694000,3.558000
0.079200,0.147000,3.162000
0.080144,0.420000,2.889000
0.081088,0.171000,2.625000
0.082032,0.073000,2.380000
0.082976,0.034000,2.151000
0.083916,0.015000,1.935000
0.084856,0.005000,1.750000
0.085800,0.000000,1.559000
0.086744,0.005000,1.403000
0.087688,0.005000,1.266000
0.088628,0.000000,1.149000
0.089572,0.000000,1.031000
0.090516,0.000000,0.938000
0.091460,0.000000,0.841000
0.092404,0.000000,0.758000
0.093348,0.000000,0.684000
0.094292,0.000000,0.616000
0.095236,0.000000,0.547000
0.096176,0.000000,0.499000
0.097116,0.000000,0.450000
0.098060,0.000000,0.406000
0.099004,0.000000,0.357000
0.099944,0.000000,0.327000
0.100888,0.000000,0.293000
0.101832,0.000000,0.274000
0.102776,0.000000,0.235000
0.103720,0.000000,0.215000
0.104664,0.000000,0.191000
0.105608,0.000000,0.171000
0.106552,0.000000,0.152000
0.107492,0.000000,0.142000
0.108432,0.000000,0.122000
0.109376,0.000000,0.117000
0.110320,0.000000,0.108000
0.111264,0.000000,0.093000
0.112204,0.000000,0.083000
0.113148,0.000000,0.073000
0.114092,0.000000,0.068000
0.115036,0.000000,0.059000
0.115980,0.000000,0.059000
0.116924,0.000000,0.044000
0.117868,0.000000,0.034000
0.118812,0.000000,0.034000
0.119752,0.000000,0.034000
0.120692,0.000000,0.034000
0.121636,0.000000,0.034000
0.122580,0.000000,0.029000
0.123520,0.000000,0.029000
0.124464,0.000000,0.015000
0.125408,0.000000,0.015000
0.126352,0.000000,0.015000
0.127296,0.000000,0.015000
0.128240,0.000000,0.015000
0.129184,0.000000,0.005000
0.130128,0.000000,0.005000
0.131068,0.000000,0.005000
0.132008,0.000000,0.005000
0.132948,0.000000,0.005000
0.133892,0.000000,0.005000
0.134836,0.000000,0.005000
0.135776,0.000000,0.005000
0.136720,0.000000,0.005000
0.137660,0.000000,0.000000
0.138604,0.000000,0.000000
0.139544,0.000000,0.000000
0.140488,0.000000,0.000000
0.141432,0.000000,0.000000
0.142372,0.000000,0.000000
0.143316,0.000000,0.000000
0.144252,0.000000,0.000000
0.145192,0.000000,0.000000
0.146136,0.000000,0.000000
0.147076,0.000000,0.000000
0.148020,0.000000,0.000000
0.148964,0.000000,0.000000
0.149904,0.000000,0.000000
