Channel 1,Channel 2,Channel 3
0.000036,4.848000,0.743000
0.001020,4.340000,1.310000
0.002008,4.423000,1.681000
0.003004,4.550000,1.950000
0.003996,4.570000,2.190000
0.004988,4.653000,2.693000
0.005976,4.966000,2.361000
0.006968,4.932000,2.649000
0.007960,4.971000,2.849000
0.008952,4.966000,3.118000
0.009944,4.980000,3.280000
0.010932,4.985000,3.446000
0.011924,4.985000,3.597000
0.012912,4.995000,3.754000
0.013904,4.995000,3.861000
0.014896,4.995000,3.969000
0.015884,5.000000,4.062000
0.016876,5.000000,4.159000
0.017868,5.000000,4.238000
0.018856,5.000000,4.316000
0.019848,5.000000,4.384000
0.020840,5.000000,4.453000
0.021832,5.000000,4.501000
0.022820,5.000000,4.550000
0.023812,5.000000,4.604000
0.024804,5.000000,4.643000
0.025792,5.000000,4.673000
0.026784,5.000000,4.707000
0.027776,5.000000,4.736000
0.028768,5.000000,4.765000
0.029756,5.000000,4.785000
0.030748,5.000000,4.809000
0.031740,5.000000,4.829000
0.032724,5.000000,4.848000
0.033712,5.000000,4.853000
0.034704,5.000000,4.878000
0.035696,5.000000,4.883000
0.036688,5.000000,4.892000
0.037676,5.000000,4.907000
0.038668,5.000000,4.917000
0.039660,5.000000,4.927000
0.040648,5.000000,4.932000
0.041640,5.000000,4.941000
0.042632,5.000000,4.941000
0.043620,5.000000,4.956000
0.044612,5.000000,4.966000
0.045604,5.000000,4.966000
0.046596,5.000000,4.966000
0.047584,5.000000,4.966000
0.048576,5.000000,4.971000
0.049568,5.000000,4.971000
0.050556,5.000000,4.985000
0.051548,5.000000,4.985000
0.052540,5.000000,4.985000
0.053528,5.000000,4.985000
0.054520,5.000000,4.985000
0.055512,5.000000,4.985000
0.056500,5.000000,4.985000
0.057492,5.000000,4.985000
0.058484,5.000000,4.985000
0.059472,5.000000,4.985000
0.060464,5.000000,4.995000
0.061456,5.000000,4.995000
0.062440,5.000000,4.995000
0.063432,5.000000,5.000000
0.064420,5.000000,5.000000
0.065412,5.000000,5.000000
0.066404,5.000000,5.000000
0.067400,5.000000,5.000000
0.068392,5.000000,5.000000
0.069388,5.000000,5.000000
0.070384,5.000000,5.000000
0.071380,5.000000,5.000000
0.072376,5.000000,5.000000
0.073372,5.000000,5.000000
0.074364,5.000000,5.000000
0.075360,5.000000,4.995000
0.076356,5.000000,5.000000
0.077352,5.000000,5.000000
0.078348,5.000000,4.995000
0.079344,0.865000,3.983000
0.080340,1.442000,3.534000
0.081336,1.344000,3.162000
0.082332,1.202000,2.889000
0.083324,0.968000,2.703000
0.084320,0.660000,2.620000
0.085316,0.386000,2.483000
0.086312,0.044000,2.380000
0.087308,0.015000,2.151000
0.088304,0.005000,1.896000
0.089296,0.015000,1.720000
0.090292,0.015000,1.554000
0.091288,0.005000,1.398000
0.092284,0.005000,1.246000
0.093276,0.005000,1.129000
0.094272,0.000000,1.022000
0.095268,0.000000,0.919000
0.096260,0.000000,0.826000
0.097248,0.000000,0.743000
0.098244,0.000000,0.670000
0.099240,0.000000,0.606000
0.100236,0.000000,0.547000
0.101232,0.000000,0.484000
0.102224,0.000000,0.445000
0.103220,0.000000,0.396000
0.104216,0.000000,0.347000
0.105212,0.000000,0.318000
0.106204,0.000000,0.293000
0.107200,0.000000,0.264000
0.108196,0.000000,0.235000
0.109192,0.000000,0.215000
0.110184,0.000000,0.191000
0.111180,0.000000,0.171000
0.112176,0.000000,0.152000
0.113172,0.000000,0.137000
0.114164,0.000000,0.122000
0.115160,0.000000,0.117000
0.116156,0.000000,0.108000
0.117152,0.000000,0.093000
0.118144,0.000000,0.078000
0.119140,0.000000,0.073000
0.120136,0.000000,0.068000
0.121132,0.000000,0.059000
0.122124,0.000000,0.059000
0.123120,0.000000,0.044000
0.124116,0.000000,0.034000
0.125112,0.000000,0.034000
0.126104,0.000000,0.034000
0.127100,0.000000,0.034000
0.128096,0.000000,0.034000
0.129092,0.000000,0.029000
0.130088,0.000000,0.029000
0.131084,0.000000,0.015000
0.132072,0.000000,0.015000
0.133068,0.000000,0.015000
0.134064,0.000000,0.015000
0.135060,0.000000,0.015000
0.136052,0.000000,0.015000
0.137048,0.000000,0.015000
0.138044,0.000000,0.005000
0.139040,0.000000,0.005000
0.140036,0.000000,0.005000
0.141032,0.000000,0.005000
0.142028,0.000000,0.005000
0.143024,0.000000,0.005000
0.144016,0.000000,0.000000
0.145012,0.000000,0.000000
0.146008,0.000000,0.000000
0.147004,0.000000,0.000000
0.148000,0.000000,0.000000
0.148992,0.000000,0.000000
0.149988,0.000000,0.000000
0.150984,0.000000,0.000000
0.151980,0.000000,0.000000
0.152976,0.000000,0.000000
0.153972,0.000000,0.000000
0.154968,0.000000,0.000000
0.155960,0.000000,0.000000
0.156956,0.000000,0.000000
0.157952,0.000000,0.000000
0.000028,4.394000,0.743000
0.001028,4.809000,1.442000
0.002024,4.570000,1.559000
0.003020,4.282000,2.595000
0.004016,4.790000,1.950000
0.005012,4.966000,2.170000
0.006008,4.917000,2.405000
0.007000,4.966000,2.639000
0.007996,4.971000,2.874000
0.008992,4.985000,3.089000
0.009984,4.995000,3.265000
0.010980,5.000000,3.441000
0.011972,4.985000,3.602000
0.012964,4.995000,3.754000
0.013956,4.995000,3.871000
0.014952,5.000000,3.978000
0.015944,5.000000,4.081000
0.016936,5.000000,4.174000
0.017932,5.000000,4.252000
0.018924,5.000000,4.330000
0.019916,5.000000,4.394000
0.020908,5.000000,4.453000
0.021900,5.000000,4.501000
0.022892,5.000000,4.550000
0.023884,5.000000,4.604000
0.024876,5.000000,4.643000
0.025868,5.000000,4.682000
0.026860,5.000000,4.707000
0.027852,5.000000,4.736000
0.028844,5.000000,4.765000
0.029836,5.000000,4.785000
0.030828,5.000000,4.809000
0.031820,5.000000,4.829000
0.032804,5.000000,4.848000
0.033796,5.000000,4.863000
0.034788,5.000000,4.878000
0.035780,5.000000,4.883000
0.036772,5.000000,4.892000
0.037764,5.000000,4.907000
0.038756,5.000000,4.917000
0.039748,5.000000,4.927000
0.040740,5.000000,4.932000
0.041732,5.000000,4.932000
0.042724,5.000000,4.941000
0.043716,5.000000,4.946000
0.044708,5.000000,4.966000
0.045700,5.000000,4.966000
0.046692,5.000000,4.966000
0.047684,5.000000,4.966000
0.048676,5.000000,4.971000
0.049668,5.000000,4.971000
0.050660,5.000000,4.971000
0.051652,5.000000,4.985000
0.052644,5.000000,4.985000
0.053636,5.000000,4.985000
0.054628,5.000000,4.985000
0.055620,5.000000,4.985000
0.056612,5.000000,4.995000
0.057604,5.000000,4.995000
0.058596,5.000000,4.995000
0.059588,5.000000,4.985000
0.060580,5.000000,4.985000
0.061572,5.000000,4.995000
0.062564,5.000000,4.995000
0.063556,5.000000,4.995000
0.064544,5.000000,4.995000
0.065536,5.000000,4.995000
0.066528,5.000000,5.000000
0.067520,5.000000,5.000000
0.068516,5.000000,5.000000
0.069508,5.000000,5.000000
0.070500,5.000000,5.000000
0.071496,5.000000,5.000000
0.072488,5.000000,5.000000
0.073480,5.000000,5.000000
0.074476,5.000000,5.000000
0.075468,5.000000,5.000000
0.076460,5.000000,5.000000
0.077456,5.000000,5.000000
0.078448,5.000000,5.000000
0.079444,1.398000,4.541000
0.080440,0.919000,4.370000
0.081432,1.075000,3.812000
0.082424,0.562000,2.889000
0.083416,0.347000,2.703000
0.084412,0.117000,2.600000
0.085404,0.044000,2.483000
0.086396,0.029000,2.307000
0.087388,0.015000,2.102000
0.088384,0.005000,1.906000
0.089376,0.005000,1.720000
0.090368,0.005000,1.554000
0.091360,0.000000,1.403000
0.092356,0.000000,1.246000
0.093348,0.000000,1.129000
0.094340,0.000000,1.022000
0.095332,0.000000,0.924000
0.096328,0.000000,0.826000
0.097316,0.000000,0.748000
0.098308,0.000000,0.679000
0.099300,0.000000,0.606000
0.100296,0.000000,0.547000
0.101288,0.000000,0.499000
0.102280,0.000000,0.445000
0.103272,0.000000,0.396000
0.104268,0.000000,0.357000
0.105260,0.000000,0.327000
0.106252,0.000000,0.293000
0.107244,0.000000,0.264000
0.108240,0.000000,0.235000
0.109232,0.000000,0.215000
0.110224,0.000000,0.191000
0.111216,0.000000,0.171000
0.112212,0.000000,0.152000
0.113204,0.000000,0.137000
0.114196,0.000000,0.122000
0.115188,0.000000,0.117000
0.116184,0.000000,0.108000
0.117176,0.000000,0.093000
0.118168,0.000000,0.083000
0.119160,0.000000,0.073000
0.120156,0.000000,0.068000
0.121148,0.000000,0.059000
0.122140,0.000000,0.059000
0.123132,0.000000,0.044000
0.124128,0.000000,0.034000
0.125120,0.000000,0.034000
0.126112,0.000000,0.034000
0.127104,0.000000,0.034000
0.128100,0.000000,0.034000
0.129092,0.000000,0.029000
0.130080,0.000000,0.020000
0.131072,0.000000,0.015000
0.132064,0.000000,0.015000
0.133056,0.000000,0.015000
0.134048,0.000000,0.015000
0.135040,0.000000,0.015000
0.136036,0.000000,0.015000
0.137028,0.000000,0.015000
0.138020,0.000000,0.005000
0.139012,0.000000,0.005000
0.140004,0.000000,0.005000
0.140996,0.000000,0.005000
0.141988,0.000000,0.005000
0.142980,0.000000,0.005000
0.143972,0.000000,0.005000
0.144968,0.000000,0.000000
0.145960,0.000000,0.000000
0.146952,0.000000,0.000000
0.147944,0.000000,0.000000
0.148936,0.000000,0.000000
0.149928,0.000000,0.000000
0.150920,0.000000,0.000000
0.151912,0.000000,0.000000
0.152904,0.000000,0.000000
0.153900,0.000000,0.000000
0.154888,0.000000,0.000000
0.155884,0.000000,0.000000
0.156876,0.000000,0.000000
0.157868,0.000000,0.000000
0.000028,4.257000,0.860000
0.001028,4.878000,1.320000
0.002024,4.291000,1.813000
0.003020,4.257000,2.595000
0.004016,4.438000,2.688000
0.005008,4.653000,2.703000
0.006004,4.985000,2.405000
0.007000,4.990000,2.639000
0.007996,4.995000,2.874000
0.008988,4.995000,3.089000
0.009984,5.000000,3.275000
0.010976,4.995000,3.456000
0.011972,5.000000,3.597000
0.012964,5.000000,3.754000
0.013960,5.000000,3.871000
0.014952,5.000000,3.978000
0.015948,5.000000,4.062000
0.016940,5.000000,4.174000
0.017932,5.000000,4.257000
0.018924,5.000000,4.330000
0.019916,5.000000,4.394000
0.020908,5.000000,4.453000
0.021904,5.000000,4.516000
0.022896,5.000000,4.550000
0.023888,5.000000,4.604000
0.024880,5.000000,4.643000
0.025872,5.000000,4.673000
0.026864,5.000000,4.707000
0.027856,5.000000,4.736000
0.028844,5.000000,4.765000
0.029836,5.000000,4.785000
0.030832,5.000000,4.809000
0.031824,5.000000,4.829000
0.032816,5.000000,4.848000
0.033808,5.000000,4.863000
0.034800,5.000000,4.878000
0.035792,5.000000,4.883000
0.036784,5.000000,4.902000
0.037776,5.000000,4.917000
0.038768,5.000000,4.922000
0.039760,5.000000,4.927000
0.040752,5.000000,4.932000
0.041744,5.000000,4.941000
0.042736,5.000000,4.956000
0.043728,5.000000,4.956000
0.044716,5.000000,4.956000
0.045708,5.000000,4.956000
0.046700,5.000000,4.966000
0.047696,5.000000,4.966000
0.048684,5.000000,4.971000
0.049676,5.000000,4.980000
0.050668,5.000000,4.985000
0.051660,5.000000,4.985000
0.052652,5.000000,4.985000
0.053644,5.000000,4.985000
0.054636,5.000000,4.985000
0.055628,5.000000,4.985000
0.056620,5.000000,4.985000
0.057612,5.000000,4.990000
0.058604,5.000000,4.985000
0.059592,5.000000,4.995000
0.060576,5.000000,4.985000
0.061568,5.000000,4.995000
0.062564,5.000000,4.995000
0.063552,5.000000,4.985000
0.064544,5.000000,5.000000
0.065536,5.000000,4.990000
0.066532,5.000000,4.995000
0.067524,5.000000,4.995000
0.068520,5.000000,5.000000
0.069512,5.000000,5.000000
0.070504,5.000000,5.000000
0.071500,5.000000,5.000000
0.072492,5.000000,5.000000
0.073488,5.000000,5.000000
0.074480,5.000000,5.000000
0.075476,5.000000,5.000000
0.076468,5.000000,5.000000
0.077464,5.000000,5.000000
0.078456,5.000000,5.000000
0.079452,0.621000,4.673000
0.080448,1.173000,4.223000
0.081440,1.075000,3.822000
0.082432,0.938000,3.475000
0.083428,0.718000,3.162000
0.084420,0.411000,2.889000
0.085416,0.171000,2.620000
0.086408,0.073000,2.375000
0.087400,0.034000,2.151000
0.088396,0.015000,1.931000
0.089388,0.015000,1.735000
0.090380,0.005000,1.559000
0.091376,0.005000,1.403000
0.092368,0.000000,1.246000
0.093356,0.000000,1.139000
0.094352,0.000000,1.022000
0.095344,0.000000,0.929000
0.096336,0.000000,0.826000
0.097332,0.000000,0.748000
0.098324,0.000000,0.670000
0.099316,0.000000,0.606000
0.100312,0.000000,0.547000
0.101304,0.000000,0.499000
0.102300,0.000000,0.450000
0.103292,0.000000,0.396000
0.104284,0.000000,0.357000
0.105280,0.000000,0.318000
0.106272,0.000000,0.293000
0.107268,0.000000,0.264000
0.108260,0.000000,0.235000
0.109252,0.000000,0.215000
0.110248,0.000000,0.191000
0.111240,0.000000,0.171000
0.112236,0.000000,0.152000
0.113228,0.000000,0.137000
0.114220,0.000000,0.122000
0.115216,0.000000,0.117000
0.116208,0.000000,0.108000
0.117200,0.000000,0.093000
0.118196,0.000000,0.078000
0.119188,0.000000,0.073000
0.120184,0.000000,0.068000
0.121176,0.000000,0.059000
0.122168,0.000000,0.059000
0.123164,0.000000,0.044000
0.124156,0.000000,0.034000
0.125148,0.000000,0.034000
0.126144,0.000000,0.034000
0.127128,0.000000,0.034000
0.128124,0.000000,0.029000
0.129116,0.000000,0.029000
0.130112,0.000000,0.029000
0.131104,0.000000,0.015000
0.132096,0.000000,0.015000
0.133088,0.000000,0.015000
0.134080,0.000000,0.015000
0.135072,0.000000,0.015000
0.136064,0.000000,0.015000
0.137056,0.000000,0.005000
0.138048,0.000000,0.005000
0.139040,0.000000,0.005000
0.140036,0.000000,0.005000
0.141028,0.000000,0.005000
0.142020,0.000000,0.005000
0.143012,0.000000,0.005000
0.144004,0.000000,0.005000
0.144996,0.000000,0.005000
0.145988,0.000000,0.000000
0.146980,0.000000,0.000000
0.147972,0.000000,0.000000
0.148964,0.000000,0.000000
0.149956,0.000000,0.000000
0.150952,0.000000,0.000000
0.151944,0.000000,0.000000
0.152936,0.000000,0.000000
0.153928,0.000000,0.000000
0.154920,0.000000,0.000000
0.155912,0.000000,0.000000
0.156904,0.000000,0.000000
0.157896,0.000000,0.000000
