Channel 1,Channel 2,Channel 3
0.000036,4.853000,0.743000
0.001076,4.189000,1.442000
0.002120,4.282000,1.804000
0.003160,4.262000,2.586000
0.004204,4.565000,2.190000
0.005244,4.883000,2.116000
0.006284,4.809000,2.727000
0.007328,4.971000,2.595000
0.008368,4.966000,2.849000
0.009408,4.995000,3.050000
0.010448,4.971000,3.280000
0.011492,4.985000,3.441000
0.012532,4.985000,3.587000
0.013572,4.995000,3.729000
0.014612,4.995000,3.847000
0.015652,4.995000,3.944000
0.016692,4.995000,4.062000
0.017732,5.000000,4.140000
0.018776,5.000000,4.238000
0.019816,5.000000,4.306000
0.020856,5.000000,4.379000
0.021896,5.000000,4.438000
0.022940,5.000000,4.497000
0.023980,5.000000,4.541000
0.025020,5.000000,4.604000
0.026060,5.000000,4.643000
0.027100,5.000000,4.653000
0.028144,5.000000,4.697000
0.029184,5.000000,4.726000
0.030224,5.000000,4.761000
0.031264,5.000000,4.785000
0.032308,5.000000,4.800000
0.033348,5.000000,4.814000
0.034388,5.000000,4.848000
0.035428,5.000000,4.848000
0.036468,5.000000,4.878000
0.037508,5.000000,4.883000
0.038552,5.000000,4.883000
0.039592,5.000000,4.892000
0.040632,5.000000,4.907000
0.041672,5.000000,4.927000
0.042712,5.000000,4.932000
0.043756,5.000000,4.932000
0.044796,5.000000,4.956000
0.045836,5.000000,4.941000
0.046876,5.000000,4.956000
0.047916,5.000000,4.966000
0.048960,5.000000,4.966000
0.050000,5.000000,4.966000
0.051040,5.000000,4.971000
0.052080,5.000000,4.971000
0.053120,5.000000,4.971000
0.054160,5.000000,4.971000
0.055204,5.000000,4.971000
0.056244,5.000000,4.985000
0.057284,5.000000,4.985000
0.058324,5.000000,5.000000
0.059364,5.000000,5.000000
0.060412,5.000000,4.985000
0.061452,5.000000,4.995000
0.062492,5.000000,4.985000
0.063532,5.000000,4.995000
0.064572,5.000000,5.000000
0.065612,5.000000,4.995000
0.066660,5.000000,4.985000
0.067704,5.000000,4.985000
0.068748,5.000000,4.985000
0.069796,5.000000,4.985000
0.070840,5.000000,4.995000
0.071884,5.000000,5.000000
0.072932,5.000000,4.995000
0.073976,5.000000,5.000000
0.075020,5.000000,5.000000
0.076064,5.000000,5.000000
0.077112,5.000000,5.000000
0.078156,5.000000,4.995000
0.079200,5.000000,4.995000
0.080248,5.000000,5.000000
0.081292,5.000000,5.000000
0.082336,5.000000,5.000000
0.083388,0.875000,3.983000
0.084432,1.442000,3.548000
0.085476,1.344000,3.172000
0.086524,0.816000,3.524000
0.087568,0.469000,3.226000
0.088612,0.117000,2.620000
0.089660,0.396000,2.483000
0.090704,0.191000,2.307000
0.091748,0.073000,2.111000
0.092792,0.034000,1.911000
0.093840,0.024000,1.735000
0.094884,0.015000,1.559000
0.095928,0.005000,1.403000
0.096972,0.005000,1.281000
0.098020,0.005000,1.153000
0.099064,0.000000,1.031000
0.100108,0.000000,0.938000
0.101152,0.000000,0.841000
0.102200,0.000000,0.762000
0.103244,0.000000,0.684000
0.104288,0.000000,0.621000
0.105332,0.000000,0.552000
0.106380,0.000000,0.503000
0.107424,0.000000,0.450000
0.108468,0.000000,0.406000
0.109512,0.000000,0.371000
0.110560,0.000000,0.327000
0.111608,0.000000,0.303000
0.112656,0.000000,0.274000
0.113700,0.000000,0.239000
0.114744,0.000000,0.215000
0.115792,0.000000,0.191000
0.116836,0.000000,0.171000
0.117880,0.000000,0.152000
0.118924,0.000000,0.147000
0.119972,0.000000,0.132000
0.121016,0.000000,0.117000
0.122060,0.000000,0.108000
0.123104,0.000000,0.093000
0.124152,0.000000,0.083000
0.125196,0.000000,0.073000
0.126240,0.000000,0.073000
0.127284,0.000000,0.068000
0.128332,0.000000,0.059000
0.129376,0.000000,0.054000
0.130424,0.000000,0.044000
0.131468,0.000000,0.034000
0.132512,0.000000,0.034000
0.133560,0.000000,0.034000
0.134604,0.000000,0.034000
0.135648,0.000000,0.029000
0.136696,0.000000,0.029000
0.137740,0.000000,0.015000
0.138788,0.000000,0.015000
0.139832,0.000000,0.015000
0.140876,0.000000,0.015000
0.141924,0.000000,0.015000
0.142968,0.000000,0.015000
0.144012,0.000000,0.015000
0.145060,0.000000,0.005000
0.146104,0.000000,0.005000
0.147148,0.000000,0.005000
0.148196,0.000000,0.005000
0.149240,0.000000,0.005000
0.150284,0.000000,0.005000
0.151332,0.000000,0.005000
0.152376,0.000000,0.000000
0.153420,0.000000,0.000000
0.154468,0.000000,0.000000
0.155512,0.000000,0.000000
0.156556,0.000000,0.000000
0.157604,0.000000,0.000000
0.158648,0.000000,0.000000
0.159696,0.000000,0.000000
0.160740,0.000000,0.000000
0.161788,0.000000,0.000000
0.162832,0.000000,0.000000
0.163876,0.000000,0.000000
0.164924,0.000000,0.000000
0.165968,0.000000,0.000000
0.000028,4.110000,0.982000
0.001076,4.189000,1.437000
0.002124,4.853000,1.813000
0.003168,4.541000,1.950000
0.004216,4.785000,1.950000
0.005260,4.966000,2.224000
0.006304,4.878000,2.414000
0.007352,4.932000,2.620000
0.008396,4.995000,2.849000
0.009440,4.971000,3.065000
0.010484,4.971000,3.280000
0.011528,4.985000,3.431000
0.012568,4.985000,3.597000
0.013612,4.995000,3.715000
0.014656,4.995000,3.847000
0.015700,5.000000,3.954000
0.016744,4.995000,4.062000
0.017784,5.000000,4.150000
0.018828,5.000000,4.238000
0.019868,5.000000,4.316000
0.020912,5.000000,4.379000
0.021952,5.000000,4.438000
0.022996,5.000000,4.497000
0.024036,5.000000,4.541000
0.025080,5.000000,4.594000
0.026120,5.000000,4.629000
0.027164,5.000000,4.673000
0.028204,5.000000,4.692000
0.029248,5.000000,4.726000
0.030288,5.000000,4.761000
0.031332,5.000000,4.785000
0.032372,5.000000,4.809000
0.033416,5.000000,4.829000
0.034456,5.000000,4.848000
0.035500,5.000000,4.853000
0.036540,5.000000,4.868000
0.037584,5.000000,4.883000
0.038624,5.000000,4.892000
0.039668,5.000000,4.907000
0.040708,5.000000,4.917000
0.041752,5.000000,4.922000
0.042792,5.000000,4.927000
0.043836,5.000000,4.941000
0.044876,5.000000,4.941000
0.045920,5.000000,4.946000
0.046960,5.000000,4.956000
0.048004,5.000000,4.956000
0.049044,5.000000,4.966000
0.050088,5.000000,4.966000
0.051128,5.000000,4.966000
0.052172,5.000000,4.966000
0.053212,5.000000,4.971000
0.054256,5.000000,4.985000
0.055296,5.000000,4.985000
0.056340,5.000000,4.985000
0.057380,5.000000,4.985000
0.058424,5.000000,4.985000
0.059464,5.000000,5.000000
0.060508,5.000000,5.000000
0.061548,5.000000,4.995000
0.062592,5.000000,5.000000
0.063632,5.000000,4.995000
0.064676,5.000000,4.995000
0.065720,5.000000,4.995000
0.066764,5.000000,4.995000
0.067808,5.000000,4.995000
0.068848,5.000000,5.000000
0.069892,5.000000,5.000000
0.070936,5.000000,5.000000
0.071980,5.000000,5.000000
0.073024,5.000000,4.995000
0.074068,5.000000,5.000000
0.075108,5.000000,5.000000
0.076152,5.000000,5.000000
0.077196,5.000000,4.995000
0.078240,5.000000,5.000000
0.079284,5.000000,5.000000
0.080324,5.000000,5.000000
0.081368,5.000000,5.000000
0.082412,5.000000,5.000000
0.083460,1.398000,4.541000
0.084504,0.919000,4.379000
0.085548,1.075000,3.822000
0.086588,0.562000,2.889000
0.087632,0.973000,2.713000
0.088676,0.117000,2.610000
0.089720,0.044000,2.483000
0.090760,0.029000,2.307000
0.091804,0.015000,2.111000
0.092848,0.005000,1.911000
0.093892,0.005000,1.735000
0.094932,0.005000,1.559000
0.095976,0.000000,1.413000
0.097020,0.000000,1.281000
0.098064,0.000000,1.153000
0.099104,0.000000,1.036000
0.100148,0.000000,0.938000
0.101192,0.000000,0.841000
0.102236,0.000000,0.762000
0.103276,0.000000,0.684000
0.104320,0.000000,0.621000
0.105364,0.000000,0.552000
0.106408,0.000000,0.503000
0.107448,0.000000,0.450000
0.108492,0.000000,0.406000
0.109536,0.000000,0.371000
0.110580,0.000000,0.327000
0.111620,0.000000,0.303000
0.112664,0.000000,0.274000
0.113708,0.000000,0.239000
0.114752,0.000000,0.215000
0.115792,0.000000,0.191000
0.116836,0.000000,0.171000
0.117880,0.000000,0.156000
0.118924,0.000000,0.147000
0.119964,0.000000,0.132000
0.121016,0.000000,0.117000
0.122060,0.000000,0.108000
0.123100,0.000000,0.093000
0.124144,0.000000,0.083000
0.125188,0.000000,0.073000
0.126232,0.000000,0.073000
0.127272,0.000000,0.059000
0.128316,0.000000,0.059000
0.129360,0.000000,0.054000
0.130404,0.000000,0.034000
0.131444,0.000000,0.034000
0.132488,0.000000,0.034000
0.133532,0.000000,0.034000
0.134572,0.000000,0.034000
0.135616,0.000000,0.029000
0.136656,0.000000,0.020000
0.137700,0.000000,0.015000
0.138744,0.000000,0.015000
0.139784,0.000000,0.015000
0.140828,0.000000,0.015000
0.141868,0.000000,0.015000
0.142912,0.000000,0.015000
0.143952,0.000000,0.005000
0.144996,0.000000,0.005000
0.146040,0.000000,0.005000
0.147080,0.000000,0.005000
0.148124,0.000000,0.005000
0.149164,0.000000,0.005000
0.150208,0.000000,0.005000
0.151252,0.000000,0.000000
0.152292,0.000000,0.000000
0.153336,0.000000,0.005000
0.154376,0.000000,0.000000
0.155420,0.000000,0.000000
0.156464,0.000000,0.000000
0.157504,0.000000,0.000000
0.158548,0.000000,0.000000
0.159592,0.000000,0.000000
0.160632,0.000000,0.000000
0.161676,0.000000,0.000000
0.162716,0.000000,0.000000
0.163760,0.000000,0.000000
0.164800,0.000000,0.000000
0.165844,0.000000,0.000000
0.000024,4.658000,1.525000
0.001076,4.878000,1.310000
0.002120,4.291000,1.813000
0.003168,4.531000,1.950000
0.004212,4.438000,2.674000
0.005256,4.966000,2.151000
0.006304,4.985000,2.380000
0.007348,4.990000,2.620000
0.008392,4.995000,2.849000
0.009436,4.995000,3.065000
0.010480,4.995000,3.280000
0.011524,5.000000,3.421000
0.012568,5.000000,3.597000
0.013612,5.000000,3.715000
0.014656,5.000000,3.847000
0.015700,5.000000,3.954000
0.016744,5.000000,4.062000
0.017784,5.000000,4.150000
0.018828,5.000000,4.238000
0.019872,5.000000,4.316000
0.020912,5.000000,4.379000
0.021956,5.000000,4.438000
0.022996,5.000000,4.497000
0.024044,5.000000,4.550000
0.025088,5.000000,4.594000
0.026128,5.000000,4.629000
0.027172,5.000000,4.673000
0.028216,5.000000,4.707000
0.029256,5.000000,4.726000
0.030300,5.000000,4.761000
0.031344,5.000000,4.785000
0.032384,5.000000,4.809000
0.033428,5.000000,4.829000
0.034468,5.000000,4.844000
0.035512,5.000000,4.853000
0.036552,5.000000,4.868000
0.037596,5.000000,4.883000
0.038636,5.000000,4.892000
0.039680,5.000000,4.907000
0.040720,5.000000,4.917000
0.041764,5.000000,4.927000
0.042804,5.000000,4.927000
0.043848,5.000000,4.941000
0.044888,5.000000,4.941000
0.045932,5.000000,4.941000
0.046972,5.000000,4.956000
0.048016,5.000000,4.966000
0.049056,5.000000,4.966000
0.050100,5.000000,4.966000
0.051140,5.000000,4.971000
0.052180,5.000000,4.971000
0.053224,5.000000,4.971000
0.054268,5.000000,4.985000
0.055308,5.000000,4.980000
0.056348,5.000000,4.985000
0.057392,5.000000,4.985000
0.058432,5.000000,4.985000
0.059476,5.000000,4.985000
0.060516,5.000000,4.985000
0.061560,5.000000,4.985000
0.062600,5.000000,4.985000
0.063644,5.000000,4.985000
0.064684,5.000000,4.985000
0.065728,5.000000,4.995000
0.066768,5.000000,4.995000
0.067812,5.000000,5.000000
0.068856,5.000000,5.000000
0.069900,5.000000,5.000000
0.070944,5.000000,5.000000
0.071988,5.000000,5.000000
0.073032,5.000000,5.000000
0.074076,5.000000,5.000000
0.075120,5.000000,5.000000
0.076164,5.000000,5.000000
0.077208,5.000000,5.000000
0.078252,5.000000,5.000000
0.079296,5.000000,5.000000
0.080340,5.000000,5.000000
0.081388,5.000000,5.000000
0.082432,5.000000,4.995000
0.083480,0.621000,4.673000
0.084524,1.173000,4.223000
0.085568,1.075000,3.822000
0.086608,0.938000,3.475000
0.087652,0.733000,3.187000
0.088696,0.117000,2.620000
0.089740,0.191000,2.639000
0.090784,0.073000,2.380000
0.091828,0.034000,2.155000
0.092872,0.015000,1.950000
0.093916,0.015000,1.755000
0.094956,0.005000,1.579000
0.096000,0.005000,1.422000
0.097044,0.000000,1.285000
0.098088,0.000000,1.153000
0.099132,0.000000,1.046000
0.100176,0.000000,0.938000
0.101220,0.000000,0.850000
0.102264,0.000000,0.762000
0.103304,0.000000,0.694000
0.104348,0.000000,0.621000
0.105392,0.000000,0.552000
0.106436,0.000000,0.503000
0.107480,0.000000,0.459000
0.108524,0.000000,0.406000
0.109568,0.000000,0.371000
0.110612,0.000000,0.327000
0.111652,0.000000,0.303000
0.112696,0.000000,0.274000
0.113740,0.000000,0.239000
0.114784,0.000000,0.220000
0.115828,0.000000,0.191000
0.116872,0.000000,0.171000
0.117916,0.000000,0.152000
0.118960,0.000000,0.147000
0.120000,0.000000,0.132000
0.121044,0.000000,0.117000
0.122088,0.000000,0.108000
0.123132,0.000000,0.093000
0.124176,0.000000,0.083000
0.125220,0.000000,0.073000
0.126264,0.000000,0.073000
0.127308,0.000000,0.059000
0.128348,0.000000,0.059000
0.129392,0.000000,0.044000
0.130436,0.000000,0.044000
0.131480,0.000000,0.034000
0.132524,0.000000,0.034000
0.133564,0.000000,0.034000
0.134608,0.000000,0.034000
0.135652,0.000000,0.029000
0.136692,0.000000,0.029000
0.137736,0.000000,0.015000
0.138776,0.000000,0.015000
0.139820,0.000000,0.015000
0.140860,0.000000,0.015000
0.141904,0.000000,0.015000
0.142944,0.000000,0.015000
0.143988,0.000000,0.015000
0.145032,0.000000,0.005000
0.146072,0.000000,0.005000
0.147116,0.000000,0.005000
0.148156,0.000000,0.005000
0.149200,0.000000,0.005000
0.150240,0.000000,0.005000
0.151284,0.000000,0.000000
0.152328,0.000000,0.000000
0.153368,0.000000,0.000000
0.154412,0.000000,0.000000
0.155452,0.000000,0.000000
0.156496,0.000000,0.000000
0.157536,0.000000,0.000000
0.158580,0.000000,0.000000
0.159620,0.000000,0.000000
0.160664,0.000000,0.000000
0.161708,0.000000,0.000000
0.162748,0.000000,0.000000
0.163792,0.000000,0.000000
0.164832,0.000000,0.000000
0.165876,0.000000,0.000000
