Channel 1,Channel 2,Channel 3
0.000100,0.166000,0.752688
0.000150,0.249000,0.669599
0.000200,0.323000,0.596285
0.000250,0.386000,0.532747
0.000300,0.450000,0.469208
0.000360,0.503000,0.415445
0.000410,0.547000,0.371457
0.000470,0.591000,0.327468
0.000520,0.626000,0.293255
0.000580,0.660000,0.259042
0.000630,0.684000,0.234604
0.000680,0.709000,0.195503
0.000740,0.733000,0.185728
0.000790,0.758000,0.161290
0.000840,0.772000,0.141740
0.000900,0.787000,0.131965
0.000950,0.797000,0.122190
0.001010,0.811000,0.107527
0.001070,0.816000,0.102639
0.001120,0.836000,0.078201
0.001180,0.841000,0.078201
0.001230,0.850000,0.068426
0.001280,0.855000,0.063539
0.001340,0.860000,0.058651
0.001390,0.865000,0.053763
0.001440,0.875000,0.043988
0.001500,0.875000,0.043988
0.001550,0.880000,0.039101
0.001610,0.880000,0.039101
0.001660,0.885000,0.034213
0.001720,0.890000,0.029326
0.001770,0.890000,0.029326
0.001820,0.894000,0.024438
0.001880,0.899000,0.014663
0.001930,0.899000,0.019550
0.001980,0.899000,0.019550
0.002040,0.899000,0.014663
0.002090,0.899000,0.014663
0.002140,0.899000,0.014663
0.002190,0.899000,0.014663
0.002240,0.899000,0.019550
0.002290,0.904000,0.009775
0.002340,0.904000,0.009775
0.002390,0.904000,0.014663
0.002440,0.904000,0.009775
0.002490,0.904000,0.014663
0.002540,0.904000,0.000000
0.002590,0.904000,0.009775
0.002640,0.904000,0.009775
0.002690,0.904000,0.014663
0.002740,0.904000,0.014663
0.002790,0.904000,0.009775
0.002840,0.909000,0.004888
0.002890,0.909000,0.009775
0.002940,0.909000,0.004888
0.002990,0.909000,0.009775
0.003040,0.914000,0.004888
0.003100,0.914000,0.000000
0.003150,0.914000,0.000000
0.003200,0.914000,0.004888
0.003250,0.914000,0.004888
0.003300,0.914000,0.004888
0.003350,0.914000,0.000000
0.003400,0.914000,0.000000
0.003450,0.914000,-0.014663
0.003500,0.914000,0.004888
0.003550,0.914000,-0.009775
0.003600,0.914000,0.004888
0.003650,0.914000,0.004888
0.003700,0.914000,0.004888
0.003750,0.914000,0.004888
0.003800,0.914000,0.004888
0.003850,0.914000,-0.004888
0.003900,0.914000,0.004888
0.003950,0.914000,0.004888
0.004000,0.914000,0.004888
0.004050,0.914000,0.000000
0.004100,0.914000,0.004888
0.004160,0.914000,-0.009775
0.004200,0.914000,0.000000
0.004260,0.914000,0.004888
0.004300,0.914000,0.004888
0.004360,0.914000,0.004888
0.004400,0.914000,0.004888
0.004460,0.914000,0.000000
0.004500,0.914000,0.004888
0.004560,0.914000,0.000000
0.004600,0.914000,0.004888
0.004660,0.914000,0.004888
0.004700,0.914000,0.004888
0.004760,0.914000,0.000000
0.004800,0.914000,0.004888
0.004860,0.914000,0.000000
0.004900,0.914000,0.004888
0.004960,0.914000,-0.009775
0.005000,0.914000,0.004888
0.005060,0.914000,0.004888
0.005100,0.914000,0.000000
0.005160,0.914000,0.004888
0.005210,0.914000,0.000000
0.005260,0.914000,0.004888
0.005310,0.914000,0.004888
0.005360,0.914000,0.004888
0.005410,0.914000,0.004888
0.005460,0.914000,0.000000
0.005510,0.914000,0.004888
0.005560,0.914000,0.000000
0.005610,0.914000,0.004888
0.005660,0.914000,0.004888
0.005710,0.914000,0.004888
0.005760,0.914000,0.004888
0.005810,0.914000,0.004888
0.005860,0.914000,0.004888
0.005910,0.914000,0.004888
0.005960,0.914000,0.004888
0.006010,0.914000,0.004888
0.006060,0.914000,0.004888
0.006110,0.914000,0.004888
0.006160,0.914000,0.004888
0.006210,0.914000,0.004888
0.006260,0.914000,0.004888
0.006310,0.914000,0.004888
0.006360,0.914000,0.000000
0.006410,0.914000,0.004888
0.006460,0.914000,0.000000
0.006510,0.914000,0.004888
0.006560,0.914000,0.000000
0.006610,0.914000,0.004888
0.006660,0.914000,0.000000
0.006710,0.914000,0.004888
0.006760,0.914000,0.004888
0.006810,0.914000,0.004888
0.006860,0.914000,0.004888
0.006910,0.914000,0.004888
0.006960,0.914000,0.000000
0.007010,0.914000,0.004888
0.007060,0.914000,0.004888
0.007110,0.914000,0.004888
0.007160,0.914000,0.004888
0.007210,0.914000,0.004888
0.007260,0.914000,0.004888
0.007310,0.914000,0.004888
0.007360,0.914000,0.004888
0.007410,0.914000,0.004888
0.007460,0.914000,0.004888
0.007510,0.914000,0.004888
0.007560,0.914000,0.004888
0.007610,0.914000,0.004888
0.007660,0.914000,0.004888
0.007710,0.865000,-0.865000
0.007760,0.758000,-0.758000
0.007810,0.660000,-0.660000
0.007860,0.587000,-0.587000
0.007920,0.518000,-0.518000
0.007970,0.459000,-0.459000
0.008020,0.406000,-0.406000
0.008070,0.362000,-0.362000
0.008120,0.318000,-0.318000
0.008180,0.288000,-0.288000
0.008230,0.249000,-0.249000
0.008280,0.225000,-0.225000
0.008330,0.200000,-0.200000
0.008380,0.181000,-0.181000
0.008430,0.161000,-0.161000
0.008480,0.147000,-0.147000
0.008530,0.127000,-0.127000
0.008580,0.117000,-0.117000
0.008640,0.103000,-0.103000
0.008690,0.088000,-0.088000
0.008740,0.078000,-0.078000
0.008790,0.073000,-0.073000
0.008840,0.064000,-0.064000
0.008890,0.059000,-0.059000
0.008940,0.049000,-0.049000
0.008990,0.044000,-0.044000
0.009040,0.034000,-0.034000
0.009100,0.034000,-0.034000
0.009140,0.029000,-0.029000
0.009200,0.029000,-0.029000
0.009250,0.020000,-0.020000
0.009300,0.015000,-0.015000
0.009350,0.015000,-0.015000
0.009400,0.015000,-0.015000
0.009450,0.015000,-0.015000
0.009500,0.010000,-0.010000
0.009550,0.010000,-0.010000
0.009600,0.005000,-0.005000
0.009660,0.005000,-0.005000
0.009710,0.005000,-0.005000
0.009760,0.005000,-0.005000
0.009810,0.005000,-0.005000
0.009860,0.000000,0.000000
0.009910,0.000000,0.000000
0.009960,0.000000,0.000000
0.010010,0.000000,0.000000
0.010060,0.000000,0.000000
0.010120,0.000000,0.000000
0.010160,0.000000,0.000000
0.010220,0.000000,0.000000
0.010270,0.000000,0.000000
0.010320,0.000000,0.000000
0.010370,0.000000,0.000000
0.010420,0.000000,0.000000
0.010470,0.000000,0.000000
0.010520,0.000000,0.000000
0.010570,0.000000,0.000000
0.010620,0.000000,0.000000
0.010680,0.000000,0.000000
0.010730,0.000000,0.000000
0.010780,0.000000,0.000000
0.010830,0.000000,0.000000
0.010880,0.000000,0.000000
0.010930,0.000000,0.000000
0.010980,0.000000,0.000000
0.011040,0.000000,0.000000
0.011080,0.000000,0.000000
0.011140,0.000000,0.000000
0.011190,0.000000,0.000000
0.011240,0.000000,0.000000
0.011290,0.000000,0.000000
0.011340,0.000000,0.000000
0.011390,0.000000,0.000000
0.011440,0.000000,0.000000
0.011490,0.000000,0.000000
0.011540,0.000000,0.000000
0.011600,0.000000,0.000000
0.011650,0.000000,0.000000
0.011700,0.000000,0.000000
0.011750,0.000000,0.000000
0.011800,0.000000,0.000000
0.011850,0.000000,0.000000
0.011900,0.000000,0.000000
0.011950,0.000000,0.000000
0.012010,0.000000,0.000000
0.012060,0.000000,0.000000
0.012110,0.000000,0.000000
0.012160,0.000000,0.000000
0.012210,0.000000,0.000000
0.012260,0.000000,0.000000
0.012310,0.000000,0.000000
0.012360,0.000000,0.000000
0.012420,0.000000,0.000000
0.012460,0.000000,0.000000
0.012520,0.000000,0.000000
0.012570,0.000000,0.000000
0.012620,0.000000,0.000000
0.012670,0.000000,0.000000
0.012720,0.000000,0.000000
0.012770,0.000000,0.000000
0.012820,0.000000,0.000000
0.012870,0.000000,0.000000
0.012920,0.000000,0.000000
0.012980,0.000000,0.000000
0.013030,0.000000,0.000000
0.013080,0.000000,0.000000
0.013130,0.000000,0.000000
0.013180,0.000000,0.000000
0.013240,0.000000,0.000000
0.013280,0.000000,0.000000
0.013340,0.000000,0.000000
0.013390,0.000000,0.000000
0.013440,0.000000,0.000000
0.013490,0.000000,0.000000
0.013540,0.000000,0.000000
0.013590,0.000000,0.000000
0.013640,0.000000,0.000000
0.013690,0.000000,0.000000
0.013740,0.000000,0.000000
0.013800,0.000000,0.000000
0.013850,0.000000,0.000000
0.013900,0.000000,0.000000
0.013950,0.000000,0.000000
0.014000,0.000000,0.000000
0.014060,0.000000,0.000000
0.014110,0.000000,0.000000
0.014160,0.000000,0.000000
0.014210,0.000000,0.000000
0.014260,0.000000,0.000000
0.014310,0.000000,0.000000
0.014360,0.000000,0.000000
0.014410,0.000000,0.000000
0.014460,0.000000,0.000000
0.014520,0.000000,0.000000
0.014560,0.000000,0.000000
0.014620,0.000000,0.000000
0.014670,0.000000,0.000000
0.014720,0.000000,0.000000
0.014770,0.000000,0.000000
0.014820,0.000000,0.000000
0.014870,0.000000,0.000000
0.014920,0.000000,0.000000
0.014970,0.000000,0.000000
0.015020,0.000000,0.000000
0.015080,0.000000,0.000000
0.015130,0.000000,0.000000
0.015180,0.000000,0.000000
0.015230,0.000000,0.000000
0.015280,0.000000,0.000000
0.015330,0.000000,0.000000
0.000040,0.034000,0.884653
0.000100,0.156000,0.762463
0.000160,0.254000,0.664712
0.000210,0.337000,0.581623
0.000260,0.406000,0.513196
0.000320,0.469000,0.449658
0.000380,0.523000,0.395894
0.000440,0.567000,0.351906
0.000490,0.611000,0.307918
0.000550,0.645000,0.273705
0.000610,0.679000,0.239492
0.000660,0.704000,0.219941
0.000720,0.728000,0.190616
0.000780,0.748000,0.171066
0.000830,0.767000,0.146628
0.000890,0.782000,0.136852
0.000940,0.797000,0.122190
0.001000,0.811000,0.107527
0.001060,0.816000,0.102639
0.001120,0.831000,0.087977
0.001170,0.841000,0.078201
0.001220,0.850000,0.063539
0.001280,0.855000,0.063539
0.001340,0.860000,0.053763
0.001390,0.865000,0.053763
0.001440,0.870000,0.048876
0.001500,0.875000,0.043988
0.001560,0.875000,0.039101
0.001610,0.880000,0.039101
0.001660,0.890000,0.029326
0.001720,0.890000,0.029326
0.001780,0.890000,0.014663
0.001830,0.894000,0.019550
0.001880,0.894000,0.024438
0.001940,0.899000,0.019550
0.002000,0.899000,0.014663
0.002050,0.899000,0.014663
0.002100,0.899000,0.029326
0.002160,0.899000,0.019550
0.002210,0.899000,0.014663
0.002270,0.904000,0.024438
0.002320,0.904000,0.014663
0.002380,0.904000,0.014663
0.002430,0.904000,0.014663
0.002480,0.904000,0.009775
0.002540,0.904000,0.014663
0.002590,0.904000,0.019550
0.002640,0.904000,0.009775
0.002700,0.904000,0.014663
0.002750,0.904000,0.014663
0.002810,0.904000,0.009775
0.002860,0.904000,0.014663
0.002920,0.909000,0.009775
0.002970,0.914000,0.000000
0.003020,0.909000,0.009775
0.003080,0.909000,-0.004888
0.003130,0.909000,-0.004888
0.003180,0.909000,0.009775
0.003240,0.914000,0.004888
0.003290,0.909000,0.004888
0.003350,0.914000,0.004888
0.003400,0.914000,0.004888
0.003460,0.914000,0.004888
0.003510,0.914000,0.009775
0.003560,0.914000,0.000000
0.003620,0.914000,0.004888
0.003670,0.914000,0.004888
0.003720,0.914000,0.004888
0.003780,0.914000,0.004888
0.003830,0.914000,0.004888
0.003890,0.914000,0.004888
0.003940,0.914000,0.004888
0.004000,0.914000,0.000000
0.004050,0.914000,0.004888
0.004100,0.914000,0.000000
0.004160,0.914000,-0.009775
0.004210,0.914000,0.000000
0.004260,0.914000,0.004888
0.004320,0.914000,0.000000
0.004370,0.914000,0.004888
0.004420,0.914000,0.004888
0.004470,0.914000,0.004888
0.004530,0.914000,0.004888
0.004580,0.914000,0.004888
0.004630,0.914000,0.004888
0.004680,0.914000,0.004888
0.004740,0.914000,0.004888
0.004790,0.914000,0.004888
0.004840,0.914000,0.004888
0.004900,0.914000,0.004888
0.004950,0.914000,0.004888
0.005000,0.914000,0.004888
0.005060,0.914000,0.004888
0.005110,0.914000,0.004888
0.005160,0.914000,0.000000
0.005220,0.914000,0.004888
0.005270,0.914000,0.000000
0.005320,0.914000,0.004888
0.005380,0.914000,0.004888
0.005430,0.914000,0.004888
0.005480,0.914000,0.004888
0.005530,0.914000,0.004888
0.005590,0.914000,0.004888
0.005640,0.914000,0.000000
0.005690,0.914000,0.004888
0.005740,0.914000,0.004888
0.005800,0.914000,0.004888
0.005850,0.914000,0.004888
0.005900,0.914000,0.004888
0.005960,0.914000,0.004888
0.006010,0.914000,0.004888
0.006060,0.914000,0.004888
0.006120,0.914000,0.004888
0.006170,0.914000,0.004888
0.006230,0.914000,0.004888
0.006280,0.914000,0.004888
0.006340,0.914000,0.004888
0.006390,0.914000,0.004888
0.006440,0.914000,0.000000
0.006490,0.914000,0.004888
0.006550,0.914000,0.004888
0.006600,0.914000,0.004888
0.006650,0.914000,0.004888
0.006700,0.914000,0.004888
0.006760,0.914000,0.004888
0.006810,0.914000,0.004888
0.006860,0.914000,0.000000
0.006920,0.914000,0.004888
0.006970,0.914000,0.004888
0.007020,0.914000,0.004888
0.007080,0.914000,0.004888
0.007130,0.914000,0.004888
0.007180,0.914000,0.004888
0.007240,0.914000,0.000000
0.007300,0.914000,0.004888
0.007350,0.914000,0.004888
0.007400,0.914000,0.004888
0.007450,0.914000,0.004888
0.007510,0.914000,0.004888
0.007560,0.914000,0.004888
0.007610,0.914000,0.004888
0.007660,0.914000,0.000000
0.007720,0.914000,0.004888
0.007770,0.914000,0.004888
0.007820,0.914000,0.004888
0.007880,0.914000,0.000000
0.007930,0.914000,0.004888
0.007980,0.914000,0.004888
0.008040,0.914000,0.004888
0.008090,0.919000,0.000000
0.008130,0.860000,-0.860000
0.008180,0.758000,-0.758000
0.008240,0.660000,-0.660000
0.008290,0.587000,-0.587000
0.008340,0.513000,-0.513000
0.008390,0.459000,-0.459000
0.008440,0.406000,-0.406000
0.008500,0.357000,-0.357000
0.008550,0.318000,-0.318000
0.008600,0.283000,-0.283000
0.008650,0.249000,-0.249000
0.008700,0.225000,-0.225000
0.008760,0.200000,-0.200000
0.008810,0.176000,-0.176000
0.008860,0.156000,-0.156000
0.008910,0.137000,-0.137000
0.008960,0.122000,-0.122000
0.009020,0.112000,-0.112000
0.009070,0.098000,-0.098000
0.009120,0.088000,-0.088000
0.009170,0.078000,-0.078000
0.009220,0.068000,-0.068000
0.009280,0.059000,-0.059000
0.009330,0.054000,-0.054000
0.009380,0.044000,-0.044000
0.009430,0.039000,-0.039000
0.009480,0.034000,-0.034000
0.009530,0.034000,-0.034000
0.009580,0.029000,-0.029000
0.009640,0.024000,-0.024000
0.009690,0.020000,-0.020000
0.009740,0.015000,-0.015000
0.009790,0.015000,-0.015000
0.009840,0.015000,-0.015000
0.009900,0.015000,-0.015000
0.009950,0.010000,-0.010000
0.010000,0.005000,-0.005000
0.010050,0.005000,-0.005000
0.010100,0.005000,-0.005000
0.010160,0.005000,-0.005000
0.010210,0.000000,0.000000
0.010260,0.000000,0.000000
0.010310,0.000000,0.000000
0.010370,0.000000,0.000000
0.010420,0.000000,0.000000
0.010480,0.000000,0.000000
0.010530,0.000000,0.000000
0.010580,0.000000,0.000000
0.010630,0.000000,0.000000
0.010680,0.000000,0.000000
0.010740,0.000000,0.000000
0.010790,0.000000,0.000000
0.010840,0.000000,0.000000
0.010890,0.000000,0.000000
0.010940,0.000000,0.000000
0.011000,0.000000,0.000000
0.011050,0.000000,0.000000
0.011100,0.000000,0.000000
0.011150,0.000000,0.000000
0.011200,0.000000,0.000000
0.011260,0.000000,0.000000
0.011310,0.000000,0.000000
0.011360,0.000000,0.000000
0.011420,0.000000,0.000000
0.011470,0.000000,0.000000
0.011520,0.000000,0.000000
0.011570,0.000000,0.000000
0.011620,0.000000,0.000000
0.011680,0.000000,0.000000
0.011730,0.000000,0.000000
0.011780,0.000000,0.000000
0.011830,0.000000,0.000000
0.011880,0.000000,0.000000
0.011940,0.000000,0.000000
0.011990,0.000000,0.000000
0.012040,0.000000,0.000000
0.012090,0.000000,0.000000
0.012140,0.000000,0.000000
0.012200,0.000000,0.000000
0.012250,0.000000,0.000000
0.012300,0.000000,0.000000
0.012350,0.000000,0.000000
0.012410,0.000000,0.000000
0.012460,0.000000,0.000000
0.012510,0.000000,0.000000
0.012560,0.000000,0.000000
0.012620,0.000000,0.000000
0.012670,0.000000,0.000000
0.012720,0.000000,0.000000
0.012770,0.000000,0.000000
0.012820,0.000000,0.000000
0.012880,0.000000,0.000000
0.012930,0.000000,0.000000
0.012980,0.000000,0.000000
0.013030,0.000000,0.000000
0.013080,0.000000,0.000000
0.013140,0.000000,0.000000
0.013190,0.000000,0.000000
0.013240,0.000000,0.000000
0.013290,0.000000,0.000000
0.013340,0.000000,0.000000
0.013400,0.000000,0.000000
0.013450,0.000000,0.000000
0.013500,0.000000,0.000000
0.013560,0.000000,0.000000
0.013610,0.000000,0.000000
0.013660,0.000000,0.000000
0.013710,0.000000,0.000000
0.013760,0.000000,0.000000
0.013820,0.000000,0.000000
0.013870,0.000000,0.000000
0.013920,0.000000,0.000000
0.013970,0.000000,0.000000
0.014020,0.000000,0.000000
0.014080,0.000000,0.000000
0.014130,0.000000,0.000000
0.014180,0.000000,0.000000
0.014230,0.000000,0.000000
0.014280,0.000000,0.000000
0.014340,0.000000,0.000000
0.014390,0.000000,0.000000
0.014440,0.000000,0.000000
0.014490,0.000000,0.000000
0.014540,0.000000,0.000000
0.014590,0.000000,0.000000
0.014640,0.000000,0.000000
0.014700,0.000000,0.000000
0.014750,0.000000,0.000000
0.014800,0.000000,0.000000
0.014850,0.000000,0.000000
0.014900,0.000000,0.000000
0.014960,0.000000,0.000000
0.015010,0.000000,0.000000
0.015060,0.000000,0.000000
0.015110,0.000000,0.000000
0.015160,0.000000,0.000000
0.015220,0.000000,0.000000
0.015270,0.000000,0.000000
0.015320,0.000000,0.000000
0.015370,0.000000,0.000000
0.015420,0.000000,0.000000
0.015480,0.000000,0.000000
0.015540,0.000000,0.000000
0.015590,0.000000,0.000000
0.015640,0.000000,0.000000
0.015690,0.000000,0.000000
0.015740,0.000000,0.000000
0.015800,0.000000,0.000000
0.015850,0.000000,0.000000
0.015900,0.000000,0.000000
0.000040,0.034000,0.884653
0.000100,0.156000,0.762463
0.000160,0.254000,0.664712
0.000220,0.347000,0.571848
0.000270,0.411000,0.508309
0.000330,0.474000,0.444770
0.000390,0.528000,0.381232
0.000440,0.577000,0.337243
0.000500,0.616000,0.298143
0.000560,0.645000,0.273705
0.000610,0.679000,0.239492
0.000670,0.704000,0.210166
0.000720,0.733000,0.185728
0.000780,0.748000,0.166178
0.000840,0.767000,0.151515
0.000890,0.782000,0.136852
0.000950,0.797000,0.122190
0.001000,0.811000,0.107527
0.001060,0.816000,0.102639
0.001120,0.836000,0.083089
0.001170,0.841000,0.078201
0.001230,0.850000,0.068426
0.001280,0.855000,0.058651
0.001340,0.860000,0.053763
0.001390,0.865000,0.048876
0.001450,0.870000,0.048876
0.001500,0.875000,0.043988
0.001560,0.875000,0.043988
0.001610,0.880000,0.034213
0.001670,0.885000,0.029326
0.001720,0.890000,0.029326
0.001780,0.890000,0.029326
0.001830,0.894000,0.024438
0.001890,0.899000,0.019550
0.001940,0.899000,0.019550
0.002000,0.899000,0.019550
0.002050,0.899000,0.014663
0.002100,0.899000,0.019550
0.002160,0.899000,0.019550
0.002210,0.899000,0.019550
0.002270,0.904000,0.024438
0.002330,0.904000,0.014663
0.002380,0.904000,0.014663
0.002440,0.904000,0.009775
0.002490,0.904000,0.000000
0.002540,0.904000,0.009775
0.002600,0.904000,0.014663
0.002650,0.904000,0.014663
0.002700,0.904000,0.024438
0.002760,0.909000,0.009775
0.002810,0.909000,0.004888
0.002870,0.909000,0.009775
0.002920,0.909000,0.004888
0.002980,0.904000,0.014663
0.003030,0.909000,0.009775
0.003080,0.914000,0.004888
0.003140,0.914000,0.004888
0.003190,0.914000,0.004888
0.003240,0.914000,0.000000
0.003300,0.914000,0.000000
0.003360,0.914000,0.000000
0.003410,0.914000,0.000000
0.003470,0.914000,0.000000
0.003520,0.914000,0.004888
0.003580,0.914000,0.004888
0.003630,0.914000,0.004888
0.003680,0.914000,0.000000
0.003740,0.914000,0.004888
0.003790,0.914000,0.004888
0.003840,0.914000,0.004888
0.003900,0.914000,0.004888
0.003950,0.914000,0.004888
0.004010,0.914000,0.004888
0.004060,0.914000,0.004888
0.004120,0.914000,0.000000
0.004170,0.914000,0.004888
0.004220,0.914000,0.000000
0.004280,0.914000,0.004888
0.004330,0.914000,0.004888
0.004390,0.914000,0.004888
0.004440,0.914000,0.000000
0.004490,0.914000,0.004888
0.004540,0.914000,0.004888
0.004600,0.914000,0.004888
0.004650,0.914000,0.004888
0.004700,0.914000,0.004888
0.004760,0.914000,0.004888
0.004810,0.914000,0.004888
0.004860,0.914000,0.004888
0.004920,0.914000,0.004888
0.004970,0.914000,0.004888
0.005020,0.914000,0.004888
0.005080,0.914000,0.004888
0.005130,0.914000,0.004888
0.005180,0.914000,0.004888
0.005240,0.914000,0.004888
0.005290,0.914000,0.000000
0.005350,0.914000,0.004888
0.005400,0.914000,0.004888
0.005450,0.914000,0.004888
0.005500,0.914000,0.004888
0.005560,0.914000,0.004888
0.005610,0.914000,0.004888
0.005660,0.914000,0.004888
0.005720,0.914000,0.000000
0.005770,0.914000,0.004888
0.005820,0.914000,0.004888
0.005880,0.914000,0.004888
0.005930,0.914000,0.004888
0.005980,0.914000,0.004888
0.006040,0.914000,0.004888
0.006090,0.914000,0.004888
0.006140,0.914000,0.004888
0.006200,0.914000,0.004888
0.006250,0.914000,0.004888
0.006300,0.914000,0.004888
0.006350,0.914000,0.004888
0.006410,0.914000,0.004888
0.006460,0.914000,0.004888
0.006510,0.914000,0.000000
0.006560,0.914000,0.004888
0.006620,0.914000,0.004888
0.006670,0.914000,0.004888
0.006720,0.914000,0.004888
0.006780,0.914000,0.004888
0.006830,0.914000,0.004888
0.006880,0.914000,0.004888
0.006940,0.914000,0.000000
0.006990,0.914000,0.004888
0.007040,0.914000,0.004888
0.007100,0.914000,0.004888
0.007150,0.914000,0.004888
0.007200,0.914000,0.000000
0.007260,0.914000,0.004888
0.007310,0.914000,0.000000
0.007360,0.914000,0.004888
0.007410,0.914000,0.004888
0.007470,0.914000,0.004888
0.007520,0.914000,0.004888
0.007570,0.914000,0.004888
0.007620,0.914000,0.004888
0.007680,0.914000,0.004888
0.007730,0.914000,0.004888
0.007780,0.914000,0.004888
0.007840,0.914000,0.004888
0.007890,0.914000,0.004888
0.007940,0.914000,0.004888
0.008000,0.914000,0.004888
0.008050,0.914000,0.004888
0.008100,0.914000,0.004888
0.008140,0.860000,-0.860000
0.008200,0.753000,-0.753000
0.008250,0.660000,-0.660000
0.008300,0.587000,-0.587000
0.008360,0.518000,-0.518000
0.008410,0.459000,-0.459000
0.008460,0.406000,-0.406000
0.008510,0.362000,-0.362000
0.008560,0.318000,-0.318000
0.008620,0.283000,-0.283000
0.008670,0.249000,-0.249000
0.008720,0.225000,-0.225000
0.008770,0.200000,-0.200000
0.008820,0.176000,-0.176000
0.008880,0.156000,-0.156000
0.008930,0.137000,-0.137000
0.008980,0.122000,-0.122000
0.009040,0.112000,-0.112000
0.009090,0.098000,-0.098000
0.009140,0.083000,-0.083000
0.009190,0.073000,-0.073000
0.009240,0.068000,-0.068000
0.009300,0.059000,-0.059000
0.009350,0.054000,-0.054000
0.009400,0.044000,-0.044000
0.009450,0.039000,-0.039000
0.009500,0.034000,-0.034000
0.009560,0.034000,-0.034000
0.009610,0.029000,-0.029000
0.009660,0.024000,-0.024000
0.009710,0.020000,-0.020000
0.009760,0.015000,-0.015000
0.009820,0.015000,-0.015000
0.009870,0.015000,-0.015000
0.009920,0.010000,-0.010000
0.009980,0.010000,-0.010000
0.010030,0.010000,-0.010000
0.010080,0.005000,-0.005000
0.010140,0.005000,-0.005000
0.010190,0.005000,-0.005000
0.010240,0.000000,0.000000
0.010290,0.000000,0.000000
0.010340,0.000000,0.000000
0.010400,0.000000,0.000000
0.010450,0.000000,0.000000
0.010500,0.000000,0.000000
0.010550,0.000000,0.000000
0.010600,0.000000,0.000000
0.010660,0.000000,0.000000
0.010710,0.000000,0.000000
0.010760,0.000000,0.000000
0.010810,0.000000,0.000000
0.010860,0.000000,0.000000
0.010920,0.000000,0.000000
0.010970,0.000000,0.000000
0.011020,0.000000,0.000000
0.011080,0.000000,0.000000
0.011130,0.000000,0.000000
0.011180,0.000000,0.000000
0.011230,0.000000,0.000000
0.011280,0.000000,0.000000
0.011340,0.000000,0.000000
0.011390,0.000000,0.000000
0.011440,0.000000,0.000000
0.011490,0.000000,0.000000
0.011540,0.000000,0.000000
0.011600,0.000000,0.000000
0.011650,0.000000,0.000000
0.011700,0.000000,0.000000
0.011750,0.000000,0.000000
0.011800,0.000000,0.000000
0.011860,0.000000,0.000000
0.011910,0.000000,0.000000
0.011960,0.000000,0.000000
0.012010,0.000000,0.000000
0.012060,0.000000,0.000000
0.012120,0.000000,0.000000
0.012170,0.000000,0.000000
0.012220,0.000000,0.000000
0.012270,0.000000,0.000000
0.012320,0.000000,0.000000
0.012380,0.000000,0.000000
0.012430,0.000000,0.000000
0.012480,0.000000,0.000000
0.012530,0.000000,0.000000
0.012580,0.000000,0.000000
0.012640,0.000000,0.000000
0.012690,0.000000,0.000000
0.012740,0.000000,0.000000
0.012790,0.000000,0.000000
0.012840,0.000000,0.000000
0.012900,0.000000,0.000000
0.012950,0.000000,0.000000
0.013000,0.000000,0.000000
0.013050,0.000000,0.000000
0.013100,0.000000,0.000000
0.013160,0.000000,0.000000
0.013210,0.000000,0.000000
0.013260,0.000000,0.000000
0.013310,0.000000,0.000000
0.013360,0.000000,0.000000
0.013420,0.000000,0.000000
0.013470,0.000000,0.000000
0.013520,0.000000,0.000000
0.013570,0.000000,0.000000
0.013620,0.000000,0.000000
0.013680,0.000000,0.000000
0.013730,0.000000,0.000000
0.013780,0.000000,0.000000
0.013830,0.000000,0.000000
0.013880,0.000000,0.000000
0.013940,0.000000,0.000000
0.013990,0.000000,0.000000
0.014040,0.000000,0.000000
0.014100,0.000000,0.000000
0.014150,0.000000,0.000000
0.014200,0.000000,0.000000
0.014260,0.000000,0.000000
0.014310,0.000000,0.000000
0.014360,0.000000,0.000000
0.014410,0.000000,0.000000
0.014460,0.000000,0.000000
0.014520,0.000000,0.000000
0.014570,0.000000,0.000000
0.014620,0.000000,0.000000
0.014670,0.000000,0.000000
0.014720,0.000000,0.000000
0.014780,0.000000,0.000000
0.014830,0.000000,0.000000
0.014880,0.000000,0.000000
0.014930,0.000000,0.000000
0.014980,0.000000,0.000000
0.015040,0.000000,0.000000
0.015090,0.000000,0.000000
0.015140,0.000000,0.000000
0.015190,0.000000,0.000000
0.015240,0.000000,0.000000
0.015300,0.000000,0.000000
0.015350,0.000000,0.000000
0.015400,0.000000,0.000000
0.015450,0.000000,0.000000
0.015500,0.000000,0.000000
0.015560,0.000000,0.000000
0.015610,0.000000,0.000000
0.015660,0.000000,0.000000
0.015710,0.000000,0.000000
0.015760,0.000000,0.000000
0.015820,0.000000,0.000000
0.015870,0.000000,0.000000
0.015920,0.000000,0.000000
0.000040,0.034000,0.884653
0.000100,0.156000,0.762463
0.000160,0.254000,0.664712
0.000210,0.332000,0.586510
0.000260,0.406000,0.513196
0.000320,0.469000,0.444770
0.000380,0.523000,0.395894
0.000440,0.567000,0.351906
0.000490,0.611000,0.307918
0.000550,0.645000,0.259042
0.000600,0.679000,0.239492
0.000660,0.699000,0.215054
0.000720,0.728000,0.190616
0.000770,0.748000,0.171066
0.000830,0.762000,0.156403
0.000890,0.777000,0.141740
0.000940,0.797000,0.131965
0.001000,0.811000,0.102639
0.001060,0.816000,0.102639
0.001110,0.826000,0.092864
0.001160,0.841000,0.073314
0.001220,0.846000,0.068426
0.001280,0.855000,0.063539
0.001330,0.860000,0.058651
0.001380,0.865000,0.048876
0.001440,0.870000,0.043988
0.001500,0.875000,0.048876
0.001550,0.875000,0.043988
0.001600,0.880000,0.034213
0.001660,0.885000,0.024438
0.001720,0.890000,0.029326
0.001770,0.890000,0.029326
0.001820,0.894000,0.004888
0.001880,0.894000,0.034213
0.001940,0.899000,0.014663
0.002000,0.899000,0.004888
0.002050,0.899000,0.014663
0.002100,0.899000,0.019550
0.002160,0.899000,0.014663
0.002210,0.899000,0.014663
0.002270,0.904000,0.014663
0.002320,0.904000,0.009775
0.002380,0.904000,0.014663
0.002430,0.904000,0.004888
0.002480,0.904000,0.024438
0.002540,0.904000,0.014663
0.002590,0.904000,0.014663
0.002640,0.904000,0.014663
0.002700,0.904000,0.014663
0.002750,0.909000,0.004888
0.002810,0.904000,0.014663
0.002860,0.909000,0.009775
0.002920,0.909000,0.004888
0.002970,0.909000,0.009775
0.003020,0.914000,0.000000
0.003080,0.909000,0.009775
0.003130,0.909000,0.009775
0.003190,0.909000,0.009775
0.003240,0.914000,0.009775
0.003300,0.914000,0.004888
0.003350,0.914000,0.004888
0.003400,0.914000,0.004888
0.003460,0.914000,0.009775
0.003510,0.909000,0.004888
0.003560,0.914000,0.004888
0.003620,0.914000,0.004888
0.003670,0.914000,0.000000
0.003730,0.914000,0.004888
0.003780,0.914000,0.004888
0.003840,0.914000,-0.004888
0.003890,0.914000,0.004888
0.003940,0.914000,0.000000
0.004000,0.914000,-0.004888
0.004050,0.914000,0.004888
0.004100,0.914000,0.004888
0.004160,0.914000,0.004888
0.004210,0.914000,0.000000
0.004260,0.914000,0.004888
0.004320,0.914000,0.004888
0.004370,0.914000,0.004888
0.004420,0.914000,0.004888
0.004480,0.914000,0.004888
0.004530,0.914000,0.004888
0.004580,0.914000,0.004888
0.004640,0.914000,0.004888
0.004690,0.914000,0.004888
0.004740,0.914000,0.000000
0.004790,0.914000,0.004888
0.004850,0.914000,0.004888
0.004900,0.914000,0.004888
0.004960,0.914000,0.004888
0.005010,0.914000,0.004888
0.005060,0.914000,0.004888
0.005120,0.914000,0.000000
0.005170,0.914000,0.000000
0.005220,0.914000,0.004888
0.005280,0.914000,0.004888
0.005330,0.914000,0.004888
0.005380,0.914000,0.004888
0.005440,0.914000,0.004888
0.005490,0.914000,0.004888
0.005540,0.914000,0.000000
0.005600,0.914000,0.004888
0.005650,0.914000,0.004888
0.005700,0.914000,0.004888
0.005750,0.914000,0.004888
0.005810,0.914000,0.004888
0.005860,0.914000,0.004888
0.005910,0.914000,0.004888
0.005970,0.914000,0.004888
0.006020,0.914000,0.004888
0.006080,0.914000,0.004888
0.006130,0.914000,0.004888
0.006180,0.914000,0.004888
0.006240,0.914000,0.004888
0.006290,0.914000,0.004888
0.006340,0.914000,0.004888
0.006400,0.914000,0.004888
0.006450,0.914000,0.004888
0.006500,0.914000,0.000000
0.006560,0.914000,0.004888
0.006610,0.914000,0.004888
0.006660,0.914000,0.004888
0.006710,0.914000,0.004888
0.006770,0.914000,0.004888
0.006820,0.914000,0.004888
0.006870,0.914000,0.004888
0.006920,0.914000,0.000000
0.006980,0.914000,0.004888
0.007030,0.914000,0.004888
0.007080,0.914000,0.004888
0.007140,0.914000,0.004888
0.007190,0.914000,0.004888
0.007240,0.914000,0.004888
0.007300,0.914000,0.004888
0.007350,0.914000,0.004888
0.007400,0.914000,0.000000
0.007460,0.914000,0.004888
0.007510,0.914000,0.004888
0.007560,0.914000,0.004888
0.007620,0.914000,0.000000
0.007670,0.914000,0.000000
0.007720,0.914000,0.004888
0.007770,0.914000,0.004888
0.007830,0.914000,0.004888
0.007880,0.914000,0.004888
0.007930,0.914000,0.000000
0.007980,0.914000,0.000000
0.008040,0.914000,0.004888
0.008090,0.914000,0.000000
0.008130,0.860000,-0.860000
0.008190,0.748000,-0.748000
0.008240,0.655000,-0.655000
0.008300,0.577000,-0.577000
0.008350,0.503000,-0.503000
0.008400,0.450000,-0.450000
0.008450,0.396000,-0.396000
0.008500,0.352000,-0.352000
0.008560,0.313000,-0.313000
0.008610,0.279000,-0.279000
0.008660,0.249000,-0.249000
0.008710,0.220000,-0.220000
0.008760,0.191000,-0.191000
0.008820,0.171000,-0.171000
0.008870,0.152000,-0.152000
0.008920,0.137000,-0.137000
0.008970,0.122000,-0.122000
0.009020,0.112000,-0.112000
0.009080,0.093000,-0.093000
0.009130,0.083000,-0.083000
0.009180,0.073000,-0.073000
0.009230,0.068000,-0.068000
0.009280,0.059000,-0.059000
0.009340,0.054000,-0.054000
0.009390,0.044000,-0.044000
0.009440,0.034000,-0.034000
0.009490,0.034000,-0.034000
0.009540,0.034000,-0.034000
0.009600,0.029000,-0.029000
0.009650,0.024000,-0.024000
0.009700,0.020000,-0.020000
0.009750,0.015000,-0.015000
0.009800,0.015000,-0.015000
0.009860,0.015000,-0.015000
0.009910,0.010000,-0.010000
0.009960,0.010000,-0.010000
0.010010,0.005000,-0.005000
0.010060,0.005000,-0.005000
0.010120,0.005000,-0.005000
0.010170,0.005000,-0.005000
0.010220,0.000000,0.000000
0.010270,0.000000,0.000000
0.010320,0.000000,0.000000
0.010380,0.000000,0.000000
0.010430,0.000000,0.000000
0.010480,0.000000,0.000000
0.010530,0.000000,0.000000
0.010580,0.000000,0.000000
0.010640,0.000000,0.000000
0.010690,0.000000,0.000000
0.010740,0.000000,0.000000
0.010790,0.000000,0.000000
0.010840,0.000000,0.000000
0.010900,0.000000,0.000000
0.010950,0.000000,0.000000
0.011000,0.000000,0.000000
0.011050,0.000000,0.000000
0.011100,0.000000,0.000000
0.011160,0.000000,0.000000
0.011210,0.000000,0.000000
0.011260,0.000000,0.000000
0.011320,0.000000,0.000000
0.011370,0.000000,0.000000
0.011420,0.000000,0.000000
0.011480,0.000000,0.000000
0.011530,0.000000,0.000000
0.011580,0.000000,0.000000
0.011630,0.000000,0.000000
0.011680,0.000000,0.000000
0.011740,0.000000,0.000000
0.011790,0.000000,0.000000
0.011840,0.000000,0.000000
0.011890,0.000000,0.000000
0.011940,0.000000,0.000000
0.012000,0.000000,0.000000
0.012050,0.000000,0.000000
0.012100,0.000000,0.000000
0.012150,0.000000,0.000000
0.012200,0.000000,0.000000
0.012260,0.000000,0.000000
0.012310,0.000000,0.000000
0.012360,0.000000,0.000000
0.012410,0.000000,0.000000
0.012460,0.000000,0.000000
0.012520,0.000000,0.000000
0.012570,0.000000,0.000000
0.012620,0.000000,0.000000
0.012670,0.000000,0.000000
0.012720,0.000000,0.000000
0.012780,0.000000,0.000000
0.012830,0.000000,0.000000
0.012880,0.000000,0.000000
0.012930,0.000000,0.000000
0.012980,0.000000,0.000000
0.013040,0.000000,0.000000
0.013090,0.000000,0.000000
0.013140,0.000000,0.000000
0.013190,0.000000,0.000000
0.013240,0.000000,0.000000
0.013300,0.000000,0.000000
0.013350,0.000000,0.000000
0.013400,0.000000,0.000000
0.013450,0.000000,0.000000
0.013500,0.000000,0.000000
0.013560,0.000000,0.000000
0.013610,0.000000,0.000000
0.013660,0.000000,0.000000
0.013710,0.000000,0.000000
0.013760,0.000000,0.000000
0.013820,0.000000,0.000000
0.013870,0.000000,0.000000
0.013920,0.000000,0.000000
0.013970,0.000000,0.000000
0.014020,0.000000,0.000000
0.014080,0.000000,0.000000
0.014130,0.000000,0.000000
0.014180,0.000000,0.000000
0.014230,0.000000,0.000000
0.014280,0.000000,0.000000
0.014340,0.000000,0.000000
0.014390,0.000000,0.000000
0.014440,0.000000,0.000000
0.014500,0.000000,0.000000
0.014550,0.000000,0.000000
0.014600,0.000000,0.000000
0.014650,0.000000,0.000000
0.014700,0.000000,0.000000
0.014760,0.000000,0.000000
0.014810,0.000000,0.000000
0.014860,0.000000,0.000000
0.014910,0.000000,0.000000
0.014960,0.000000,0.000000
0.015020,0.000000,0.000000
0.015070,0.000000,0.000000
0.015120,0.000000,0.000000
0.015170,0.000000,0.000000
0.015220,0.000000,0.000000
0.015280,0.000000,0.000000
0.015330,0.000000,0.000000
0.015380,0.000000,0.000000
0.015430,0.000000,0.000000
0.015480,0.000000,0.000000
0.015540,0.000000,0.000000
0.015590,0.000000,0.000000
0.015640,0.000000,0.000000
0.015690,0.000000,0.000000
0.015740,0.000000,0.000000
0.015800,0.000000,0.000000
0.015850,0.000000,0.000000
0.015900,0.000000,0.000000
0.000040,0.034000,0.884653
0.000100,0.156000,0.772238
0.000160,0.269000,0.659824
0.000220,0.347000,0.571848
0.000270,0.415000,0.508309
0.000330,0.474000,0.444770
0.000390,0.528000,0.391007
0.000440,0.577000,0.342131
0.000500,0.616000,0.298143
0.000560,0.655000,0.263930
0.000610,0.684000,0.229717
0.000670,0.704000,0.215054
0.000720,0.733000,0.185728
0.000780,0.748000,0.171066
0.000840,0.772000,0.136852
0.000890,0.782000,0.136852
0.000950,0.797000,0.122190
0.001000,0.811000,0.107527
0.001060,0.816000,0.107527
0.001120,0.836000,0.083089
0.001180,0.841000,0.073314
0.001230,0.850000,0.068426
0.001290,0.855000,0.063539
0.001340,0.860000,0.058651
0.001400,0.865000,0.048876
0.001450,0.870000,0.043988
0.001510,0.875000,0.043988
0.001560,0.875000,0.043988
0.001620,0.880000,0.029326
0.001670,0.890000,0.029326
0.001730,0.890000,0.029326
0.001780,0.894000,0.024438
0.001840,0.894000,0.019550
0.001890,0.899000,0.014663
0.001950,0.899000,0.019550
0.002000,0.899000,0.019550
0.002060,0.899000,0.014663
0.002110,0.899000,0.019550
0.002170,0.899000,0.019550
0.002220,0.899000,0.019550
0.002280,0.904000,0.004888
0.002330,0.904000,0.009775
0.002390,0.904000,0.009775
0.002440,0.904000,0.009775
0.002500,0.904000,0.014663
0.002550,0.904000,0.009775
0.002600,0.904000,0.014663
0.002660,0.904000,0.014663
0.002710,0.904000,0.009775
0.002760,0.904000,0.009775
0.002820,0.904000,0.014663
0.002870,0.909000,0.009775
0.002930,0.904000,0.014663
0.002980,0.909000,0.009775
0.003040,0.914000,0.000000
0.003090,0.909000,0.004888
0.003140,0.914000,0.004888
0.003200,0.909000,0.009775
0.003250,0.909000,0.009775
0.003300,0.909000,0.009775
0.003360,0.914000,0.004888
0.003410,0.914000,0.004888
0.003470,0.914000,0.004888
0.003520,0.914000,0.004888
0.003580,0.909000,0.009775
0.003630,0.914000,0.000000
0.003680,0.914000,0.004888
0.003740,0.914000,0.000000
0.003790,0.914000,0.004888
0.003840,0.914000,0.004888
0.003900,0.914000,0.004888
0.003950,0.914000,0.004888
0.004010,0.914000,0.004888
0.004060,0.914000,0.000000
0.004120,0.914000,0.004888
0.004170,0.914000,0.004888
0.004220,0.914000,0.004888
0.004270,0.914000,0.004888
0.004330,0.914000,0.004888
0.004380,0.914000,0.004888
0.004430,0.914000,0.004888
0.004480,0.914000,0.000000
0.004540,0.914000,0.004888
0.004590,0.914000,0.004888
0.004640,0.914000,0.004888
0.004700,0.914000,0.004888
0.004750,0.914000,0.004888
0.004800,0.914000,0.004888
0.004860,0.914000,0.000000
0.004910,0.914000,0.004888
0.004960,0.914000,0.004888
0.005020,0.914000,0.004888
0.005070,0.914000,0.004888
0.005120,0.914000,0.004888
0.005180,0.914000,0.004888
0.005230,0.914000,0.004888
0.005280,0.914000,0.000000
0.005330,0.914000,0.004888
0.005390,0.914000,0.004888
0.005440,0.914000,0.004888
0.005490,0.914000,0.004888
0.005540,0.914000,0.004888
0.005600,0.914000,0.004888
0.005650,0.914000,0.004888
0.005700,0.914000,0.004888
0.005760,0.914000,0.004888
0.005810,0.914000,0.004888
0.005860,0.914000,0.004888
0.005920,0.914000,0.004888
0.005970,0.914000,0.000000
0.006020,0.914000,0.004888
0.006080,0.914000,0.000000
0.006130,0.914000,0.004888
0.006180,0.914000,0.004888
0.006240,0.914000,0.004888
0.006290,0.914000,0.004888
0.006350,0.914000,0.004888
0.006400,0.914000,0.004888
0.006450,0.914000,0.004888
0.006500,0.914000,0.004888
0.006560,0.914000,0.000000
0.006610,0.914000,0.004888
0.006660,0.914000,0.004888
0.006720,0.914000,0.004888
0.006770,0.914000,0.004888
0.006820,0.914000,0.004888
0.006880,0.914000,0.004888
0.006930,0.914000,0.004888
0.006980,0.914000,0.004888
0.007040,0.914000,0.004888
0.007090,0.914000,0.000000
0.007140,0.914000,0.004888
0.007200,0.914000,0.004888
0.007250,0.914000,0.004888
0.007310,0.914000,0.004888
0.007360,0.914000,0.004888
0.007410,0.919000,-0.004888
0.007460,0.914000,0.004888
0.007520,0.914000,0.004888
0.007570,0.914000,0.004888
0.007620,0.914000,0.004888
0.007680,0.914000,0.004888
0.007730,0.914000,0.004888
0.007780,0.914000,0.000000
0.007840,0.914000,0.000000
0.007890,0.914000,0.004888
0.007940,0.914000,0.000000
0.008000,0.914000,0.004888
0.008050,0.914000,0.000000
0.008100,0.914000,0.004888
0.008140,0.865000,-0.865000
0.008200,0.753000,-0.753000
0.008250,0.660000,-0.660000
0.008300,0.587000,-0.587000
0.008350,0.513000,-0.513000
0.008400,0.459000,-0.459000
0.008460,0.406000,-0.406000
0.008510,0.362000,-0.362000
0.008560,0.318000,-0.318000
0.008610,0.283000,-0.283000
0.008660,0.249000,-0.249000
0.008720,0.220000,-0.220000
0.008780,0.191000,-0.191000
0.008830,0.171000,-0.171000
0.008880,0.152000,-0.152000
0.008930,0.137000,-0.137000
0.008980,0.122000,-0.122000
0.009040,0.112000,-0.112000
0.009090,0.093000,-0.093000
0.009140,0.083000,-0.083000
0.009190,0.073000,-0.073000
0.009240,0.068000,-0.068000
0.009300,0.059000,-0.059000
0.009350,0.054000,-0.054000
0.009400,0.044000,-0.044000
0.009450,0.039000,-0.039000
0.009500,0.034000,-0.034000
0.009560,0.034000,-0.034000
0.009610,0.029000,-0.029000
0.009660,0.024000,-0.024000
0.009720,0.020000,-0.020000
0.009770,0.015000,-0.015000
0.009820,0.015000,-0.015000
0.009870,0.015000,-0.015000
0.009920,0.010000,-0.010000
0.009980,0.010000,-0.010000
0.010030,0.005000,-0.005000
0.010080,0.005000,-0.005000
0.010130,0.005000,-0.005000
0.010180,0.005000,-0.005000
0.010240,0.000000,0.000000
0.010290,0.000000,0.000000
0.010340,0.000000,0.000000
0.010390,0.000000,0.000000
0.010440,0.000000,0.000000
0.010500,0.000000,0.000000
0.010550,0.000000,0.000000
0.010600,0.000000,0.000000
0.010650,0.000000,0.000000
0.010700,0.000000,0.000000
0.010760,0.000000,0.000000
0.010810,0.000000,0.000000
0.010860,0.000000,0.000000
0.010910,0.000000,0.000000
0.010960,0.000000,0.000000
0.011020,0.000000,0.000000
0.011070,0.000000,0.000000
0.011120,0.000000,0.000000
0.011170,0.000000,0.000000
0.011220,0.000000,0.000000
0.011280,0.000000,0.000000
0.011330,0.000000,0.000000
0.011380,0.000000,0.000000
0.011430,0.000000,0.000000
0.011480,0.000000,0.000000
0.011540,0.000000,0.000000
0.011590,0.000000,0.000000
0.011640,0.000000,0.000000
0.011690,0.000000,0.000000
0.011740,0.000000,0.000000
0.011800,0.000000,0.000000
0.011850,0.000000,0.000000
0.011900,0.000000,0.000000
0.011960,0.000000,0.000000
0.012010,0.000000,0.000000
0.012060,0.000000,0.000000
0.012110,0.000000,0.000000
0.012160,0.000000,0.000000
0.012220,0.000000,0.000000
0.012270,0.000000,0.000000
0.012320,0.000000,0.000000
0.012370,0.000000,0.000000
0.012420,0.000000,0.000000
0.012480,0.000000,0.000000
0.012530,0.000000,0.000000
0.012580,0.000000,0.000000
0.012630,0.000000,0.000000
0.012680,0.000000,0.000000
0.012740,0.000000,0.000000
0.012790,0.000000,0.000000
0.012840,0.000000,0.000000
0.012890,0.000000,0.000000
0.012940,0.000000,0.000000
0.013000,0.000000,0.000000
0.013050,0.000000,0.000000
0.013100,0.000000,0.000000
0.013150,0.000000,0.000000
0.013200,0.000000,0.000000
0.013260,0.000000,0.000000
0.013310,0.000000,0.000000
0.013360,0.000000,0.000000
0.013410,0.000000,0.000000
0.013460,0.000000,0.000000
0.013520,0.000000,0.000000
0.013570,0.000000,0.000000
0.013620,0.000000,0.000000
0.013670,0.000000,0.000000
0.013720,0.000000,0.000000
0.013780,0.000000,0.000000
0.013830,0.000000,0.000000
0.013880,0.000000,0.000000
0.013930,0.000000,0.000000
0.013980,0.000000,0.000000
0.014040,0.000000,0.000000
0.014090,0.000000,0.000000
0.014140,0.000000,0.000000
0.014190,0.000000,0.000000
0.014240,0.000000,0.000000
0.014300,0.000000,0.000000
0.014350,0.000000,0.000000
0.014400,0.000000,0.000000
0.014450,0.000000,0.000000
0.014500,0.000000,0.000000
0.014560,0.000000,0.000000
0.014610,0.000000,0.000000
0.014660,0.000000,0.000000
0.014710,0.000000,0.000000
0.014760,0.000000,0.000000
0.014820,0.000000,0.000000
0.014880,0.000000,0.000000
0.014930,0.000000,0.000000
0.014980,0.000000,0.000000
0.015030,0.000000,0.000000
0.015080,0.000000,0.000000
0.015140,0.000000,0.000000
0.015190,0.000000,0.000000
0.015240,0.000000,0.000000
0.015290,0.000000,0.000000
0.015340,0.000000,0.000000
0.015400,0.000000,0.000000
0.015450,0.000000,0.000000
0.015500,0.000000,0.000000
0.015550,0.000000,0.000000
0.015600,0.000000,0.000000
0.015660,0.000000,0.000000
0.015710,0.000000,0.000000
0.015760,0.000000,0.000000
0.015810,0.000000,0.000000
0.015860,0.000000,0.000000
0.015920,0.000000,0.000000
