time,(G)
0.000000,-6.548959E-2
0.142857,-6.194031E-2
0.285714,-6.675874E-2
0.428571,-6.683661E-2
0.571429,-6.386422E-2
0.714286,-6.835526E-2
0.857143,-6.820095E-2
1.000000,-6.825719E-2
1.142857,-7.074212E-2
1.285714,-7.027484E-2
1.428571,-6.756060E-2
1.571429,-6.573044E-2
1.714286,-6.079375E-2
1.857143,-6.405892E-2
2.000000,-6.499924E-2
2.142857,-6.306523E-2
2.285714,-6.384114E-2
2.428571,-6.567131E-2
2.571429,-6.803509E-2
2.714286,-6.394066E-2
2.857143,-6.233836E-2
3.000000,-6.080241E-2
3.142857,-6.171677E-2
3.285714,-6.433150E-2
3.428571,-6.190137E-2
3.571429,-6.121344E-2
3.714286,-5.865063E-2
3.857143,-5.721275E-2
4.000000,-5.675845E-2
4.142857,-5.681614E-2
4.285714,-5.511721E-2
4.428571,-5.342983E-2
4.571429,-5.130401E-2
4.714286,-5.185494E-2
4.857143,-4.811384E-2
5.000000,-5.419276E-2
5.142857,-5.309524E-2
5.285714,-5.082952E-2
5.428571,-5.024399E-2
5.571429,-4.779656E-2
5.714286,-4.742447E-2
5.857143,-4.740716E-2
6.000000,-4.962239E-2
6.142857,-5.168331E-2
6.285714,-5.092471E-2
6.428571,-4.982863E-2
6.571429,-5.192849E-2
6.714286,-5.161120E-2
6.857143,-5.326974E-2
7.000000,-5.173667E-2
7.142857,-4.821768E-2
7.285714,-4.711006E-2
7.428571,-4.857535E-2
7.571429,-4.968441E-2
7.714286,-5.036657E-2
7.857143,-4.927915E-2
8.000000,-5.388989E-2
8.142857,-5.021658E-2
8.285714,-5.429804E-2
8.428571,-5.172081E-2
8.571429,-5.542729E-2
8.714286,-5.591908E-2
8.857143,-4.850901E-2
9.000000,-4.820470E-2
9.142857,-4.479099E-2
9.285714,-4.660096E-2
9.428571,-4.699324E-2
9.571429,-4.650722E-2
9.714286,-4.834892E-2
9.857143,-5.088865E-2
10.000000,-5.105307E-2
10.142857,-5.410334E-2
10.285714,-5.051368E-2
10.428571,-5.248662E-2
10.571429,-5.070405E-2
10.714286,-5.230346E-2
10.857143,-5.590322E-2
11.000000,-5.249383E-2
11.142857,-5.343848E-2
11.285714,-5.134872E-2
11.428571,-4.859842E-2
11.571429,-4.983296E-2
11.714286,-5.018486E-2
11.857143,-4.901667E-2
12.000000,-5.063194E-2
12.142857,-4.712016E-2
12.285714,-4.765810E-2
12.428571,-4.967287E-2
12.571429,-4.717064E-2
12.714286,-4.762926E-2
12.857143,-5.119008E-2
13.000000,-5.141073E-2
13.142857,-5.154919E-2
13.285714,-5.397066E-2
13.428571,-4.923444E-2
13.571429,-5.303899E-2
13.714286,-5.012428E-2
13.857143,-4.339493E-2
14.000000,-4.104845E-2
14.142857,-4.321033E-2
14.285714,-4.170466E-2
14.428571,-4.393576E-2
14.571429,-4.961951E-2
14.714286,-5.182176E-2
14.857143,-5.385961E-2
15.000000,-5.300726E-2
15.142857,-5.506241E-2
15.285714,-5.540566E-2
15.428571,-5.475378E-2
15.571429,-5.132709E-2
15.714286,-5.385240E-2
15.857143,-5.535951E-2
16.000000,-5.720986E-2
16.142857,-5.154342E-2
16.285714,-5.367500E-2
16.428571,-5.389134E-2
16.571429,-5.885542E-2
16.714286,-5.911791E-2
16.857143,-5.924482E-2
17.000000,-5.938760E-2
17.142857,-5.783578E-2
17.285714,-5.726467E-2
17.428571,-5.784876E-2
17.571429,-6.035532E-2
17.714286,-6.168937E-2
17.857143,-6.292678E-2
18.000000,-6.038561E-2
18.142857,-5.911791E-2
18.285714,-5.667913E-2
18.428571,-6.055579E-2
18.571429,-6.032215E-2
18.714286,-5.941212E-2
18.857143,-6.003227E-2
19.000000,-5.891023E-2
19.142857,-5.685075E-2
19.285714,-5.297553E-2
19.428571,-5.690267E-2
19.571429,-5.718246E-2
19.714286,-5.873716E-2
19.857143,-6.077356E-2
20.000000,-6.122209E-2
20.142857,-6.314744E-2
20.285714,-6.442668E-2
20.428571,-6.730245E-2
20.571429,-6.364500E-2
20.714286,-5.898378E-2
20.857143,-5.770742E-2
21.000000,-5.901262E-2
21.142857,-5.851074E-2
21.285714,-5.617580E-2
21.428571,-5.951884E-2
21.571429,-6.175138E-2
21.714286,-6.182926E-2
21.857143,-6.732841E-2
22.000000,-6.410074E-2
22.142857,-6.422189E-2
22.285714,-6.276814E-2
22.428571,-6.150621E-2
22.571429,-6.040291E-2
22.714286,-6.130430E-2
22.857143,-6.469205E-2
23.000000,-6.628569E-2
23.142857,-6.772646E-2
23.285714,-6.845766E-2
23.428571,-6.661163E-2
23.571429,-6.519538E-2
23.714286,-7.025609E-2
23.857143,-6.727649E-2
24.000000,-6.725197E-2
24.142857,-6.838411E-2
24.285714,-6.808557E-2
24.428571,-6.956383E-2
24.571429,-6.669672E-2
24.714286,-7.836132E-2
24.857143,-7.876946E-2
25.000000,-7.846660E-2
25.142857,-8.204761E-2
25.285714,-8.101210E-2
25.428571,-7.369432E-2
25.571429,-7.464041E-2
25.714286,-7.420919E-2
25.857143,-7.568313E-2
26.000000,-7.463176E-2
26.142857,-7.601484E-2
26.285714,-7.213097E-2
26.428571,-7.260546E-2
26.571429,-7.500097E-2
26.714286,-7.570621E-2
26.857143,-7.566871E-2
27.000000,-7.842045E-2
27.142857,-7.992179E-2
27.285714,-7.598023E-2
27.428571,-7.617060E-2
27.571429,-7.468224E-2
27.714286,-7.855169E-2
27.857143,-7.522162E-2
28.000000,-7.244537E-2
28.142857,-7.444860E-2
28.285714,-7.375634E-2
28.428571,-7.462022E-2
28.571429,-7.522884E-2
28.714286,-7.352703E-2
28.857143,-7.391931E-2
29.000000,-7.890791E-2
29.142857,-7.368711E-2
29.285714,-7.459138E-2
29.428571,-7.539613E-2
29.571429,-7.684267E-2
29.714286,-7.976314E-2
29.857143,-8.841785E-2
30.000000,-9.128929E-2
30.142857,-9.062587E-2
30.285714,-9.249353E-2
30.428571,-9.310070E-2
30.571429,-9.443763E-2
30.714286,-9.120276E-2
30.857143,-9.531594E-2
31.000000,-9.701486E-2
31.142857,-9.893444E-2
31.285714,-9.757732E-2
31.428571,-9.617117E-2
31.571429,-9.670479E-2
31.714286,-9.949835E-2
31.857143,-9.951277E-2
32.000000,-9.794220E-2
32.142857,-9.655480E-2
32.285714,-9.838640E-2
32.428571,-1.027347E-1
32.571429,-1.005915E-1
32.714286,-1.019660E-1
32.857143,-1.001012E-1
33.000000,-9.962382E-2
33.142857,-9.798980E-2
33.285714,-9.874407E-2
33.428571,-9.699034E-2
33.571429,-9.616396E-2
33.714286,-9.941182E-2
33.857143,-9.850611E-2
34.000000,-9.820180E-2
34.142857,-9.950989E-2
34.285714,-1.028111E-1
34.428571,-1.102731E-1
34.571429,-1.101866E-1
34.714286,-1.104346E-1
34.857143,-1.078502E-1
35.000000,-1.101173E-1
35.142857,-1.118235E-1
35.285714,-1.136334E-1
35.428571,-1.152891E-1
35.571429,-1.169130E-1
35.714286,-1.115682E-1
35.857143,-1.097626E-1
36.000000,-1.111889E-1
36.142857,-1.140084E-1
36.285714,-1.134142E-1
36.428571,-1.152458E-1
36.571429,-1.138036E-1
36.714286,-1.165179E-1
36.857143,-1.161241E-1
37.000000,-1.164876E-1
37.142857,-1.134979E-1
37.285714,-1.114254E-1
37.428571,-1.141627E-1
37.571429,-1.134734E-1
37.714286,-1.117211E-1
37.857143,-1.109106E-1
38.000000,-1.145060E-1
38.142857,-1.090256E-1
38.285714,-1.083463E-1
38.428571,-1.124840E-1
38.571429,-1.205402E-1
38.714286,-1.225953E-1
38.857143,-1.275205E-1
39.000000,-1.343321E-1
39.142857,-1.360166E-1
39.285714,-1.357800E-1
39.428571,-1.347517E-1
39.571429,-1.335533E-1
39.714286,-1.349998E-1
39.857143,-1.341446E-1
40.000000,-1.329591E-1
40.142857,-1.304914E-1
40.285714,-1.283988E-1
40.428571,-1.294127E-1
40.571429,-1.295670E-1
40.714286,-1.301453E-1
40.857143,-1.326937E-1
41.000000,-1.322380E-1
41.142857,-1.348671E-1
41.285714,-1.353560E-1
41.428571,-1.331105E-1
41.571429,-1.285690E-1
41.714286,-1.305030E-1
41.857143,-1.315644E-1
42.000000,-1.299506E-1
42.142857,-1.270042E-1
42.285714,-1.290781E-1
42.428571,-1.322394E-1
42.571429,-1.297199E-1
42.714286,-1.290117E-1
42.857143,-1.350517E-1
43.000000,-1.344993E-1
43.142857,-1.372237E-1
43.285714,-1.419830E-1
43.428571,-1.472297E-1
43.571429,-1.547912E-1
43.714286,-1.504358E-1
43.857143,-1.538134E-1
44.000000,-1.568103E-1
44.142857,-1.612999E-1
44.285714,-1.575560E-1
44.428571,-1.566128E-1
44.571429,-1.575444E-1
44.714286,-1.574593E-1
44.857143,-1.575257E-1
45.000000,-1.510804E-1
45.142857,-1.536764E-1
45.285714,-1.527606E-1
45.428571,-1.494046E-1
45.571429,-1.513746E-1
45.714286,-1.555398E-1
45.857143,-1.545893E-1
46.000000,-1.570151E-1
46.142857,-1.580276E-1
46.285714,-1.563834E-1
46.428571,-1.566171E-1
46.571429,-1.494854E-1
46.714286,-1.520381E-1
46.857143,-1.513992E-1
47.000000,-1.529495E-1
47.142857,-1.536519E-1
47.285714,-1.526755E-1
47.428571,-1.548273E-1
47.571429,-1.542879E-1
47.714286,-1.504314E-1
47.857143,-1.536721E-1
48.000000,-1.580780E-1
48.142857,-1.564238E-1
48.285714,-1.652819E-1
48.428571,-1.792180E-1
48.571429,-1.822726E-1
48.714286,-1.887264E-1
48.857143,-1.871011E-1
49.000000,-1.897764E-1
49.142857,-1.882664E-1
49.285714,-1.857093E-1
49.428571,-1.866626E-1
49.571429,-1.878034E-1
49.714286,-1.868357E-1
49.857143,-1.851079E-1
50.000000,-1.886890E-1
50.142857,-1.890740E-1
50.285714,-1.889860E-1
50.428571,-1.892803E-1
50.571429,-1.857815E-1
50.714286,-1.893870E-1
50.857143,-1.883486E-1
51.000000,-1.871862E-1
51.142857,-1.855969E-1
51.285714,-1.866453E-1
51.428571,-1.871559E-1
51.571429,-1.847258E-1
51.714286,-1.833730E-1
51.857143,-1.886630E-1
52.000000,-1.905004E-1
52.142857,-1.931843E-1
52.285714,-1.948183E-1
52.428571,-1.906028E-1
52.571429,-1.912806E-1
52.714286,-1.979465E-1
52.857143,-2.009737E-1
53.000000,-2.073209E-1
53.142857,-2.140401E-1
53.285714,-2.234001E-1
53.428571,-2.206945E-1
53.571429,-2.200859E-1
53.714286,-2.150324E-1
53.857143,-2.141887E-1
54.000000,-2.145478E-1
54.142857,-2.148434E-1
54.285714,-2.134560E-1
54.428571,-2.159597E-1
54.571429,-2.114528E-1
54.714286,-2.126239E-1
54.857143,-2.121465E-1
55.000000,-2.113792E-1
55.142857,-2.167846E-1
55.285714,-2.187836E-1
55.428571,-2.174668E-1
55.571429,-2.184677E-1
55.714286,-2.176529E-1
55.857143,-2.161111E-1
56.000000,-2.149170E-1
56.142857,-2.179831E-1
56.285714,-2.242221E-1
56.428571,-2.213738E-1
56.571429,-2.194960E-1
56.714286,-2.211228E-1
56.857143,-2.165467E-1
57.000000,-2.187533E-1
57.142857,-2.183091E-1
57.285714,-2.166246E-1
57.428571,-2.160650E-1
57.571429,-2.146862E-1
57.714286,-2.206310E-1
57.857143,-2.300847E-1
58.000000,-2.299145E-1
58.142857,-2.443294E-1
58.285714,-2.449640E-1
58.428571,-2.443583E-1
58.571429,-2.477157E-1
58.714286,-2.464610E-1
58.857143,-2.447058E-1
59.000000,-2.481686E-1
59.142857,-2.508698E-1
59.285714,-2.516083E-1
59.428571,-2.502483E-1
59.571429,-2.492286E-1
59.714286,-2.480027E-1
59.857143,-2.470105E-1
60.000000,-2.509218E-1
60.142857,-2.547090E-1
60.285714,-2.478946E-1
60.428571,-2.485291E-1
60.571429,-2.497247E-1
60.714286,-2.487296E-1
60.857143,-2.523092E-1
61.000000,-2.481643E-1
61.142857,-2.480417E-1
61.285714,-2.463802E-1
61.428571,-2.455495E-1
61.571429,-2.459490E-1
61.714286,-2.462778E-1
61.857143,-2.487325E-1
62.000000,-2.460024E-1
62.142857,-2.420897E-1
62.285714,-2.487383E-1
62.428571,-2.551272E-1
62.571429,-2.622157E-1
62.714286,-2.655919E-1
62.857143,-2.694066E-1
63.000000,-2.702834E-1
63.142857,-2.726588E-1
63.285714,-2.778204E-1
63.428571,-2.754754E-1
63.571429,-2.729472E-1
63.714286,-2.751466E-1
63.857143,-2.743259E-1
64.000000,-2.721223E-1
64.142857,-2.753326E-1
64.285714,-2.724871E-1
64.428571,-2.702964E-1
64.571429,-2.710132E-1
64.714286,-2.725650E-1
64.857143,-2.710709E-1
65.000000,-2.754768E-1
65.142857,-2.756888E-1
65.285714,-2.746115E-1
65.428571,-2.742510E-1
65.571429,-2.724583E-1
65.714286,-2.751480E-1
65.857143,-2.795698E-1
66.000000,-2.804726E-1
66.142857,-2.778118E-1
66.285714,-2.800429E-1
66.428571,-2.824225E-1
66.571429,-2.761677E-1
66.714286,-2.750355E-1
66.857143,-2.755259E-1
67.000000,-2.738601E-1
67.142857,-2.740793E-1
67.285714,-2.754610E-1
67.428571,-2.752475E-1
67.571429,-2.772983E-1
67.714286,-2.766248E-1
67.857143,-2.832100E-1
68.000000,-2.903864E-1
68.142857,-2.990325E-1
68.285714,-3.011496E-1
68.428571,-3.010155E-1
68.571429,-2.975340E-1
68.714286,-3.003492E-1
68.857143,-3.027735E-1
69.000000,-3.023337E-1
69.142857,-3.013933E-1
69.285714,-2.994565E-1
69.428571,-2.940914E-1
69.571429,-2.972138E-1
69.714286,-2.986589E-1
69.857143,-2.959649E-1
70.000000,-2.934396E-1
70.142857,-2.961423E-1
70.285714,-2.972268E-1
70.428571,-2.962014E-1
70.571429,-2.977647E-1
70.714286,-2.940972E-1
70.857143,-2.944044E-1
71.000000,-2.974922E-1
71.142857,-2.979176E-1
71.285714,-2.979508E-1
71.428571,-2.998170E-1
71.571429,-2.992127E-1
71.714286,-3.005295E-1
71.857143,-2.964192E-1
72.000000,-2.989344E-1
72.142857,-3.006982E-1
72.285714,-2.985118E-1
72.428571,-2.987873E-1
72.571429,-2.968187E-1
72.714286,-2.958913E-1
72.857143,-2.982609E-1
73.000000,-3.038249E-1
73.142857,-3.123109E-1
73.285714,-3.174639E-1
73.428571,-3.232515E-1
73.571429,-3.242221E-1
73.714286,-3.200945E-1
73.857143,-3.206872E-1
74.000000,-3.181836E-1
74.142857,-3.215410E-1
74.285714,-3.245956E-1
74.428571,-3.189739E-1
74.571429,-3.213896E-1
74.714286,-3.228880E-1
74.857143,-3.221251E-1
75.000000,-3.223544E-1
75.142857,-3.150453E-1
75.285714,-3.141829E-1
75.428571,-3.201075E-1
75.571429,-3.231231E-1
75.714286,-3.236077E-1
75.857143,-3.191945E-1
76.000000,-3.158948E-1
76.142857,-3.166346E-1
76.285714,-3.159712E-1
76.428571,-3.196344E-1
76.571429,-3.166750E-1
76.714286,-3.161212E-1
76.857143,-3.186451E-1
77.000000,-3.192522E-1
77.142857,-3.191196E-1
77.285714,-3.187850E-1
77.428571,-3.225837E-1
77.571429,-3.255893E-1
77.714286,-3.221770E-1
77.857143,-3.213838E-1
78.000000,-3.206944E-1
78.142857,-3.209065E-1
78.285714,-3.263623E-1
78.428571,-3.290910E-1
78.571429,-3.303529E-1
78.714286,-3.335604E-1
78.857143,-3.383586E-1
79.000000,-3.430487E-1
79.142857,-3.415791E-1
79.285714,-3.409589E-1
79.428571,-3.422007E-1
79.571429,-3.430083E-1
79.714286,-3.417421E-1
79.857143,-3.399436E-1
80.000000,-3.391634E-1
80.142857,-3.361131E-1
80.285714,-3.405364E-1
80.428571,-3.407657E-1
80.571429,-3.328133E-1
80.714286,-3.379462E-1
80.857143,-3.356228E-1
81.000000,-3.373029E-1
81.142857,-3.367390E-1
81.285714,-3.353805E-1
81.428571,-3.367924E-1
81.571429,-3.368184E-1
81.714286,-3.399768E-1
81.857143,-3.372943E-1
82.000000,-3.403402E-1
82.142857,-3.434237E-1
82.285714,-3.380269E-1
82.428571,-3.383500E-1
82.571429,-3.372827E-1
82.714286,-3.373606E-1
82.857143,-3.344603E-1
83.000000,-3.316120E-1
83.142857,-3.337407E-1
83.285714,-3.413166E-1
83.428571,-3.469167E-1
83.571429,-3.510169E-1
83.714286,-3.517452E-1
83.857143,-3.521245E-1
84.000000,-3.558815E-1
84.142857,-3.528067E-1
84.285714,-3.524519E-1
84.428571,-3.531600E-1
84.571429,-3.517597E-1
84.714286,-3.544249E-1
84.857143,-3.531485E-1
85.000000,-3.522731E-1
85.142857,-3.541119E-1
85.285714,-3.546253E-1
85.428571,-3.577117E-1
85.571429,-3.517871E-1
85.714286,-3.544667E-1
85.857143,-3.568204E-1
86.000000,-3.565002E-1
86.142857,-3.493800E-1
86.285714,-3.493483E-1
86.428571,-3.464884E-1
86.571429,-3.487469E-1
86.714286,-3.473595E-1
86.857143,-3.472513E-1
87.000000,-3.479623E-1
87.142857,-3.440929E-1
87.285714,-3.464177E-1
87.428571,-3.472066E-1
87.571429,-3.495055E-1
87.714286,-3.489070E-1
87.857143,-3.471215E-1
88.000000,-3.444520E-1
88.142857,-3.475801E-1
88.285714,-3.458913E-1
88.428571,-3.466932E-1
88.571429,-3.536706E-1
88.714286,-3.561815E-1
88.857143,-3.557791E-1
89.000000,-3.580823E-1
89.142857,-3.588798E-1
89.285714,-3.621046E-1
89.428571,-3.591337E-1
89.571429,-3.579366E-1
89.714286,-3.618724E-1
89.857143,-3.613302E-1
90.000000,-3.619619E-1
90.142857,-3.602773E-1
90.285714,-3.592563E-1
90.428571,-3.607057E-1
90.571429,-3.592678E-1
90.714286,-3.588539E-1
90.857143,-3.594394E-1
91.000000,-3.601403E-1
91.142857,-3.640660E-1
91.285714,-3.612955E-1
91.428571,-3.597351E-1
91.571429,-3.588409E-1
91.714286,-3.614931E-1
91.857143,-3.607446E-1
92.000000,-3.591279E-1
92.142857,-3.571982E-1
92.285714,-3.545907E-1
92.428571,-3.586938E-1
92.571429,-3.578213E-1
92.714286,-3.556392E-1
92.857143,-3.551763E-1
93.000000,-3.592563E-1
93.142857,-3.624118E-1
93.285714,-3.584688E-1
93.428571,-3.613792E-1
93.571429,-3.646069E-1
93.714286,-3.649227E-1
93.857143,-3.644223E-1
94.000000,-3.695003E-1
94.142857,-3.701089E-1
94.285714,-3.674365E-1
94.428571,-3.680350E-1
94.571429,-3.686854E-1
94.714286,-3.670514E-1
94.857143,-3.681360E-1
95.000000,-3.633709E-1
95.142857,-3.656525E-1
95.285714,-3.640170E-1
95.428571,-3.652573E-1
95.571429,-3.637949E-1
95.714286,-3.644843E-1
95.857143,-3.664341E-1
96.000000,-3.668279E-1
96.142857,-3.692609E-1
96.285714,-3.679961E-1
96.428571,-3.669288E-1
96.571429,-3.630579E-1
96.714286,-3.621465E-1
96.857143,-3.657303E-1
97.000000,-3.667702E-1
97.142857,-3.629613E-1
97.285714,-3.636983E-1
97.428571,-3.635021E-1
97.571429,-3.614369E-1
97.714286,-3.622214E-1
97.857143,-3.616691E-1
98.000000,-3.611701E-1
98.142857,-3.630839E-1
98.285714,-3.625979E-1
98.428571,-3.638180E-1
98.571429,-3.622820E-1
98.714286,-3.643934E-1
98.857143,-3.619532E-1
99.000000,-3.640487E-1
99.142857,-3.657823E-1
99.285714,-3.641497E-1
99.428571,-3.651809E-1
99.571429,-3.639016E-1
99.714286,-3.614268E-1
99.857143,-3.629671E-1
100.000000,-3.599615E-1
100.142857,-3.645924E-1
100.285714,-3.680393E-1
100.428571,-3.675850E-1
100.571429,-3.642636E-1
100.714286,-3.655241E-1
100.857143,-3.625791E-1
101.000000,-3.638728E-1
101.142857,-3.677826E-1
101.285714,-3.680725E-1
101.428571,-3.690662E-1
101.571429,-3.686306E-1
101.714286,-3.648218E-1
101.857143,-3.628575E-1
102.000000,-3.622041E-1
102.142857,-3.658789E-1
102.285714,-3.633738E-1
102.428571,-3.629368E-1
102.571429,-3.615018E-1
102.714286,-3.618075E-1
102.857143,-3.625993E-1
103.000000,-3.610576E-1
103.142857,-3.620902E-1
103.285714,-3.700570E-1
103.428571,-3.633767E-1
103.571429,-3.629627E-1
103.714286,-3.643992E-1
103.857143,-3.621840E-1
104.000000,-3.647569E-1
104.142857,-3.610403E-1
104.285714,-3.605456E-1
104.428571,-3.627450E-1
104.571429,-3.631300E-1
104.714286,-3.610778E-1
104.857143,-3.630204E-1
105.000000,-3.610850E-1
105.142857,-3.579914E-1
105.285714,-3.629916E-1
105.428571,-3.640819E-1
105.571429,-3.641396E-1
105.714286,-3.677148E-1
105.857143,-3.648492E-1
106.000000,-3.642449E-1
106.142857,-3.657260E-1
106.285714,-3.678417E-1
106.428571,-3.628503E-1
106.571429,-3.664789E-1
106.714286,-3.657029E-1
106.857143,-3.635137E-1
107.000000,-3.630579E-1
107.142857,-3.660880E-1
107.285714,-3.641468E-1
107.428571,-3.596514E-1
107.571429,-3.590053E-1
107.714286,-3.586130E-1
107.857143,-3.600509E-1
108.000000,-3.646876E-1
108.142857,-3.628950E-1
108.285714,-3.665019E-1
108.428571,-3.681071E-1
108.571429,-3.639160E-1
108.714286,-3.644598E-1
108.857143,-3.611614E-1
109.000000,-3.634704E-1
109.142857,-3.608182E-1
109.285714,-3.618926E-1
109.428571,-3.596745E-1
109.571429,-3.583938E-1
109.714286,-3.625849E-1
109.857143,-3.573006E-1
110.000000,-3.584111E-1
110.142857,-3.534889E-1
110.285714,-3.467783E-1
110.428571,-3.561743E-1
110.571429,-3.538537E-1
110.714286,-3.559046E-1
110.857143,-3.594409E-1
111.000000,-3.589188E-1
111.142857,-3.570107E-1
111.285714,-3.546470E-1
111.428571,-3.536994E-1
111.571429,-3.508395E-1
111.714286,-3.546224E-1
111.857143,-3.537110E-1
112.000000,-3.508482E-1
112.142857,-3.500146E-1
112.285714,-3.488248E-1
112.428571,-3.569285E-1
112.571429,-3.561757E-1
112.714286,-3.540542E-1
112.857143,-3.534009E-1
113.000000,-3.535134E-1
113.142857,-3.571478E-1
113.285714,-3.590270E-1
113.428571,-3.565896E-1
113.571429,-3.593990E-1
113.714286,-3.596774E-1
113.857143,-3.583881E-1
114.000000,-3.587226E-1
114.142857,-3.601403E-1
114.285714,-3.591380E-1
114.428571,-3.605874E-1
114.571429,-3.591207E-1
114.714286,-3.547479E-1
114.857143,-3.521043E-1
115.000000,-3.514337E-1
115.142857,-3.512145E-1
115.285714,-3.454601E-1
115.428571,-3.428064E-1
115.571429,-3.432391E-1
115.714286,-3.421603E-1
115.857143,-3.435160E-1
116.000000,-3.437987E-1
116.142857,-3.413902E-1
116.285714,-3.440193E-1
116.428571,-3.411176E-1
116.571429,-3.423189E-1
116.714286,-3.443654E-1
116.857143,-3.480301E-1
117.000000,-3.462576E-1
117.142857,-3.410137E-1
117.285714,-3.479666E-1
117.428571,-3.526812E-1
117.571429,-3.508525E-1
117.714286,-3.534211E-1
117.857143,-3.506939E-1
118.000000,-3.486358E-1
118.142857,-3.518794E-1
118.285714,-3.502093E-1
118.428571,-3.518606E-1
118.571429,-3.532221E-1
118.714286,-3.498199E-1
118.857143,-3.485031E-1
119.000000,-3.475123E-1
119.142857,-3.455985E-1
119.285714,-3.443395E-1
119.428571,-3.454168E-1
119.571429,-3.457702E-1
119.714286,-3.450765E-1
119.857143,-3.463716E-1
120.000000,-3.451327E-1
120.142857,-3.408291E-1
120.285714,-3.386903E-1
120.428571,-3.333830E-1
120.571429,-3.309933E-1
120.714286,-3.361261E-1
120.857143,-3.328119E-1
121.000000,-3.336830E-1
121.142857,-3.364391E-1
121.285714,-3.368184E-1
121.428571,-3.388634E-1
121.571429,-3.403532E-1
121.714286,-3.360799E-1
121.857143,-3.361896E-1
122.000000,-3.346579E-1
122.142857,-3.354670E-1
122.285714,-3.343089E-1
122.428571,-3.356588E-1
122.571429,-3.381365E-1
122.714286,-3.351007E-1
122.857143,-3.316697E-1
123.000000,-3.292770E-1
123.142857,-3.290117E-1
123.285714,-3.301034E-1
123.428571,-3.287997E-1
123.571429,-3.278536E-1
123.714286,-3.266969E-1
123.857143,-3.289612E-1
124.000000,-3.298813E-1
124.142857,-3.302837E-1
124.285714,-3.303313E-1
124.428571,-3.263840E-1
124.571429,-3.291703E-1
124.714286,-3.298640E-1
124.857143,-3.255230E-1
125.000000,-3.234476E-1
125.142857,-3.123239E-1
125.285714,-3.099399E-1
125.428571,-3.070858E-1
125.571429,-3.017049E-1
125.714286,-3.014813E-1
125.857143,-3.121378E-1
126.000000,-3.073800E-1
126.142857,-3.031110E-1
126.285714,-3.081299E-1
126.428571,-3.049397E-1
126.571429,-3.065839E-1
126.714286,-3.027159E-1
126.857143,-3.080520E-1
127.000000,-3.086405E-1
127.142857,-3.066848E-1
127.285714,-3.064757E-1
127.428571,-3.028457E-1
127.571429,-3.011813E-1
127.714286,-3.022745E-1
127.857143,-3.041739E-1
128.000000,-3.078588E-1
128.142857,-3.061382E-1
128.285714,-3.045388E-1
128.428571,-2.992560E-1
128.571429,-3.042547E-1
128.714286,-3.045374E-1
128.857143,-3.013746E-1
129.000000,-3.017856E-1
129.142857,-3.034009E-1
129.285714,-3.070612E-1
129.428571,-3.059767E-1
129.571429,-3.070035E-1
129.714286,-3.060993E-1
129.857143,-3.043138E-1
130.000000,-3.059594E-1
130.142857,-3.095779E-1
130.285714,-3.077448E-1
130.428571,-3.046225E-1
130.571429,-3.030937E-1
130.714286,-2.963384E-1
130.857143,-2.903475E-1
131.000000,-2.827009E-1
131.142857,-2.776286E-1
131.285714,-2.777584E-1
131.428571,-2.773993E-1
131.571429,-2.795165E-1
131.714286,-2.844676E-1
131.857143,-2.827730E-1
132.000000,-2.814764E-1
132.142857,-2.807683E-1
132.285714,-2.773330E-1
132.428571,-2.759946E-1
132.571429,-2.795828E-1
132.714286,-2.781550E-1
132.857143,-2.793939E-1
133.000000,-2.793838E-1
133.142857,-2.770604E-1
133.285714,-2.797573E-1
133.428571,-2.783858E-1
133.571429,-2.798785E-1
133.714286,-2.797544E-1
133.857143,-2.818283E-1
134.000000,-2.804871E-1
134.142857,-2.835345E-1
134.285714,-2.850401E-1
134.428571,-2.848469E-1
134.571429,-2.833268E-1
134.714286,-2.815240E-1
134.857143,-2.769551E-1
135.000000,-2.812183E-1
135.142857,-2.765960E-1
135.285714,-2.736726E-1
135.428571,-2.763003E-1
135.571429,-2.738688E-1
135.714286,-2.737375E-1
135.857143,-2.772104E-1
136.000000,-2.773272E-1
136.142857,-2.726040E-1
136.285714,-2.669534E-1
136.428571,-2.627248E-1
136.571429,-2.560964E-1
136.714286,-2.531370E-1
136.857143,-2.548633E-1
137.000000,-2.508641E-1
137.142857,-2.523697E-1
137.285714,-2.540816E-1
137.428571,-2.542388E-1
137.571429,-2.553508E-1
137.714286,-2.531889E-1
137.857143,-2.515982E-1
138.000000,-2.501098E-1
138.142857,-2.543672E-1
138.285714,-2.541927E-1
138.428571,-2.533865E-1
138.571429,-2.534211E-1
138.714286,-2.527779E-1
138.857143,-2.570050E-1
139.000000,-2.558916E-1
139.142857,-2.532697E-1
139.285714,-2.491103E-1
139.428571,-2.496382E-1
139.571429,-2.552253E-1
139.714286,-2.520928E-1
139.857143,-2.467019E-1
140.000000,-2.504069E-1
140.142857,-2.505252E-1
140.285714,-2.521361E-1
140.428571,-2.535971E-1
140.571429,-2.559291E-1
140.714286,-2.553681E-1
140.857143,-2.578299E-1
141.000000,-2.576266E-1
141.142857,-2.535293E-1
141.285714,-2.556277E-1
141.428571,-2.561440E-1
141.571429,-2.555599E-1
141.714286,-2.585020E-1
141.857143,-2.577607E-1
142.000000,-2.568406E-1
142.142857,-2.555801E-1
142.285714,-2.536158E-1
142.428571,-2.452885E-1
142.571429,-2.385966E-1
142.714286,-2.319206E-1
142.857143,-2.278695E-1
143.000000,-2.291862E-1
143.142857,-2.327759E-1
143.285714,-2.310178E-1
143.428571,-2.297069E-1
143.571429,-2.318456E-1
143.714286,-2.314678E-1
143.857143,-2.273330E-1
144.000000,-2.281103E-1
144.142857,-2.266580E-1
144.285714,-2.235558E-1
144.428571,-2.262268E-1
144.571429,-2.288300E-1
144.714286,-2.273835E-1
144.857143,-2.282762E-1
145.000000,-2.299405E-1
145.142857,-2.322307E-1
145.285714,-2.256528E-1
145.428571,-2.311231E-1
145.571429,-2.315630E-1
145.714286,-2.346868E-1
145.857143,-2.334580E-1
146.000000,-2.292655E-1
146.142857,-2.339974E-1
146.285714,-2.328264E-1
146.428571,-2.340969E-1
146.571429,-2.301972E-1
146.714286,-2.336225E-1
146.857143,-2.289641E-1
147.000000,-2.367174E-1
147.142857,-2.328538E-1
147.285714,-2.352637E-1
147.428571,-2.324427E-1
147.571429,-2.365891E-1
147.714286,-2.291530E-1
147.857143,-2.262903E-1
148.000000,-2.175043E-1
148.142857,-2.124681E-1
148.285714,-2.058397E-1
148.428571,-2.009896E-1
148.571429,-1.997478E-1
148.714286,-1.962533E-1
148.857143,-1.995935E-1
149.000000,-2.010516E-1
149.142857,-2.030490E-1
149.285714,-1.988926E-1
149.428571,-2.004733E-1
149.571429,-2.034788E-1
149.714286,-2.061729E-1
149.857143,-2.042994E-1
150.000000,-2.017986E-1
150.142857,-2.039216E-1
150.285714,-2.035480E-1
150.428571,-2.025284E-1
150.571429,-2.001141E-1
150.714286,-2.019919E-1
150.857143,-2.043052E-1
151.000000,-2.052470E-1
151.142857,-2.037673E-1
151.285714,-2.033461E-1
151.428571,-1.995762E-1
151.571429,-2.017684E-1
151.714286,-1.997997E-1
151.857143,-2.023294E-1
152.000000,-2.039187E-1
152.142857,-1.999872E-1
152.285714,-1.999108E-1
152.428571,-1.983157E-1
152.571429,-1.974980E-1
152.714286,-1.949943E-1
152.857143,-1.960356E-1
153.000000,-1.937987E-1
153.142857,-1.955236E-1
153.285714,-1.933343E-1
153.428571,-1.916772E-1
153.571429,-1.830283E-1
153.714286,-1.762254E-1
153.857143,-1.716795E-1
154.000000,-1.739496E-1
154.142857,-1.763725E-1
154.285714,-1.767402E-1
154.428571,-1.771787E-1
154.571429,-1.794559E-1
154.714286,-1.804410E-1
154.857143,-1.654881E-1
155.000000,-1.611543E-1
155.142857,-1.660477E-1
155.285714,-1.683870E-1
155.428571,-1.742020E-1
155.571429,-1.724266E-1
155.714286,-1.721526E-1
155.857143,-1.733756E-1
156.000000,-1.774383E-1
156.142857,-1.754567E-1
156.285714,-1.783858E-1
156.428571,-1.794141E-1
156.571429,-1.795626E-1
156.714286,-1.808736E-1
156.857143,-1.770503E-1
157.000000,-1.783613E-1
157.142857,-1.797025E-1
157.285714,-1.784392E-1
157.428571,-1.780829E-1
157.571429,-1.809299E-1
157.714286,-1.777282E-1
157.857143,-1.812096E-1
158.000000,-1.787391E-1
158.142857,-1.755129E-1
158.285714,-1.742495E-1
158.428571,-1.723054E-1
158.571429,-1.622013E-1
158.714286,-1.534904E-1
158.857143,-1.512420E-1
159.000000,-1.510790E-1
159.142857,-1.536562E-1
159.285714,-1.549917E-1
159.428571,-1.544682E-1
159.571429,-1.491248E-1
159.714286,-1.529005E-1
159.857143,-1.516847E-1
160.000000,-1.487224E-1
160.142857,-1.523510E-1
160.285714,-1.526582E-1
160.428571,-1.518232E-1
160.571429,-1.486099E-1
160.714286,-1.475052E-1
160.857143,-1.520453E-1
161.000000,-1.482840E-1
161.142857,-1.463961E-1
161.285714,-1.498055E-1
161.428571,-1.478427E-1
161.571429,-1.504920E-1
161.714286,-1.506175E-1
161.857143,-1.458640E-1
162.000000,-1.411191E-1
162.142857,-1.410585E-1
162.285714,-1.409936E-1
162.428571,-1.438160E-1
162.571429,-1.437958E-1
162.714286,-1.475614E-1
162.857143,-1.469384E-1
163.000000,-1.493570E-1
163.142857,-1.481513E-1
163.285714,-1.459015E-1
163.428571,-1.396596E-1
163.571429,-1.323057E-1
163.714286,-1.238573E-1
163.857143,-1.162799E-1
164.000000,-1.142954E-1
164.142857,-1.138772E-1
164.285714,-1.193071E-1
164.428571,-1.152300E-1
164.571429,-1.174784E-1
164.714286,-1.172346E-1
164.857143,-1.176298E-1
165.000000,-1.192927E-1
165.142857,-1.147252E-1
165.285714,-1.119215E-1
165.428571,-1.126311E-1
165.571429,-1.141945E-1
165.714286,-1.157131E-1
165.857143,-1.173068E-1
166.000000,-1.167111E-1
166.142857,-1.186422E-1
166.285714,-1.198076E-1
166.428571,-1.205878E-1
166.571429,-1.216723E-1
166.714286,-1.191355E-1
166.857143,-1.151160E-1
167.000000,-1.182990E-1
167.142857,-1.209455E-1
167.285714,-1.191441E-1
167.428571,-1.199662E-1
167.571429,-1.175390E-1
167.714286,-1.191831E-1
167.857143,-1.215281E-1
168.000000,-1.199056E-1
168.142857,-1.211777E-1
168.285714,-1.168193E-1
168.428571,-1.124595E-1
168.571429,-1.074896E-1
168.714286,-1.015405E-1
168.857143,-9.941903E-2
169.000000,-9.677690E-2
169.142857,-9.663700E-2
169.285714,-9.692112E-2
169.428571,-9.632260E-2
169.571429,-9.291177E-2
169.714286,-9.898059E-2
169.857143,-1.000796E-1
170.000000,-1.011886E-1
170.142857,-9.651009E-2
170.285714,-9.577168E-2
170.428571,-9.004033E-2
170.571429,-9.401218E-2
170.714286,-9.765232E-2
170.857143,-9.582792E-2
171.000000,-9.171907E-2
171.142857,-9.338770E-2
171.285714,-9.270554E-2
171.428571,-9.265795E-2
171.571429,-8.997399E-2
171.714286,-8.818998E-2
171.857143,-9.135419E-2
172.000000,-8.993938E-2
172.142857,-8.666556E-2
172.285714,-9.049319E-2
172.428571,-8.268939E-2
172.571429,-8.135534E-2
172.714286,-8.399459E-2
172.857143,-7.835122E-2
173.000000,-7.627155E-2
173.142857,-7.925404E-2
173.285714,-8.313503E-2
173.428571,-8.049290E-2
173.571429,-7.955114E-2
173.714286,-7.892522E-2
173.857143,-8.409843E-2
174.000000,-8.009197E-2
174.142857,-8.163513E-2
174.285714,-7.863678E-2
174.428571,-7.995928E-2
174.571429,-7.638116E-2
174.714286,-7.721909E-2
174.857143,-7.696670E-2
175.000000,-7.590235E-2
175.142857,-7.496780E-2
175.285714,-7.772242E-2
175.428571,-7.828632E-2
175.571429,-7.881273E-2
175.714286,-7.654702E-2
175.857143,-8.017706E-2
176.000000,-8.059097E-2
176.142857,-8.080154E-2
176.285714,-8.101354E-2
176.428571,-8.067606E-2
176.571429,-8.005880E-2
176.714286,-7.814066E-2
176.857143,-7.753060E-2
177.000000,-7.772963E-2
177.142857,-7.462455E-2
177.285714,-7.410680E-2
177.428571,-6.905906E-2
177.571429,-7.074212E-2
177.714286,-6.981189E-2
177.857143,-6.811153E-2
178.000000,-6.733850E-2
178.142857,-6.685536E-2
178.285714,-6.973546E-2
178.428571,-6.856727E-2
178.571429,-6.747263E-2
178.714286,-6.856150E-2
178.857143,-6.916146E-2
179.000000,-6.674431E-2
179.142857,-6.480598E-2
179.285714,-6.847208E-2
179.428571,-6.407334E-2
179.571429,-6.120623E-2
179.714286,-6.432428E-2
179.857143,-6.474685E-2
180.000000,-6.490982E-2

