-0.002500,-4.800000,-0.100000
-0.002498,-4.800000,-0.080000
-0.002496,-4.800000,-0.100000
-0.002494,-4.800000,-0.100000
-0.002492,-4.800000,-0.080000
-0.002490,-4.800000,-0.100000
-0.002488,-4.800000,-0.080000
-0.002486,-4.720000,-0.080000
-0.002484,-4.800000,-0.120000
-0.002482,-4.800000,-0.100000
-0.002480,-4.800000,-0.100000
-0.002478,-4.800000,-0.100000
-0.002476,-4.800000,-0.100000
-0.002474,-4.800000,-0.140000
-0.002472,-4.800000,-0.100000
-0.002470,-4.800000,-0.120000
-0.002468,-4.800000,-0.120000
-0.002466,-4.800000,-0.120000
-0.002464,-4.800000,-0.120000
-0.002462,-4.800000,-0.120000
-0.002460,-4.800000,-0.120000
-0.002458,-4.800000,-0.140000
-0.002456,-4.800000,-0.120000
-0.002454,-4.800000,-0.140000
-0.002452,-4.800000,-0.140000
-0.002450,-4.800000,-0.160000
-0.002448,-4.800000,-0.140000
-0.002446,-4.720000,-0.160000
-0.002444,-4.800000,-0.140000
-0.002442,-4.800000,-0.140000
-0.002440,-4.800000,-0.140000
-0.002438,-4.800000,-0.140000
-0.002436,-4.800000,-0.160000
-0.002434,-4.800000,-0.140000
-0.002432,-4.800000,-0.140000
-0.002430,-4.800000,-0.160000
-0.002428,-4.800000,-0.140000
-0.002426,-4.800000,-0.160000
-0.002424,-4.800000,-0.160000
-0.002422,-4.800000,-0.140000
-0.002420,-4.800000,-0.180000
-0.002418,-4.800000,-0.160000
-0.002416,-4.800000,-0.160000
-0.002414,-4.880000,-0.180000
-0.002412,-4.800000,-0.140000
-0.002410,-4.800000,-0.180000
-0.002408,-4.800000,-0.160000
-0.002406,-4.800000,-0.140000
-0.002404,-4.800000,-0.180000
-0.002402,-4.800000,-0.160000
-0.002400,-4.800000,-0.180000
-0.002398,-4.800000,-0.180000
-0.002396,-4.800000,-0.160000
-0.002394,-4.800000,-0.180000
-0.002392,-4.800000,-0.200000
-0.002390,-4.800000,-0.180000
-0.002388,-4.800000,-0.180000
-0.002386,-4.800000,-0.180000
-0.002384,-4.800000,-0.160000
-0.002382,-4.800000,-0.200000
-0.002380,-4.800000,-0.180000
-0.002378,-4.800000,-0.200000
-0.002376,-4.800000,-0.200000
-0.002374,-4.800000,-0.180000
-0.002372,-4.800000,-0.200000
-0.002370,-4.800000,-0.200000
-0.002368,-4.800000,-0.180000
-0.002366,-4.800000,-0.220000
-0.002364,-4.800000,-0.200000
-0.002362,-4.800000,-0.220000
-0.002360,-4.720000,-0.220000
-0.002358,-4.800000,-0.200000
-0.002356,-4.800000,-0.220000
-0.002354,-4.800000,-0.200000
-0.002352,-4.800000,-0.220000
-0.002350,-4.720000,-0.200000
-0.002348,-4.720000,-0.200000
-0.002346,-4.800000,-0.220000
-0.002344,-4.800000,-0.220000
-0.002342,-4.800000,-0.220000
-0.002340,-4.800000,-0.240000
-0.002338,-4.800000,-0.220000
-0.002336,-4.800000,-0.200000
-0.002334,-4.800000,-0.220000
-0.002332,-4.800000,-0.240000
-0.002330,-4.800000,-0.240000
-0.002328,-4.720000,-0.240000
-0.002326,-4.800000,-0.260000
-0.002324,-4.800000,-0.240000
-0.002322,-4.800000,-0.240000
-0.002320,-4.800000,-0.260000
-0.002318,-4.800000,-0.220000
-0.002316,-4.800000,-0.220000
-0.002314,-4.720000,-0.260000
-0.002312,-4.800000,-0.220000
-0.002310,-4.800000,-0.260000
-0.002308,-4.800000,-0.260000
-0.002306,-4.800000,-0.240000
-0.002304,-4.800000,-0.240000
-0.002302,-4.800000,-0.260000
-0.002300,-4.800000,-0.260000
-0.002298,-4.720000,-0.240000
-0.002296,-4.800000,-0.260000
-0.002294,-4.800000,-0.260000
-0.002292,-4.720000,-0.260000
-0.002290,-4.800000,-0.260000
-0.002288,-4.880000,-0.280000
-0.002286,-4.800000,-0.280000
-0.002284,-4.800000,-0.280000
-0.002282,-4.800000,-0.280000
-0.002280,-4.800000,-0.280000
-0.002278,-4.720000,-0.280000
-0.002276,-4.800000,-0.280000
-0.002274,-4.800000,-0.280000
-0.002272,-4.720000,-0.280000
-0.002270,-4.800000,-0.300000
-0.002268,-4.720000,-0.300000
-0.002266,-4.800000,-0.300000
-0.002264,-4.800000,-0.300000
-0.002262,-4.800000,-0.300000
-0.002260,-4.800000,-0.280000
-0.002258,-4.800000,-0.300000
-0.002256,-4.800000,-0.300000
-0.002254,-4.720000,-0.280000
-0.002252,-4.800000,-0.320000
-0.002250,-4.800000,-0.300000
-0.002248,-4.800000,-0.300000
-0.002246,-4.800000,-0.300000
-0.002244,-4.720000,-0.340000
-0.002242,-4.800000,-0.320000
-0.002240,-4.800000,-0.340000
-0.002238,-4.800000,-0.300000
-0.002236,-4.800000,-0.340000
-0.002234,-4.800000,-0.340000
-0.002232,-4.800000,-0.320000
-0.002230,-4.800000,-0.320000
-0.002228,-4.800000,-0.320000
-0.002226,-4.800000,-0.320000
-0.002224,-4.800000,-0.320000
-0.002222,-4.800000,-0.340000
-0.002220,-4.800000,-0.340000
-0.002218,-4.800000,-0.320000
-0.002216,-4.800000,-0.320000
-0.002214,-4.800000,-0.340000
-0.002212,-4.800000,-0.320000
-0.002210,-4.800000,-0.360000
-0.002208,-4.720000,-0.320000
-0.002206,-4.800000,-0.340000
-0.002204,-4.800000,-0.360000
-0.002202,-4.800000,-0.340000
-0.002200,-4.800000,-0.360000
-0.002198,-4.800000,-0.340000
-0.002196,-4.800000,-0.360000
-0.002194,-4.800000,-0.360000
-0.002192,-4.800000,-0.360000
-0.002190,-4.800000,-0.340000
-0.002188,-4.800000,-0.380000
-0.002186,-4.800000,-0.360000
-0.002184,-4.800000,-0.360000
-0.002182,-4.800000,-0.360000
-0.002180,-4.800000,-0.360000
-0.002178,-4.800000,-0.380000
-0.002176,-4.800000,-0.360000
-0.002174,-4.800000,-0.360000
-0.002172,-4.880000,-0.380000
-0.002170,-4.800000,-0.360000
-0.002168,-4.800000,-0.380000
-0.002166,-4.800000,-0.380000
-0.002164,-4.800000,-0.380000
-0.002162,-4.800000,-0.380000
-0.002160,-4.800000,-0.380000
-0.002158,-4.800000,-0.400000
-0.002156,-4.880000,-0.380000
-0.002154,-4.800000,-0.400000
-0.002152,-4.800000,-0.380000
-0.002150,-4.800000,-0.400000
-0.002148,-4.800000,-0.400000
-0.002146,-4.800000,-0.400000
-0.002144,-4.800000,-0.360000
-0.002142,-4.800000,-0.400000
-0.002140,-4.800000,-0.400000
-0.002138,-4.800000,-0.380000
-0.002136,-4.800000,-0.420000
-0.002134,-4.800000,-0.400000
-0.002132,-4.800000,-0.400000
-0.002130,-4.800000,-0.420000
-0.002128,-4.800000,-0.380000
-0.002126,-4.800000,-0.420000
-0.002124,-4.800000,-0.400000
-0.002122,-4.800000,-0.380000
-0.002120,-4.800000,-0.400000
-0.002118,-4.800000,-0.400000
-0.002116,-4.800000,-0.420000
-0.002114,-4.800000,-0.420000
-0.002112,-4.800000,-0.400000
-0.002110,-4.800000,-0.420000
-0.002108,-4.800000,-0.400000
-0.002106,-4.800000,-0.420000
-0.002104,-4.800000,-0.440000
-0.002102,-4.800000,-0.400000
-0.002100,-4.800000,-0.420000
-0.002098,-4.800000,-0.420000
-0.002096,-4.800000,-0.440000
-0.002094,-4.800000,-0.460000
-0.002092,-4.800000,-0.380000
-0.002090,-4.800000,-0.420000
-0.002088,-4.800000,-0.440000
-0.002086,-4.800000,-0.420000
-0.002084,-4.800000,-0.460000
-0.002082,-4.800000,-0.440000
-0.002080,-4.800000,-0.440000
-0.002078,-4.800000,-0.460000
-0.002076,-4.800000,-0.420000
-0.002074,-4.800000,-0.440000
-0.002072,-4.800000,-0.460000
-0.002070,-4.800000,-0.440000
-0.002068,-4.800000,-0.480000
-0.002066,-4.880000,-0.460000
-0.002064,-4.800000,-0.440000
-0.002062,-4.800000,-0.480000
-0.002060,-4.800000,-0.440000
-0.002058,-4.800000,-0.460000
-0.002056,-4.800000,-0.460000
-0.002054,-4.800000,-0.480000
-0.002052,-4.800000,-0.500000
-0.002050,-4.800000,-0.440000
-0.002048,-4.800000,-0.460000
-0.002046,-4.800000,-0.460000
-0.002044,-4.800000,-0.480000
-0.002042,-4.800000,-0.500000
-0.002040,-4.800000,-0.460000
-0.002038,-4.800000,-0.480000
-0.002036,-4.800000,-0.500000
-0.002034,-4.800000,-0.480000
-0.002032,-4.800000,-0.480000
-0.002030,-4.800000,-0.500000
-0.002028,-4.800000,-0.460000
-0.002026,-4.800000,-0.500000
-0.002024,-4.880000,-0.500000
-0.002022,-4.800000,-0.500000
-0.002020,-4.800000,-0.500000
-0.002018,-4.880000,-0.480000
-0.002016,-4.800000,-0.480000
-0.002014,-4.800000,-0.480000
-0.002012,-4.880000,-0.480000
-0.002010,-4.800000,-0.500000
-0.002008,-4.800000,-0.500000
-0.002006,-4.800000,-0.480000
-0.002004,-4.800000,-0.500000
-0.002002,-4.800000,-0.500000
-0.002000,4.640000,-0.400000
-0.001998,4.720000,-0.380000
-0.001996,4.720000,-0.380000
-0.001994,4.720000,-0.400000
-0.001992,4.720000,-0.400000
-0.001990,4.720000,-0.360000
-0.001988,4.720000,-0.360000
-0.001986,4.720000,-0.380000
-0.001984,4.800000,-0.380000
-0.001982,4.720000,-0.360000
-0.001980,4.800000,-0.360000
-0.001978,4.720000,-0.360000
-0.001976,4.800000,-0.340000
-0.001974,4.800000,-0.360000
-0.001972,4.720000,-0.380000
-0.001970,4.800000,-0.340000
-0.001968,4.800000,-0.360000
-0.001966,4.800000,-0.360000
-0.001964,4.800000,-0.340000
-0.001962,4.800000,-0.360000
-0.001960,4.800000,-0.340000
-0.001958,4.800000,-0.360000
-0.001956,4.800000,-0.340000
-0.001954,4.800000,-0.340000
-0.001952,4.800000,-0.340000
-0.001950,4.720000,-0.320000
-0.001948,4.800000,-0.360000
-0.001946,4.800000,-0.340000
-0.001944,4.800000,-0.340000
-0.001942,4.800000,-0.360000
-0.001940,4.800000,-0.300000
-0.001938,4.800000,-0.340000
-0.001936,4.720000,-0.340000
-0.001934,4.720000,-0.300000
-0.001932,4.720000,-0.320000
-0.001930,4.880000,-0.300000
-0.001928,4.800000,-0.300000
-0.001926,4.800000,-0.320000
-0.001924,4.800000,-0.300000
-0.001922,4.800000,-0.300000
-0.001920,4.800000,-0.320000
-0.001918,4.800000,-0.320000
-0.001916,4.720000,-0.300000
-0.001914,4.800000,-0.320000
-0.001912,4.720000,-0.280000
-0.001910,4.800000,-0.280000
-0.001908,4.800000,-0.300000
-0.001906,4.800000,-0.280000
-0.001904,4.800000,-0.320000
-0.001902,4.800000,-0.260000
-0.001900,4.800000,-0.300000
-0.001898,4.800000,-0.280000
-0.001896,4.800000,-0.260000
-0.001894,4.800000,-0.300000
-0.001892,4.800000,-0.280000
-0.001890,4.800000,-0.280000
-0.001888,4.800000,-0.280000
-0.001886,4.800000,-0.260000
-0.001884,4.800000,-0.280000
-0.001882,4.800000,-0.260000
-0.001880,4.800000,-0.280000
-0.001878,4.720000,-0.280000
-0.001876,4.800000,-0.260000
-0.001874,4.800000,-0.260000
-0.001872,4.800000,-0.280000
-0.001870,4.800000,-0.240000
-0.001868,4.720000,-0.260000
-0.001866,4.800000,-0.260000
-0.001864,4.800000,-0.260000
-0.001862,4.800000,-0.260000
-0.001860,4.800000,-0.260000
-0.001858,4.800000,-0.240000
-0.001856,4.800000,-0.260000
-0.001854,4.800000,-0.240000
-0.001852,4.800000,-0.240000
-0.001850,4.800000,-0.240000
-0.001848,4.800000,-0.240000
-0.001846,4.800000,-0.240000
-0.001844,4.800000,-0.240000
-0.001842,4.800000,-0.220000
-0.001840,4.800000,-0.220000
-0.001838,4.800000,-0.220000
-0.001836,4.800000,-0.240000
-0.001834,4.800000,-0.220000
-0.001832,4.800000,-0.240000
-0.001830,4.800000,-0.240000
-0.001828,4.800000,-0.200000
-0.001826,4.800000,-0.240000
-0.001824,4.800000,-0.220000
-0.001822,4.800000,-0.200000
-0.001820,4.800000,-0.220000
-0.001818,4.800000,-0.200000
-0.001816,4.800000,-0.220000
-0.001814,4.800000,-0.220000
-0.001812,4.800000,-0.180000
-0.001810,4.800000,-0.200000
-0.001808,4.800000,-0.180000
-0.001806,4.800000,-0.200000
-0.001804,4.800000,-0.220000
-0.001802,4.800000,-0.180000
-0.001800,4.800000,-0.200000
-0.001798,4.800000,-0.220000
-0.001796,4.800000,-0.180000
-0.001794,4.800000,-0.200000
-0.001792,4.800000,-0.180000
-0.001790,4.800000,-0.200000
-0.001788,4.800000,-0.160000
-0.001786,4.800000,-0.200000
-0.001784,4.720000,-0.180000
-0.001782,4.800000,-0.160000
-0.001780,4.800000,-0.160000
-0.001778,4.800000,-0.200000
-0.001776,4.800000,-0.160000
-0.001774,4.800000,-0.180000
-0.001772,4.720000,-0.180000
-0.001770,4.800000,-0.160000
-0.001768,4.800000,-0.160000
-0.001766,4.800000,-0.140000
-0.001764,4.800000,-0.180000
-0.001762,4.720000,-0.140000
-0.001760,4.800000,-0.140000
-0.001758,4.800000,-0.160000
-0.001756,4.800000,-0.160000
-0.001754,4.800000,-0.140000
-0.001752,4.800000,-0.140000
-0.001750,4.800000,-0.140000
-0.001748,4.800000,-0.140000
-0.001746,4.800000,-0.140000
-0.001744,4.800000,-0.140000
-0.001742,4.800000,-0.140000
-0.001740,4.800000,-0.120000
-0.001738,4.800000,-0.100000
-0.001736,4.800000,-0.140000
-0.001734,4.800000,-0.140000
-0.001732,4.800000,-0.120000
-0.001730,4.800000,-0.120000
-0.001728,4.800000,-0.140000
-0.001726,4.800000,-0.140000
-0.001724,4.800000,-0.120000
-0.001722,4.800000,-0.120000
-0.001720,4.800000,-0.120000
-0.001718,4.800000,-0.140000
-0.001716,4.800000,-0.120000
-0.001714,4.800000,-0.120000
-0.001712,4.800000,-0.120000
-0.001710,4.800000,-0.120000
-0.001708,4.800000,-0.120000
-0.001706,4.800000,-0.100000
-0.001704,4.800000,-0.120000
-0.001702,4.800000,-0.100000
-0.001700,4.800000,-0.100000
-0.001698,4.800000,-0.100000
-0.001696,4.800000,-0.080000
-0.001694,4.800000,-0.100000
-0.001692,4.800000,-0.080000
-0.001690,4.800000,-0.080000
-0.001688,4.800000,-0.100000
-0.001686,4.800000,-0.080000
-0.001684,4.800000,-0.100000
-0.001682,4.800000,-0.100000
-0.001680,4.800000,-0.080000
-0.001678,4.800000,-0.100000
-0.001676,4.800000,-0.080000
-0.001674,4.800000,-0.080000
-0.001672,4.800000,-0.080000
-0.001670,4.800000,-0.060000
-0.001668,4.800000,-0.080000
-0.001666,4.800000,-0.080000
-0.001664,4.800000,-0.080000
-0.001662,4.800000,-0.100000
-0.001660,4.800000,-0.060000
-0.001658,4.800000,-0.060000
-0.001656,4.800000,-0.080000
-0.001654,4.800000,-0.060000
-0.001652,4.800000,-0.080000
-0.001650,4.800000,-0.080000
-0.001648,4.800000,-0.040000
-0.001646,4.800000,-0.080000
-0.001644,4.800000,-0.060000
-0.001642,4.800000,-0.040000
-0.001640,4.800000,-0.060000
-0.001638,4.800000,-0.060000
-0.001636,4.800000,-0.080000
-0.001634,4.800000,-0.020000
-0.001632,4.800000,-0.040000
-0.001630,4.800000,-0.060000
-0.001628,4.800000,-0.060000
-0.001626,4.720000,-0.060000
-0.001624,4.800000,-0.040000
-0.001622,4.800000,-0.060000
-0.001620,4.800000,-0.040000
-0.001618,4.800000,-0.040000
-0.001616,4.800000,-0.040000
-0.001614,4.800000,-0.040000
-0.001612,4.800000,0.000000
-0.001610,4.800000,0.000000
-0.001608,4.800000,0.000000
-0.001606,4.800000,0.000000
-0.001604,4.800000,-0.020000
-0.001602,4.800000,0.000000
-0.001600,4.800000,0.000000
-0.001598,4.800000,0.000000
-0.001596,4.800000,0.020000
-0.001594,4.800000,-0.020000
-0.001592,4.800000,-0.040000
-0.001590,4.800000,0.000000
-0.001588,4.800000,0.000000
-0.001586,4.800000,-0.020000
-0.001584,4.800000,0.000000
-0.001582,4.720000,0.000000
-0.001580,4.800000,0.020000
-0.001578,4.800000,0.000000
-0.001576,4.800000,0.020000
-0.001574,4.800000,0.020000
-0.001572,4.800000,0.000000
-0.001570,4.800000,0.020000
-0.001568,4.800000,0.000000
-0.001566,4.800000,0.000000
-0.001564,4.800000,0.020000
-0.001562,4.800000,0.020000
-0.001560,4.800000,0.040000
-0.001558,4.800000,0.020000
-0.001556,4.800000,0.020000
-0.001554,4.800000,0.040000
-0.001552,4.800000,0.020000
-0.001550,4.800000,0.020000
-0.001548,4.800000,0.040000
-0.001546,4.800000,0.020000
-0.001544,4.800000,0.040000
-0.001542,4.800000,0.040000
-0.001540,4.800000,0.020000
-0.001538,4.800000,0.040000
-0.001536,4.800000,0.040000
-0.001534,4.800000,0.040000
-0.001532,4.800000,0.040000
-0.001530,4.800000,0.060000
-0.001528,4.800000,0.080000
-0.001526,4.800000,0.060000
-0.001524,4.720000,0.060000
-0.001522,4.800000,0.080000
-0.001520,4.800000,0.060000
-0.001518,4.800000,0.060000
-0.001516,4.800000,0.060000
-0.001514,4.800000,0.060000
-0.001512,4.800000,0.060000
-0.001510,4.800000,0.060000
-0.001508,4.800000,0.060000
-0.001506,4.800000,0.080000
-0.001504,4.800000,0.060000
-0.001502,4.800000,0.080000
-0.001500,4.800000,0.100000
-0.001498,4.800000,0.060000
-0.001496,4.800000,0.060000
-0.001494,4.800000,0.100000
-0.001492,4.800000,0.060000
-0.001490,4.800000,0.100000
-0.001488,4.880000,0.080000
-0.001486,4.800000,0.080000
-0.001484,4.800000,0.100000
-0.001482,4.800000,0.080000
-0.001480,4.800000,0.120000
-0.001478,4.800000,0.080000
-0.001476,4.800000,0.100000
-0.001474,4.800000,0.120000
-0.001472,4.800000,0.100000
-0.001470,4.800000,0.080000
-0.001468,4.800000,0.120000
-0.001466,4.800000,0.100000
-0.001464,4.800000,0.100000
-0.001462,4.800000,0.100000
-0.001460,4.800000,0.100000
-0.001458,4.800000,0.120000
-0.001456,4.800000,0.120000
-0.001454,4.880000,0.120000
-0.001452,4.800000,0.120000
-0.001450,4.800000,0.100000
-0.001448,4.800000,0.140000
-0.001446,4.800000,0.100000
-0.001444,4.800000,0.100000
-0.001442,4.800000,0.140000
-0.001440,4.800000,0.120000
-0.001438,4.800000,0.140000
-0.001436,4.800000,0.100000
-0.001434,4.800000,0.100000
-0.001432,4.800000,0.160000
-0.001430,4.720000,0.140000
-0.001428,4.800000,0.120000
-0.001426,4.800000,0.160000
-0.001424,4.800000,0.120000
-0.001422,4.800000,0.160000
-0.001420,4.800000,0.120000
-0.001418,4.800000,0.140000
-0.001416,4.800000,0.140000
-0.001414,4.880000,0.140000
-0.001412,4.800000,0.160000
-0.001410,4.800000,0.140000
-0.001408,4.800000,0.140000
-0.001406,4.800000,0.140000
-0.001404,4.800000,0.120000
-0.001402,4.800000,0.160000
-0.001400,4.800000,0.160000
-0.001398,4.800000,0.140000
-0.001396,4.800000,0.180000
-0.001394,4.800000,0.160000
-0.001392,4.800000,0.140000
-0.001390,4.800000,0.180000
-0.001388,4.800000,0.180000
-0.001386,4.800000,0.180000
-0.001384,4.800000,0.180000
-0.001382,4.880000,0.160000
-0.001380,4.800000,0.180000
-0.001378,4.800000,0.180000
-0.001376,4.800000,0.180000
-0.001374,4.800000,0.200000
-0.001372,4.800000,0.180000
-0.001370,4.800000,0.200000
-0.001368,4.800000,0.180000
-0.001366,4.800000,0.200000
-0.001364,4.800000,0.200000
-0.001362,4.800000,0.180000
-0.001360,4.800000,0.200000
-0.001358,4.800000,0.220000
-0.001356,4.800000,0.180000
-0.001354,4.800000,0.200000
-0.001352,4.800000,0.200000
-0.001350,4.800000,0.180000
-0.001348,4.800000,0.220000
-0.001346,4.800000,0.180000
-0.001344,4.800000,0.200000
-0.001342,4.800000,0.200000
-0.001340,4.800000,0.200000
-0.001338,4.880000,0.220000
-0.001336,4.800000,0.200000
-0.001334,4.800000,0.200000
-0.001332,4.800000,0.220000
-0.001330,4.880000,0.220000
-0.001328,4.880000,0.220000
-0.001326,4.800000,0.220000
-0.001324,4.800000,0.220000
-0.001322,4.800000,0.220000
-0.001320,4.800000,0.220000
-0.001318,4.800000,0.220000
-0.001316,4.800000,0.220000
-0.001314,4.800000,0.240000
-0.001312,4.800000,0.240000
-0.001310,4.800000,0.240000
-0.001308,4.800000,0.220000
-0.001306,4.800000,0.220000
-0.001304,4.800000,0.220000
-0.001302,4.800000,0.220000
-0.001300,4.800000,0.240000
-0.001298,4.800000,0.240000
-0.001296,4.800000,0.220000
-0.001294,4.800000,0.260000
-0.001292,4.800000,0.260000
-0.001290,4.800000,0.240000
-0.001288,4.800000,0.260000
-0.001286,4.800000,0.240000
-0.001284,4.800000,0.240000
-0.001282,4.800000,0.240000
-0.001280,4.800000,0.240000
-0.001278,4.800000,0.260000
-0.001276,4.800000,0.260000
-0.001274,4.800000,0.260000
-0.001272,4.800000,0.260000
-0.001270,4.800000,0.280000
-0.001268,4.880000,0.280000
-0.001266,4.800000,0.260000
-0.001264,4.800000,0.260000
-0.001262,4.800000,0.260000
-0.001260,4.800000,0.260000
-0.001258,4.800000,0.280000
-0.001256,4.800000,0.260000
-0.001254,4.800000,0.260000
-0.001252,4.800000,0.300000
-0.001250,4.800000,0.260000
-0.001248,4.800000,0.300000
-0.001246,4.800000,0.300000
-0.001244,4.800000,0.260000
-0.001242,4.800000,0.280000
-0.001240,4.800000,0.300000
-0.001238,4.800000,0.280000
-0.001236,4.800000,0.300000
-0.001234,4.800000,0.300000
-0.001232,4.800000,0.280000
-0.001230,4.800000,0.300000
-0.001228,4.800000,0.280000
-0.001226,4.800000,0.300000
-0.001224,4.800000,0.320000
-0.001222,4.800000,0.300000
-0.001220,4.800000,0.340000
-0.001218,4.800000,0.300000
-0.001216,4.800000,0.300000
-0.001214,4.800000,0.320000
-0.001212,4.800000,0.320000
-0.001210,4.800000,0.320000
-0.001208,4.800000,0.300000
-0.001206,4.800000,0.320000
-0.001204,4.800000,0.320000
-0.001202,4.800000,0.300000
-0.001200,4.800000,0.320000
-0.001198,4.800000,0.340000
-0.001196,4.800000,0.320000
-0.001194,4.800000,0.340000
-0.001192,4.800000,0.320000
-0.001190,4.800000,0.340000
-0.001188,4.800000,0.340000
-0.001186,4.800000,0.300000
-0.001184,4.800000,0.360000
-0.001182,4.800000,0.340000
-0.001180,4.800000,0.320000
-0.001178,4.800000,0.360000
-0.001176,4.800000,0.340000
-0.001174,4.800000,0.340000
-0.001172,4.880000,0.340000
-0.001170,4.800000,0.340000
-0.001168,4.800000,0.380000
-0.001166,4.720000,0.320000
-0.001164,4.800000,0.340000
-0.001162,4.800000,0.360000
-0.001160,4.800000,0.340000
-0.001158,4.800000,0.340000
-0.001156,4.800000,0.340000
-0.001154,4.800000,0.360000
-0.001152,4.800000,0.360000
-0.001150,4.800000,0.360000
-0.001148,4.800000,0.360000
-0.001146,4.800000,0.380000
-0.001144,4.800000,0.360000
-0.001142,4.800000,0.400000
-0.001140,4.800000,0.380000
-0.001138,4.800000,0.360000
-0.001136,4.800000,0.380000
-0.001134,4.800000,0.360000
-0.001132,4.800000,0.380000
-0.001130,4.800000,0.400000
-0.001128,4.800000,0.360000
-0.001126,4.800000,0.400000
-0.001124,4.800000,0.400000
-0.001122,4.800000,0.400000
-0.001120,4.800000,0.420000
-0.001118,4.800000,0.380000
-0.001116,4.800000,0.400000
-0.001114,4.800000,0.420000
-0.001112,4.800000,0.400000
-0.001110,4.800000,0.420000
-0.001108,4.800000,0.400000
-0.001106,4.800000,0.400000
-0.001104,4.800000,0.380000
-0.001102,4.800000,0.380000
-0.001100,4.800000,0.420000
-0.001098,4.800000,0.420000
-0.001096,4.800000,0.400000
-0.001094,4.800000,0.400000
-0.001092,4.800000,0.400000
-0.001090,4.800000,0.420000
-0.001088,4.800000,0.420000
-0.001086,4.800000,0.420000
-0.001084,4.800000,0.420000
-0.001082,4.800000,0.420000
-0.001080,4.800000,0.400000
-0.001078,4.800000,0.420000
-0.001076,4.800000,0.420000
-0.001074,4.800000,0.400000
-0.001072,4.800000,0.440000
-0.001070,4.800000,0.400000
-0.001068,4.800000,0.420000
-0.001066,4.800000,0.440000
-0.001064,4.800000,0.420000
-0.001062,4.800000,0.440000
-0.001060,4.800000,0.420000
-0.001058,4.800000,0.440000
-0.001056,4.800000,0.440000
-0.001054,4.800000,0.420000
-0.001052,4.800000,0.440000
-0.001050,4.800000,0.460000
-0.001048,4.800000,0.440000
-0.001046,4.800000,0.440000
-0.001044,4.800000,0.440000
-0.001042,4.800000,0.460000
-0.001040,4.880000,0.440000
-0.001038,4.800000,0.440000
-0.001036,4.800000,0.460000
-0.001034,4.800000,0.460000
-0.001032,4.800000,0.460000
-0.001030,4.800000,0.460000
-0.001028,4.800000,0.460000
-0.001026,4.800000,0.440000
-0.001024,4.800000,0.480000
-0.001022,4.800000,0.460000
-0.001020,4.800000,0.460000
-0.001018,4.800000,0.480000
-0.001016,4.800000,0.440000
-0.001014,4.800000,0.480000
-0.001012,4.800000,0.480000
-0.001010,4.800000,0.460000
-0.001008,4.880000,0.480000
-0.001006,4.880000,0.460000
-0.001004,4.800000,0.500000
-0.001002,4.800000,0.480000
-0.001000,-4.640000,0.380000
-0.000998,-4.640000,0.380000
-0.000996,-4.640000,0.360000
-0.000994,-4.720000,0.380000
-0.000992,-4.720000,0.340000
-0.000990,-4.720000,0.360000
-0.000988,-4.720000,0.360000
-0.000986,-4.720000,0.340000
-0.000984,-4.720000,0.340000
-0.000982,-4.720000,0.340000
-0.000980,-4.800000,0.340000
-0.000978,-4.720000,0.320000
-0.000976,-4.720000,0.340000
-0.000974,-4.720000,0.320000
-0.000972,-4.720000,0.340000
-0.000970,-4.800000,0.320000
-0.000968,-4.800000,0.320000
-0.000966,-4.800000,0.340000
-0.000964,-4.720000,0.320000
-0.000962,-4.800000,0.340000
-0.000960,-4.720000,0.320000
-0.000958,-4.800000,0.320000
-0.000956,-4.800000,0.320000
-0.000954,-4.720000,0.300000
-0.000952,-4.720000,0.320000
-0.000950,-4.800000,0.300000
-0.000948,-4.800000,0.320000
-0.000946,-4.800000,0.320000
-0.000944,-4.800000,0.300000
-0.000942,-4.800000,0.320000
-0.000940,-4.800000,0.300000
-0.000938,-4.720000,0.320000
-0.000936,-4.720000,0.300000
-0.000934,-4.800000,0.300000
-0.000932,-4.800000,0.280000
-0.000930,-4.800000,0.300000
-0.000928,-4.720000,0.280000
-0.000926,-4.720000,0.300000
-0.000924,-4.720000,0.260000
-0.000922,-4.720000,0.280000
-0.000920,-4.800000,0.300000
-0.000918,-4.720000,0.280000
-0.000916,-4.800000,0.280000
-0.000914,-4.800000,0.300000
-0.000912,-4.800000,0.260000
-0.000910,-4.800000,0.260000
-0.000908,-4.800000,0.280000
-0.000906,-4.800000,0.280000
-0.000904,-4.800000,0.280000
-0.000902,-4.800000,0.260000
-0.000900,-4.800000,0.280000
-0.000898,-4.800000,0.260000
-0.000896,-4.720000,0.260000
-0.000894,-4.800000,0.280000
-0.000892,-4.720000,0.240000
-0.000890,-4.800000,0.260000
-0.000888,-4.800000,0.260000
-0.000886,-4.800000,0.260000
-0.000884,-4.800000,0.240000
-0.000882,-4.720000,0.280000
-0.000880,-4.800000,0.240000
-0.000878,-4.800000,0.240000
-0.000876,-4.800000,0.260000
-0.000874,-4.800000,0.240000
-0.000872,-4.720000,0.240000
-0.000870,-4.800000,0.240000
-0.000868,-4.800000,0.240000
-0.000866,-4.800000,0.240000
-0.000864,-4.800000,0.220000
-0.000862,-4.800000,0.220000
-0.000860,-4.800000,0.240000
-0.000858,-4.800000,0.200000
-0.000856,-4.720000,0.240000
-0.000854,-4.720000,0.220000
-0.000852,-4.800000,0.220000
-0.000850,-4.800000,0.220000
-0.000848,-4.800000,0.200000
-0.000846,-4.800000,0.220000
-0.000844,-4.720000,0.200000
-0.000842,-4.800000,0.220000
-0.000840,-4.720000,0.220000
-0.000838,-4.720000,0.200000
-0.000836,-4.720000,0.220000
-0.000834,-4.720000,0.200000
-0.000832,-4.800000,0.200000
-0.000830,-4.800000,0.220000
-0.000828,-4.720000,0.200000
-0.000826,-4.720000,0.180000
-0.000824,-4.800000,0.200000
-0.000822,-4.800000,0.200000
-0.000820,-4.800000,0.220000
-0.000818,-4.800000,0.180000
-0.000816,-4.800000,0.200000
-0.000814,-4.800000,0.220000
-0.000812,-4.800000,0.180000
-0.000810,-4.720000,0.200000
-0.000808,-4.800000,0.200000
-0.000806,-4.720000,0.200000
-0.000804,-4.800000,0.200000
-0.000802,-4.720000,0.180000
-0.000800,-4.800000,0.160000
-0.000798,-4.800000,0.180000
-0.000796,-4.800000,0.180000
-0.000794,-4.800000,0.180000
-0.000792,-4.720000,0.160000
-0.000790,-4.800000,0.160000
-0.000788,-4.720000,0.160000
-0.000786,-4.720000,0.180000
-0.000784,-4.800000,0.160000
-0.000782,-4.720000,0.140000
-0.000780,-4.720000,0.140000
-0.000778,-4.720000,0.160000
-0.000776,-4.800000,0.140000
-0.000774,-4.800000,0.140000
-0.000772,-4.800000,0.160000
-0.000770,-4.800000,0.140000
-0.000768,-4.800000,0.160000
-0.000766,-4.800000,0.160000
-0.000764,-4.720000,0.140000
-0.000762,-4.800000,0.140000
-0.000760,-4.800000,0.140000
-0.000758,-4.720000,0.120000
-0.000756,-4.800000,0.140000
-0.000754,-4.800000,0.100000
-0.000752,-4.800000,0.140000
-0.000750,-4.800000,0.120000
-0.000748,-4.720000,0.120000
-0.000746,-4.720000,0.120000
-0.000744,-4.800000,0.120000
-0.000742,-4.720000,0.120000
-0.000740,-4.800000,0.120000
-0.000738,-4.720000,0.120000
-0.000736,-4.720000,0.120000
-0.000734,-4.800000,0.120000
-0.000732,-4.800000,0.120000
-0.000730,-4.720000,0.080000
-0.000728,-4.800000,0.100000
-0.000726,-4.800000,0.120000
-0.000724,-4.800000,0.120000
-0.000722,-4.720000,0.080000
-0.000720,-4.800000,0.120000
-0.000718,-4.720000,0.100000
-0.000716,-4.720000,0.120000
-0.000714,-4.800000,0.100000
-0.000712,-4.720000,0.100000
-0.000710,-4.800000,0.080000
-0.000708,-4.800000,0.100000
-0.000706,-4.720000,0.100000
-0.000704,-4.800000,0.120000
-0.000702,-4.800000,0.100000
-0.000700,-4.800000,0.100000
-0.000698,-4.720000,0.080000
-0.000696,-4.720000,0.100000
-0.000694,-4.800000,0.080000
-0.000692,-4.800000,0.100000
-0.000690,-4.800000,0.060000
-0.000688,-4.720000,0.060000
-0.000686,-4.800000,0.080000
-0.000684,-4.800000,0.060000
-0.000682,-4.800000,0.060000
-0.000680,-4.800000,0.060000
-0.000678,-4.800000,0.040000
-0.000676,-4.800000,0.060000
-0.000674,-4.800000,0.060000
-0.000672,-4.720000,0.060000
-0.000670,-4.800000,0.080000
-0.000668,-4.800000,0.040000
-0.000666,-4.800000,0.080000
-0.000664,-4.800000,0.060000
-0.000662,-4.800000,0.060000
-0.000660,-4.800000,0.040000
-0.000658,-4.800000,0.060000
-0.000656,-4.800000,0.020000
-0.000654,-4.800000,0.060000
-0.000652,-4.800000,0.060000
-0.000650,-4.720000,0.040000
-0.000648,-4.800000,0.060000
-0.000646,-4.800000,0.020000
-0.000644,-4.800000,0.040000
-0.000642,-4.800000,0.040000
-0.000640,-4.880000,0.020000
-0.000638,-4.800000,0.020000
-0.000636,-4.800000,0.020000
-0.000634,-4.720000,0.020000
-0.000632,-4.800000,0.020000
-0.000630,-4.800000,0.040000
-0.000628,-4.720000,0.020000
-0.000626,-4.800000,0.020000
-0.000624,-4.800000,0.020000
-0.000622,-4.720000,0.060000
-0.000620,-4.720000,0.020000
-0.000618,-4.800000,0.040000
-0.000616,-4.800000,0.020000
-0.000614,-4.800000,0.020000
-0.000612,-4.800000,0.020000
-0.000610,-4.800000,0.000000
-0.000608,-4.720000,0.020000
-0.000606,-4.800000,0.000000
-0.000604,-4.800000,0.000000
-0.000602,-4.800000,-0.020000
-0.000600,-4.800000,0.020000
-0.000598,-4.800000,-0.020000
-0.000596,-4.800000,0.020000
-0.000594,-4.800000,0.000000
-0.000592,-4.800000,0.000000
-0.000590,-4.800000,0.000000
-0.000588,-4.800000,-0.040000
-0.000586,-4.800000,-0.020000
-0.000584,-4.800000,-0.020000
-0.000582,-4.800000,0.000000
-0.000580,-4.800000,0.000000
-0.000578,-4.800000,-0.020000
-0.000576,-4.800000,-0.060000
-0.000574,-4.720000,0.000000
-0.000572,-4.800000,-0.040000
-0.000570,-4.800000,-0.020000
-0.000568,-4.800000,-0.040000
-0.000566,-4.800000,-0.040000
-0.000564,-4.800000,-0.020000
-0.000562,-4.800000,-0.060000
-0.000560,-4.800000,-0.040000
-0.000558,-4.800000,-0.060000
-0.000556,-4.800000,-0.060000
-0.000554,-4.800000,-0.040000
-0.000552,-4.800000,-0.040000
-0.000550,-4.800000,-0.060000
-0.000548,-4.720000,-0.040000
-0.000546,-4.800000,-0.060000
-0.000544,-4.800000,-0.040000
-0.000542,-4.800000,-0.060000
-0.000540,-4.800000,-0.060000
-0.000538,-4.800000,-0.040000
-0.000536,-4.800000,-0.060000
-0.000534,-4.800000,-0.060000
-0.000532,-4.800000,-0.060000
-0.000530,-4.800000,-0.080000
-0.000528,-4.720000,-0.040000
-0.000526,-4.800000,-0.060000
-0.000524,-4.800000,-0.080000
-0.000522,-4.800000,-0.060000
-0.000520,-4.800000,-0.060000
-0.000518,-4.800000,-0.060000
-0.000516,-4.800000,-0.080000
-0.000514,-4.800000,-0.060000
-0.000512,-4.800000,-0.080000
-0.000510,-4.800000,-0.100000
-0.000508,-4.800000,-0.060000
-0.000506,-4.720000,-0.100000
-0.000504,-4.800000,-0.120000
-0.000502,-4.800000,-0.080000
-0.000500,-4.800000,-0.100000
-0.000498,-4.800000,-0.080000
-0.000496,-4.800000,-0.100000
-0.000494,-4.800000,-0.100000
-0.000492,-4.800000,-0.100000
-0.000490,-4.800000,-0.080000
-0.000488,-4.800000,-0.120000
-0.000486,-4.800000,-0.080000
-0.000484,-4.800000,-0.100000
-0.000482,-4.800000,-0.100000
-0.000480,-4.800000,-0.140000
-0.000478,-4.720000,-0.100000
-0.000476,-4.800000,-0.100000
-0.000474,-4.800000,-0.140000
-0.000472,-4.800000,-0.120000
-0.000470,-4.800000,-0.140000
-0.000468,-4.800000,-0.120000
-0.000466,-4.800000,-0.120000
-0.000464,-4.800000,-0.140000
-0.000462,-4.800000,-0.120000
-0.000460,-4.800000,-0.120000
-0.000458,-4.800000,-0.140000
-0.000456,-4.800000,-0.100000
-0.000454,-4.800000,-0.120000
-0.000452,-4.800000,-0.120000
-0.000450,-4.800000,-0.120000
-0.000448,-4.800000,-0.140000
-0.000446,-4.800000,-0.120000
-0.000444,-4.800000,-0.140000
-0.000442,-4.800000,-0.140000
-0.000440,-4.800000,-0.160000
-0.000438,-4.720000,-0.160000
-0.000436,-4.800000,-0.160000
-0.000434,-4.800000,-0.140000
-0.000432,-4.800000,-0.160000
-0.000430,-4.800000,-0.140000
-0.000428,-4.800000,-0.160000
-0.000426,-4.800000,-0.140000
-0.000424,-4.800000,-0.160000
-0.000422,-4.800000,-0.180000
-0.000420,-4.800000,-0.140000
-0.000418,-4.800000,-0.160000
-0.000416,-4.720000,-0.160000
-0.000414,-4.800000,-0.160000
-0.000412,-4.800000,-0.160000
-0.000410,-4.800000,-0.160000
-0.000408,-4.800000,-0.160000
-0.000406,-4.720000,-0.160000
-0.000404,-4.800000,-0.180000
-0.000402,-4.800000,-0.180000
-0.000400,-4.800000,-0.180000
-0.000398,-4.800000,-0.160000
-0.000396,-4.800000,-0.180000
-0.000394,-4.800000,-0.180000
-0.000392,-4.800000,-0.200000
-0.000390,-4.800000,-0.180000
-0.000388,-4.800000,-0.180000
-0.000386,-4.800000,-0.200000
-0.000384,-4.800000,-0.240000
-0.000382,-4.800000,-0.160000
-0.000380,-4.720000,-0.200000
-0.000378,-4.800000,-0.220000
-0.000376,-4.800000,-0.200000
-0.000374,-4.800000,-0.180000
-0.000372,-4.800000,-0.180000
-0.000370,-4.800000,-0.200000
-0.000368,-4.800000,-0.200000
-0.000366,-4.800000,-0.200000
-0.000364,-4.800000,-0.180000
-0.000362,-4.800000,-0.200000
-0.000360,-4.800000,-0.220000
-0.000358,-4.800000,-0.220000
-0.000356,-4.800000,-0.200000
-0.000354,-4.800000,-0.220000
-0.000352,-4.800000,-0.240000
-0.000350,-4.800000,-0.220000
-0.000348,-4.800000,-0.220000
-0.000346,-4.800000,-0.220000
-0.000344,-4.800000,-0.220000
-0.000342,-4.800000,-0.200000
-0.000340,-4.800000,-0.200000
-0.000338,-4.800000,-0.240000
-0.000336,-4.720000,-0.240000
-0.000334,-4.800000,-0.220000
-0.000332,-4.800000,-0.240000
-0.000330,-4.800000,-0.240000
-0.000328,-4.880000,-0.220000
-0.000326,-4.800000,-0.240000
-0.000324,-4.800000,-0.220000
-0.000322,-4.800000,-0.260000
-0.000320,-4.800000,-0.240000
-0.000318,-4.800000,-0.240000
-0.000316,-4.800000,-0.240000
-0.000314,-4.800000,-0.240000
-0.000312,-4.800000,-0.240000
-0.000310,-4.800000,-0.220000
-0.000308,-4.800000,-0.260000
-0.000306,-4.800000,-0.260000
-0.000304,-4.800000,-0.260000
-0.000302,-4.800000,-0.280000
-0.000300,-4.800000,-0.260000
-0.000298,-4.800000,-0.260000
-0.000296,-4.800000,-0.280000
-0.000294,-4.800000,-0.240000
-0.000292,-4.800000,-0.260000
-0.000290,-4.800000,-0.280000
-0.000288,-4.800000,-0.260000
-0.000286,-4.800000,-0.260000
-0.000284,-4.800000,-0.280000
-0.000282,-4.800000,-0.280000
-0.000280,-4.800000,-0.280000
-0.000278,-4.800000,-0.260000
-0.000276,-4.720000,-0.280000
-0.000274,-4.800000,-0.260000
-0.000272,-4.800000,-0.300000
-0.000270,-4.800000,-0.280000
-0.000268,-4.800000,-0.300000
-0.000266,-4.800000,-0.300000
-0.000264,-4.800000,-0.280000
-0.000262,-4.800000,-0.280000
-0.000260,-4.800000,-0.300000
-0.000258,-4.800000,-0.280000
-0.000256,-4.800000,-0.300000
-0.000254,-4.800000,-0.280000
-0.000252,-4.800000,-0.300000
-0.000250,-4.800000,-0.300000
-0.000248,-4.800000,-0.300000
-0.000246,-4.800000,-0.300000
-0.000244,-4.800000,-0.300000
-0.000242,-4.800000,-0.300000
-0.000240,-4.800000,-0.320000
-0.000238,-4.800000,-0.340000
-0.000236,-4.800000,-0.300000
-0.000234,-4.800000,-0.300000
-0.000232,-4.800000,-0.300000
-0.000230,-4.800000,-0.300000
-0.000228,-4.800000,-0.360000
-0.000226,-4.800000,-0.320000
-0.000224,-4.800000,-0.340000
-0.000222,-4.800000,-0.320000
-0.000220,-4.800000,-0.320000
-0.000218,-4.800000,-0.360000
-0.000216,-4.800000,-0.340000
-0.000214,-4.800000,-0.340000
-0.000212,-4.800000,-0.360000
-0.000210,-4.800000,-0.340000
-0.000208,-4.800000,-0.360000
-0.000206,-4.800000,-0.340000
-0.000204,-4.800000,-0.340000
-0.000202,-4.800000,-0.360000
-0.000200,-4.800000,-0.340000
-0.000198,-4.800000,-0.340000
-0.000196,-4.800000,-0.340000
-0.000194,-4.800000,-0.360000
-0.000192,-4.800000,-0.360000
-0.000190,-4.800000,-0.360000
-0.000188,-4.880000,-0.360000
-0.000186,-4.800000,-0.360000
-0.000184,-4.800000,-0.360000
-0.000182,-4.800000,-0.360000
-0.000180,-4.800000,-0.360000
-0.000178,-4.800000,-0.360000
-0.000176,-4.800000,-0.380000
-0.000174,-4.800000,-0.360000
-0.000172,-4.800000,-0.360000
-0.000170,-4.800000,-0.360000
-0.000168,-4.800000,-0.340000
-0.000166,-4.800000,-0.360000
-0.000164,-4.800000,-0.380000
-0.000162,-4.800000,-0.360000
-0.000160,-4.800000,-0.380000
-0.000158,-4.800000,-0.360000
-0.000156,-4.800000,-0.380000
-0.000154,-4.800000,-0.380000
-0.000152,-4.800000,-0.360000
-0.000150,-4.800000,-0.400000
-0.000148,-4.720000,-0.380000
-0.000146,-4.800000,-0.380000
-0.000144,-4.800000,-0.420000
-0.000142,-4.800000,-0.380000
-0.000140,-4.800000,-0.380000
-0.000138,-4.800000,-0.420000
-0.000136,-4.800000,-0.400000
-0.000134,-4.800000,-0.420000
-0.000132,-4.800000,-0.400000
-0.000130,-4.800000,-0.400000
-0.000128,-4.800000,-0.420000
-0.000126,-4.800000,-0.400000
-0.000124,-4.800000,-0.380000
-0.000122,-4.800000,-0.420000
-0.000120,-4.800000,-0.400000
-0.000118,-4.800000,-0.420000
-0.000116,-4.800000,-0.420000
-0.000114,-4.800000,-0.380000
-0.000112,-4.800000,-0.440000
-0.000110,-4.800000,-0.400000
-0.000108,-4.800000,-0.440000
-0.000106,-4.800000,-0.420000
-0.000104,-4.800000,-0.400000
-0.000102,-4.800000,-0.420000
-0.000100,-4.800000,-0.420000
-0.000098,-4.800000,-0.420000
-0.000096,-4.800000,-0.420000
-0.000094,-4.800000,-0.420000
-0.000092,-4.800000,-0.440000
-0.000090,-4.800000,-0.420000
-0.000088,-4.800000,-0.440000
-0.000086,-4.800000,-0.440000
-0.000084,-4.800000,-0.420000
-0.000082,-4.800000,-0.460000
-0.000080,-4.800000,-0.420000
-0.000078,-4.800000,-0.420000
-0.000076,-4.800000,-0.480000
-0.000074,-4.800000,-0.440000
-0.000072,-4.800000,-0.460000
-0.000070,-4.880000,-0.440000
-0.000068,-4.800000,-0.440000
-0.000066,-4.800000,-0.440000
-0.000064,-4.800000,-0.440000
-0.000062,-4.800000,-0.460000
-0.000060,-4.800000,-0.440000
-0.000058,-4.800000,-0.460000
-0.000056,-4.800000,-0.500000
-0.000054,-4.800000,-0.440000
-0.000052,-4.800000,-0.480000
-0.000050,-4.800000,-0.440000
-0.000048,-4.800000,-0.460000
-0.000046,-4.800000,-0.480000
-0.000044,-4.800000,-0.440000
-0.000042,-4.800000,-0.460000
-0.000040,-4.800000,-0.480000
-0.000038,-4.720000,-0.460000
-0.000036,-4.880000,-0.480000
-0.000034,-4.800000,-0.480000
-0.000032,-4.800000,-0.460000
-0.000030,-4.800000,-0.500000
-0.000028,-4.800000,-0.480000
-0.000026,-4.800000,-0.480000
-0.000024,-4.800000,-0.500000
-0.000022,-4.800000,-0.500000
-0.000020,-4.800000,-0.520000
-0.000018,-4.800000,-0.500000
-0.000016,-4.800000,-0.480000
-0.000014,-4.800000,-0.520000
-0.000012,-4.800000,-0.480000
-0.000010,-4.800000,-0.520000
-0.000008,-4.800000,-0.500000
-0.000006,-4.800000,-0.480000
-0.000004,-4.800000,-0.520000
-0.000002,-4.800000,-0.480000
0.000000,4.640000,-0.380000
0.000002,4.720000,-0.380000
0.000004,4.720000,-0.380000
0.000006,4.720000,-0.380000
0.000008,4.720000,-0.360000
0.000010,4.720000,-0.400000
0.000012,4.720000,-0.360000
0.000014,4.800000,-0.360000
0.000016,4.720000,-0.360000
0.000018,4.800000,-0.360000
0.000020,4.800000,-0.360000
0.000022,4.800000,-0.380000
0.000024,4.800000,-0.360000
0.000026,4.720000,-0.360000
0.000028,4.800000,-0.360000
0.000030,4.800000,-0.340000
0.000032,4.800000,-0.400000
0.000034,4.800000,-0.340000
0.000036,4.800000,-0.340000
0.000038,4.720000,-0.360000
0.000040,4.800000,-0.340000
0.000042,4.800000,-0.360000
0.000044,4.800000,-0.360000
0.000046,4.800000,-0.340000
0.000048,4.800000,-0.360000
0.000050,4.720000,-0.340000
0.000052,4.800000,-0.360000
0.000054,4.800000,-0.340000
0.000056,4.800000,-0.340000
0.000058,4.800000,-0.320000
0.000060,4.800000,-0.320000
0.000062,4.800000,-0.340000
0.000064,4.720000,-0.340000
0.000066,4.800000,-0.300000
0.000068,4.800000,-0.360000
0.000070,4.800000,-0.300000
0.000072,4.800000,-0.320000
0.000074,4.800000,-0.320000
0.000076,4.800000,-0.300000
0.000078,4.800000,-0.300000
0.000080,4.800000,-0.320000
0.000082,4.800000,-0.300000
0.000084,4.800000,-0.300000
0.000086,4.720000,-0.300000
0.000088,4.800000,-0.280000
0.000090,4.800000,-0.300000
0.000092,4.800000,-0.260000
0.000094,4.800000,-0.300000
0.000096,4.800000,-0.280000
0.000098,4.800000,-0.300000
0.000100,4.800000,-0.280000
0.000102,4.800000,-0.280000
0.000104,4.800000,-0.300000
0.000106,4.800000,-0.280000
0.000108,4.800000,-0.280000
0.000110,4.800000,-0.280000
0.000112,4.800000,-0.260000
0.000114,4.800000,-0.260000
0.000116,4.800000,-0.280000
0.000118,4.720000,-0.240000
0.000120,4.800000,-0.260000
0.000122,4.800000,-0.260000
0.000124,4.800000,-0.240000
0.000126,4.800000,-0.280000
0.000128,4.800000,-0.260000
0.000130,4.800000,-0.260000
0.000132,4.800000,-0.240000
0.000134,4.800000,-0.240000
0.000136,4.800000,-0.240000
0.000138,4.800000,-0.240000
0.000140,4.800000,-0.260000
0.000142,4.800000,-0.240000
0.000144,4.800000,-0.240000
0.000146,4.800000,-0.240000
0.000148,4.800000,-0.240000
0.000150,4.800000,-0.240000
0.000152,4.800000,-0.240000
0.000154,4.800000,-0.220000
0.000156,4.800000,-0.240000
0.000158,4.800000,-0.220000
0.000160,4.720000,-0.220000
0.000162,4.800000,-0.220000
0.000164,4.800000,-0.200000
0.000166,4.800000,-0.240000
0.000168,4.800000,-0.220000
0.000170,4.800000,-0.240000
0.000172,4.800000,-0.220000
0.000174,4.800000,-0.240000
0.000176,4.800000,-0.220000
0.000178,4.800000,-0.200000
0.000180,4.800000,-0.220000
0.000182,4.800000,-0.220000
0.000184,4.800000,-0.200000
0.000186,4.800000,-0.220000
0.000188,4.800000,-0.220000
0.000190,4.720000,-0.200000
0.000192,4.800000,-0.200000
0.000194,4.800000,-0.200000
0.000196,4.800000,-0.200000
0.000198,4.800000,-0.200000
0.000200,4.800000,-0.200000
0.000202,4.800000,-0.200000
0.000204,4.800000,-0.200000
0.000206,4.800000,-0.180000
0.000208,4.800000,-0.200000
0.000210,4.800000,-0.200000
0.000212,4.800000,-0.160000
0.000214,4.800000,-0.180000
0.000216,4.800000,-0.160000
0.000218,4.800000,-0.200000
0.000220,4.800000,-0.180000
0.000222,4.800000,-0.180000
0.000224,4.800000,-0.180000
0.000226,4.800000,-0.160000
0.000228,4.800000,-0.140000
0.000230,4.800000,-0.180000
0.000232,4.800000,-0.140000
0.000234,4.800000,-0.160000
0.000236,4.800000,-0.180000
0.000238,4.800000,-0.140000
0.000240,4.800000,-0.180000
0.000242,4.800000,-0.160000
0.000244,4.800000,-0.140000
0.000246,4.800000,-0.160000
0.000248,4.800000,-0.140000
0.000250,4.800000,-0.160000
0.000252,4.800000,-0.140000
0.000254,4.800000,-0.120000
0.000256,4.800000,-0.120000
0.000258,4.800000,-0.120000
0.000260,4.800000,-0.160000
0.000262,4.800000,-0.140000
0.000264,4.800000,-0.140000
0.000266,4.800000,-0.140000
0.000268,4.800000,-0.140000
0.000270,4.800000,-0.140000
0.000272,4.800000,-0.140000
0.000274,4.800000,-0.120000
0.000276,4.800000,-0.120000
0.000278,4.800000,-0.140000
0.000280,4.800000,-0.120000
0.000282,4.800000,-0.120000
0.000284,4.720000,-0.100000
0.000286,4.800000,-0.100000
0.000288,4.800000,-0.120000
0.000290,4.800000,-0.080000
0.000292,4.800000,-0.120000
0.000294,4.800000,-0.120000
0.000296,4.800000,-0.120000
0.000298,4.800000,-0.100000
0.000300,4.800000,-0.100000
0.000302,4.800000,-0.120000
0.000304,4.800000,-0.100000
0.000306,4.800000,-0.080000
0.000308,4.800000,-0.120000
0.000310,4.800000,-0.100000
0.000312,4.800000,-0.080000
0.000314,4.800000,-0.100000
0.000316,4.800000,-0.080000
0.000318,4.800000,-0.080000
0.000320,4.800000,-0.100000
0.000322,4.800000,-0.080000
0.000324,4.800000,-0.120000
0.000326,4.800000,-0.080000
0.000328,4.800000,-0.080000
0.000330,4.800000,-0.100000
0.000332,4.800000,-0.080000
0.000334,4.800000,-0.080000
0.000336,4.800000,-0.060000
0.000338,4.800000,-0.060000
0.000340,4.800000,-0.080000
0.000342,4.800000,-0.080000
0.000344,4.800000,-0.040000
0.000346,4.800000,-0.080000
0.000348,4.800000,-0.060000
0.000350,4.800000,-0.080000
0.000352,4.800000,-0.060000
0.000354,4.800000,-0.040000
0.000356,4.800000,-0.060000
0.000358,4.800000,-0.060000
0.000360,4.800000,-0.040000
0.000362,4.800000,-0.060000
0.000364,4.800000,-0.040000
0.000366,4.800000,-0.060000
0.000368,4.800000,-0.060000
0.000370,4.800000,-0.020000
0.000372,4.800000,-0.040000
0.000374,4.800000,-0.040000
0.000376,4.800000,0.000000
0.000378,4.720000,-0.040000
0.000380,4.800000,-0.040000
0.000382,4.800000,-0.040000
0.000384,4.800000,-0.040000
0.000386,4.800000,-0.020000
0.000388,4.800000,-0.040000
0.000390,4.800000,-0.020000
0.000392,4.800000,-0.040000
0.000394,4.800000,-0.040000
0.000396,4.800000,0.000000
0.000398,4.800000,0.000000
0.000400,4.800000,-0.020000
0.000402,4.800000,0.000000
0.000404,4.800000,-0.040000
0.000406,4.800000,0.020000
0.000408,4.800000,0.020000
0.000410,4.800000,0.000000
0.000412,4.800000,0.020000
0.000414,4.800000,0.000000
0.000416,4.800000,0.020000
0.000418,4.800000,0.000000
0.000420,4.800000,-0.020000
0.000422,4.800000,0.000000
0.000424,4.800000,0.000000
0.000426,4.800000,0.000000
0.000428,4.800000,0.020000
0.000430,4.800000,0.000000
0.000432,4.800000,0.020000
0.000434,4.720000,0.020000
0.000436,4.800000,0.020000
0.000438,4.800000,0.020000
0.000440,4.800000,0.040000
0.000442,4.800000,0.040000
0.000444,4.800000,0.020000
0.000446,4.800000,0.020000
0.000448,4.800000,0.020000
0.000450,4.800000,0.040000
0.000452,4.800000,0.040000
0.000454,4.800000,0.040000
0.000456,4.800000,0.040000
0.000458,4.800000,0.040000
0.000460,4.800000,0.060000
0.000462,4.800000,0.040000
0.000464,4.800000,0.040000
0.000466,4.800000,0.060000
0.000468,4.800000,0.020000
0.000470,4.800000,0.040000
0.000472,4.880000,0.060000
0.000474,4.800000,0.040000
0.000476,4.800000,0.040000
0.000478,4.800000,0.040000
0.000480,4.800000,0.040000
0.000482,4.800000,0.080000
0.000484,4.800000,0.060000
0.000486,4.800000,0.060000
0.000488,4.800000,0.080000
0.000490,4.800000,0.060000
0.000492,4.800000,0.080000
0.000494,4.800000,0.080000
0.000496,4.800000,0.040000
0.000498,4.800000,0.080000
0.000500,4.800000,0.080000
0.000502,4.800000,0.080000
0.000504,4.800000,0.100000
0.000506,4.800000,0.060000
0.000508,4.800000,0.060000
0.000510,4.800000,0.080000
0.000512,4.800000,0.080000
0.000514,4.800000,0.080000
0.000516,4.800000,0.080000
0.000518,4.800000,0.060000
0.000520,4.800000,0.100000
0.000522,4.800000,0.080000
0.000524,4.800000,0.100000
0.000526,4.800000,0.120000
0.000528,4.800000,0.080000
0.000530,4.800000,0.080000
0.000532,4.800000,0.100000
0.000534,4.800000,0.080000
0.000536,4.800000,0.120000
0.000538,4.800000,0.080000
0.000540,4.800000,0.100000
0.000542,4.800000,0.120000
0.000544,4.800000,0.080000
0.000546,4.720000,0.100000
0.000548,4.800000,0.100000
0.000550,4.800000,0.100000
0.000552,4.800000,0.120000
0.000554,4.800000,0.100000
0.000556,4.800000,0.120000
0.000558,4.800000,0.140000
0.000560,4.800000,0.100000
0.000562,4.800000,0.120000
0.000564,4.800000,0.120000
0.000566,4.800000,0.120000
0.000568,4.800000,0.140000
0.000570,4.800000,0.120000
0.000572,4.800000,0.120000
0.000574,4.800000,0.140000
0.000576,4.800000,0.100000
0.000578,4.800000,0.140000
0.000580,4.720000,0.120000
0.000582,4.800000,0.140000
0.000584,4.800000,0.160000
0.000586,4.800000,0.140000
0.000588,4.800000,0.160000
0.000590,4.800000,0.140000
0.000592,4.800000,0.140000
0.000594,4.800000,0.160000
0.000596,4.800000,0.160000
0.000598,4.800000,0.140000
0.000600,4.800000,0.180000
0.000602,4.800000,0.160000
0.000604,4.800000,0.160000
0.000606,4.800000,0.160000
0.000608,4.800000,0.160000
0.000610,4.800000,0.160000
0.000612,4.800000,0.180000
0.000614,4.800000,0.160000
0.000616,4.800000,0.160000
0.000618,4.800000,0.180000
0.000620,4.800000,0.160000
0.000622,4.800000,0.180000
0.000624,4.800000,0.180000
0.000626,4.800000,0.180000
0.000628,4.800000,0.180000
0.000630,4.800000,0.160000
0.000632,4.800000,0.180000
0.000634,4.800000,0.200000
0.000636,4.800000,0.180000
0.000638,4.800000,0.200000
0.000640,4.800000,0.200000
0.000642,4.800000,0.200000
0.000644,4.800000,0.200000
0.000646,4.800000,0.180000
0.000648,4.800000,0.220000
0.000650,4.800000,0.200000
0.000652,4.800000,0.180000
0.000654,4.800000,0.200000
0.000656,4.800000,0.180000
0.000658,4.800000,0.180000
0.000660,4.800000,0.220000
0.000662,4.800000,0.200000
0.000664,4.800000,0.200000
0.000666,4.800000,0.220000
0.000668,4.800000,0.200000
0.000670,4.800000,0.220000
0.000672,4.800000,0.220000
0.000674,4.800000,0.220000
0.000676,4.800000,0.220000
0.000678,4.800000,0.220000
0.000680,4.800000,0.200000
0.000682,4.800000,0.220000
0.000684,4.800000,0.220000
0.000686,4.800000,0.220000
0.000688,4.800000,0.220000
0.000690,4.800000,0.220000
0.000692,4.800000,0.220000
0.000694,4.800000,0.220000
0.000696,4.800000,0.240000
0.000698,4.800000,0.240000
0.000700,4.800000,0.220000
0.000702,4.800000,0.260000
0.000704,4.800000,0.240000
0.000706,4.800000,0.240000
0.000708,4.800000,0.240000
0.000710,4.800000,0.240000
0.000712,4.800000,0.240000
0.000714,4.800000,0.280000
0.000716,4.800000,0.220000
0.000718,4.800000,0.240000
0.000720,4.800000,0.260000
0.000722,4.800000,0.240000
0.000724,4.800000,0.260000
0.000726,4.800000,0.240000
0.000728,4.800000,0.240000
0.000730,4.800000,0.300000
0.000732,4.800000,0.220000
0.000734,4.800000,0.260000
0.000736,4.800000,0.280000
0.000738,4.800000,0.260000
0.000740,4.800000,0.280000
0.000742,4.800000,0.260000
0.000744,4.800000,0.260000
0.000746,4.800000,0.300000
0.000748,4.800000,0.300000
0.000750,4.800000,0.280000
0.000752,4.800000,0.280000
0.000754,4.800000,0.240000
0.000756,4.800000,0.300000
0.000758,4.880000,0.260000
0.000760,4.800000,0.280000
0.000762,4.800000,0.320000
0.000764,4.800000,0.300000
0.000766,4.800000,0.300000
0.000768,4.800000,0.300000
0.000770,4.800000,0.260000
0.000772,4.800000,0.320000
0.000774,4.800000,0.320000
0.000776,4.800000,0.300000
0.000778,4.800000,0.320000
0.000780,4.800000,0.300000
0.000782,4.800000,0.320000
0.000784,4.800000,0.300000
0.000786,4.800000,0.320000
0.000788,4.800000,0.340000
0.000790,4.800000,0.300000
0.000792,4.800000,0.320000
0.000794,4.800000,0.340000
0.000796,4.800000,0.300000
0.000798,4.800000,0.340000
0.000800,4.800000,0.340000
0.000802,4.800000,0.320000
0.000804,4.800000,0.340000
0.000806,4.800000,0.320000
0.000808,4.800000,0.320000
0.000810,4.800000,0.360000
0.000812,4.800000,0.340000
0.000814,4.800000,0.340000
0.000816,4.800000,0.340000
0.000818,4.800000,0.320000
0.000820,4.800000,0.340000
0.000822,4.800000,0.360000
0.000824,4.800000,0.340000
0.000826,4.800000,0.360000
0.000828,4.800000,0.340000
0.000830,4.800000,0.340000
0.000832,4.800000,0.360000
0.000834,4.800000,0.340000
0.000836,4.800000,0.360000
0.000838,4.800000,0.360000
0.000840,4.800000,0.340000
0.000842,4.800000,0.360000
0.000844,4.800000,0.340000
0.000846,4.800000,0.380000
0.000848,4.880000,0.360000
0.000850,4.800000,0.360000
0.000852,4.800000,0.380000
0.000854,4.800000,0.360000
0.000856,4.800000,0.380000
0.000858,4.800000,0.400000
0.000860,4.800000,0.360000
0.000862,4.800000,0.400000
0.000864,4.800000,0.380000
0.000866,4.800000,0.360000
0.000868,4.800000,0.400000
0.000870,4.800000,0.380000
0.000872,4.800000,0.400000
0.000874,4.800000,0.380000
0.000876,4.800000,0.380000
0.000878,4.800000,0.420000
0.000880,4.800000,0.400000
0.000882,4.880000,0.380000
0.000884,4.800000,0.420000
0.000886,4.800000,0.400000
0.000888,4.800000,0.400000
0.000890,4.800000,0.400000
0.000892,4.800000,0.400000
0.000894,4.800000,0.420000
0.000896,4.800000,0.400000
0.000898,4.800000,0.400000
0.000900,4.800000,0.400000
0.000902,4.800000,0.400000
0.000904,4.800000,0.400000
0.000906,4.800000,0.400000
0.000908,4.800000,0.420000
0.000910,4.800000,0.400000
0.000912,4.800000,0.420000
0.000914,4.800000,0.440000
0.000916,4.800000,0.420000
0.000918,4.800000,0.400000
0.000920,4.800000,0.420000
0.000922,4.880000,0.420000
0.000924,4.800000,0.420000
0.000926,4.800000,0.420000
0.000928,4.880000,0.420000
0.000930,4.800000,0.440000
0.000932,4.800000,0.440000
0.000934,4.800000,0.420000
0.000936,4.800000,0.420000
0.000938,4.880000,0.420000
0.000940,4.800000,0.440000
0.000942,4.880000,0.440000
0.000944,4.800000,0.400000
0.000946,4.800000,0.440000
0.000948,4.800000,0.440000
0.000950,4.800000,0.460000
0.000952,4.800000,0.460000
0.000954,4.800000,0.420000
0.000956,4.800000,0.460000
0.000958,4.800000,0.440000
0.000960,4.800000,0.440000
0.000962,4.800000,0.440000
0.000964,4.800000,0.440000
0.000966,4.880000,0.460000
0.000968,4.800000,0.460000
0.000970,4.880000,0.460000
0.000972,4.800000,0.460000
0.000974,4.800000,0.440000
0.000976,4.800000,0.460000
0.000978,4.800000,0.480000
0.000980,4.800000,0.460000
0.000982,4.800000,0.480000
0.000984,4.800000,0.460000
0.000986,4.800000,0.460000
0.000988,4.800000,0.460000
0.000990,4.800000,0.480000
0.000992,4.880000,0.480000
0.000994,4.800000,0.460000
0.000996,4.800000,0.460000
0.000998,4.800000,0.480000
0.001000,-4.640000,0.340000
0.001002,-4.640000,0.380000
0.001004,-4.640000,0.340000
0.001006,-4.720000,0.340000
0.001008,-4.720000,0.360000
0.001010,-4.720000,0.340000
0.001012,-4.720000,0.360000
0.001014,-4.720000,0.360000
0.001016,-4.720000,0.360000
0.001018,-4.720000,0.380000
0.001020,-4.800000,0.320000
0.001022,-4.800000,0.340000
0.001024,-4.720000,0.340000
0.001026,-4.800000,0.320000
0.001028,-4.800000,0.340000
0.001030,-4.800000,0.320000
0.001032,-4.720000,0.340000
0.001034,-4.720000,0.340000
0.001036,-4.720000,0.340000
0.001038,-4.800000,0.340000
0.001040,-4.720000,0.340000
0.001042,-4.800000,0.320000
0.001044,-4.800000,0.340000
0.001046,-4.720000,0.300000
0.001048,-4.800000,0.320000
0.001050,-4.720000,0.320000
0.001052,-4.720000,0.300000
0.001054,-4.800000,0.320000
0.001056,-4.800000,0.300000
0.001058,-4.720000,0.320000
0.001060,-4.800000,0.320000
0.001062,-4.720000,0.300000
0.001064,-4.720000,0.320000
0.001066,-4.720000,0.320000
0.001068,-4.720000,0.280000
0.001070,-4.720000,0.300000
0.001072,-4.800000,0.280000
0.001074,-4.720000,0.280000
0.001076,-4.720000,0.320000
0.001078,-4.720000,0.280000
0.001080,-4.800000,0.300000
0.001082,-4.800000,0.260000
0.001084,-4.720000,0.280000
0.001086,-4.800000,0.300000
0.001088,-4.720000,0.280000
0.001090,-4.800000,0.280000
0.001092,-4.800000,0.280000
0.001094,-4.800000,0.260000
0.001096,-4.800000,0.300000
0.001098,-4.720000,0.280000
0.001100,-4.800000,0.260000
0.001102,-4.800000,0.280000
0.001104,-4.800000,0.260000
0.001106,-4.800000,0.260000
0.001108,-4.800000,0.240000
0.001110,-4.720000,0.240000
0.001112,-4.800000,0.280000
0.001114,-4.800000,0.260000
0.001116,-4.720000,0.240000
0.001118,-4.720000,0.240000
0.001120,-4.800000,0.220000
0.001122,-4.800000,0.240000
0.001124,-4.800000,0.240000
0.001126,-4.800000,0.240000
0.001128,-4.720000,0.260000
0.001130,-4.800000,0.240000
0.001132,-4.800000,0.220000
0.001134,-4.800000,0.240000
0.001136,-4.720000,0.240000
0.001138,-4.800000,0.240000
0.001140,-4.800000,0.240000
0.001142,-4.800000,0.220000
0.001144,-4.720000,0.220000
0.001146,-4.800000,0.220000
0.001148,-4.800000,0.220000
0.001150,-4.800000,0.240000
0.001152,-4.800000,0.220000
0.001154,-4.720000,0.220000
0.001156,-4.800000,0.220000
0.001158,-4.800000,0.200000
0.001160,-4.800000,0.200000
0.001162,-4.720000,0.200000
0.001164,-4.720000,0.220000
0.001166,-4.720000,0.200000
0.001168,-4.800000,0.200000
0.001170,-4.720000,0.200000
0.001172,-4.720000,0.220000
0.001174,-4.800000,0.200000
0.001176,-4.720000,0.220000
0.001178,-4.720000,0.200000
0.001180,-4.720000,0.160000
0.001182,-4.800000,0.200000
0.001184,-4.800000,0.200000
0.001186,-4.800000,0.180000
0.001188,-4.720000,0.200000
0.001190,-4.720000,0.160000
0.001192,-4.800000,0.180000
0.001194,-4.720000,0.160000
0.001196,-4.800000,0.160000
0.001198,-4.800000,0.200000
0.001200,-4.800000,0.180000
0.001202,-4.800000,0.200000
0.001204,-4.720000,0.160000
0.001206,-4.800000,0.160000
0.001208,-4.800000,0.180000
0.001210,-4.720000,0.160000
0.001212,-4.800000,0.180000
0.001214,-4.800000,0.160000
0.001216,-4.800000,0.160000
0.001218,-4.800000,0.160000
0.001220,-4.800000,0.160000
0.001222,-4.800000,0.160000
0.001224,-4.800000,0.160000
0.001226,-4.800000,0.140000
0.001228,-4.800000,0.160000
0.001230,-4.800000,0.160000
0.001232,-4.800000,0.140000
0.001234,-4.800000,0.160000
0.001236,-4.720000,0.140000
0.001238,-4.800000,0.140000
0.001240,-4.800000,0.140000
0.001242,-4.800000,0.140000
0.001244,-4.800000,0.120000
0.001246,-4.800000,0.140000
0.001248,-4.800000,0.140000
0.001250,-4.800000,0.140000
0.001252,-4.800000,0.120000
0.001254,-4.800000,0.120000
0.001256,-4.800000,0.120000
0.001258,-4.800000,0.120000
0.001260,-4.720000,0.140000
0.001262,-4.800000,0.120000
0.001264,-4.800000,0.120000
0.001266,-4.720000,0.140000
0.001268,-4.800000,0.100000
0.001270,-4.800000,0.140000
0.001272,-4.800000,0.100000
0.001274,-4.800000,0.120000
0.001276,-4.800000,0.100000
0.001278,-4.800000,0.100000
0.001280,-4.800000,0.080000
0.001282,-4.800000,0.100000
0.001284,-4.800000,0.080000
0.001286,-4.800000,0.100000
0.001288,-4.720000,0.120000
0.001290,-4.800000,0.080000
0.001292,-4.800000,0.080000
0.001294,-4.720000,0.080000
0.001296,-4.800000,0.100000
0.001298,-4.800000,0.100000
0.001300,-4.800000,0.100000
0.001302,-4.800000,0.080000
0.001304,-4.800000,0.100000
0.001306,-4.800000,0.060000
0.001308,-4.800000,0.060000
0.001310,-4.800000,0.080000
0.001312,-4.800000,0.060000
0.001314,-4.720000,0.100000
0.001316,-4.800000,0.040000
0.001318,-4.800000,0.060000
0.001320,-4.800000,0.080000
0.001322,-4.720000,0.040000
0.001324,-4.800000,0.060000
0.001326,-4.800000,0.040000
0.001328,-4.800000,0.060000
0.001330,-4.800000,0.060000
0.001332,-4.800000,0.040000
0.001334,-4.720000,0.060000
0.001336,-4.800000,0.080000
0.001338,-4.800000,0.060000
0.001340,-4.880000,0.040000
0.001342,-4.800000,0.080000
0.001344,-4.720000,0.040000
0.001346,-4.800000,0.060000
0.001348,-4.800000,0.080000
0.001350,-4.800000,0.040000
0.001352,-4.800000,0.060000
0.001354,-4.800000,0.020000
0.001356,-4.800000,0.040000
0.001358,-4.800000,0.020000
0.001360,-4.800000,0.040000
0.001362,-4.720000,0.020000
0.001364,-4.800000,0.040000
0.001366,-4.800000,0.000000
0.001368,-4.800000,0.020000
0.001370,-4.720000,0.020000
0.001372,-4.800000,0.020000
0.001374,-4.800000,0.040000
0.001376,-4.800000,-0.020000
0.001378,-4.800000,0.020000
0.001380,-4.720000,0.020000
0.001382,-4.800000,0.020000
0.001384,-4.720000,0.020000
0.001386,-4.800000,0.020000
0.001388,-4.720000,0.000000
0.001390,-4.800000,0.020000
0.001392,-4.800000,0.000000
0.001394,-4.720000,0.000000
0.001396,-4.800000,0.020000
0.001398,-4.800000,0.000000
0.001400,-4.800000,0.000000
0.001402,-4.720000,-0.020000
0.001404,-4.800000,0.000000
0.001406,-4.800000,0.020000
0.001408,-4.720000,0.000000
0.001410,-4.800000,0.000000
0.001412,-4.720000,0.000000
0.001414,-4.720000,0.000000
0.001416,-4.800000,0.020000
0.001418,-4.800000,-0.020000
0.001420,-4.800000,-0.020000
0.001422,-4.800000,0.000000
0.001424,-4.800000,-0.040000
0.001426,-4.800000,0.000000
0.001428,-4.800000,-0.040000
0.001430,-4.800000,0.000000
0.001432,-4.800000,-0.020000
0.001434,-4.800000,-0.040000
0.001436,-4.800000,-0.040000
0.001438,-4.800000,-0.020000
0.001440,-4.800000,-0.040000
0.001442,-4.800000,-0.020000
0.001444,-4.800000,-0.020000
0.001446,-4.800000,-0.040000
0.001448,-4.800000,-0.020000
0.001450,-4.800000,-0.040000
0.001452,-4.800000,-0.060000
0.001454,-4.880000,-0.040000
0.001456,-4.800000,-0.060000
0.001458,-4.800000,-0.040000
0.001460,-4.800000,-0.060000
0.001462,-4.800000,-0.040000
0.001464,-4.800000,-0.060000
0.001466,-4.800000,-0.060000
0.001468,-4.800000,-0.040000
0.001470,-4.800000,-0.060000
0.001472,-4.800000,-0.080000
0.001474,-4.800000,-0.060000
0.001476,-4.800000,-0.100000
0.001478,-4.800000,-0.060000
0.001480,-4.800000,-0.080000
0.001482,-4.800000,-0.100000
0.001484,-4.800000,-0.060000
0.001486,-4.800000,-0.080000
0.001488,-4.800000,-0.080000
0.001490,-4.720000,-0.060000
0.001492,-4.800000,-0.080000
0.001494,-4.800000,-0.080000
0.001496,-4.800000,-0.080000
0.001498,-4.800000,-0.080000
0.001500,-4.800000,-0.080000
0.001502,-4.800000,-0.100000
0.001504,-4.800000,-0.100000
0.001506,-4.800000,-0.080000
0.001508,-4.800000,-0.080000
0.001510,-4.800000,-0.080000
0.001512,-4.800000,-0.100000
0.001514,-4.800000,-0.100000
0.001516,-4.800000,-0.100000
0.001518,-4.800000,-0.080000
0.001520,-4.800000,-0.140000
0.001522,-4.800000,-0.100000
0.001524,-4.800000,-0.100000
0.001526,-4.880000,-0.100000
0.001528,-4.800000,-0.100000
0.001530,-4.800000,-0.120000
0.001532,-4.800000,-0.100000
0.001534,-4.800000,-0.140000
0.001536,-4.800000,-0.120000
0.001538,-4.800000,-0.120000
0.001540,-4.720000,-0.160000
0.001542,-4.800000,-0.120000
0.001544,-4.800000,-0.120000
0.001546,-4.800000,-0.140000
0.001548,-4.800000,-0.120000
0.001550,-4.800000,-0.140000
0.001552,-4.800000,-0.120000
0.001554,-4.800000,-0.120000
0.001556,-4.800000,-0.160000
0.001558,-4.800000,-0.160000
0.001560,-4.800000,-0.120000
0.001562,-4.720000,-0.140000
0.001564,-4.800000,-0.120000
0.001566,-4.800000,-0.140000
0.001568,-4.800000,-0.160000
0.001570,-4.800000,-0.140000
0.001572,-4.720000,-0.160000
0.001574,-4.800000,-0.140000
0.001576,-4.800000,-0.160000
0.001578,-4.800000,-0.160000
0.001580,-4.800000,-0.140000
0.001582,-4.800000,-0.160000
0.001584,-4.800000,-0.140000
0.001586,-4.800000,-0.160000
0.001588,-4.800000,-0.180000
0.001590,-4.800000,-0.180000
0.001592,-4.800000,-0.180000
0.001594,-4.800000,-0.180000
0.001596,-4.720000,-0.160000
0.001598,-4.800000,-0.180000
0.001600,-4.800000,-0.180000
0.001602,-4.800000,-0.180000
0.001604,-4.800000,-0.180000
0.001606,-4.800000,-0.180000
0.001608,-4.800000,-0.200000
0.001610,-4.800000,-0.200000
0.001612,-4.800000,-0.160000
0.001614,-4.800000,-0.200000
0.001616,-4.800000,-0.180000
0.001618,-4.800000,-0.180000
0.001620,-4.800000,-0.200000
0.001622,-4.800000,-0.200000
0.001624,-4.800000,-0.220000
0.001626,-4.800000,-0.180000
0.001628,-4.800000,-0.200000
0.001630,-4.800000,-0.220000
0.001632,-4.800000,-0.200000
0.001634,-4.800000,-0.200000
0.001636,-4.800000,-0.200000
0.001638,-4.800000,-0.220000
0.001640,-4.800000,-0.240000
0.001642,-4.800000,-0.220000
0.001644,-4.800000,-0.200000
0.001646,-4.800000,-0.240000
0.001648,-4.800000,-0.200000
0.001650,-4.800000,-0.220000
0.001652,-4.800000,-0.240000
0.001654,-4.800000,-0.200000
0.001656,-4.800000,-0.240000
0.001658,-4.800000,-0.240000
0.001660,-4.800000,-0.220000
0.001662,-4.800000,-0.240000
0.001664,-4.800000,-0.220000
0.001666,-4.800000,-0.240000
0.001668,-4.800000,-0.240000
0.001670,-4.800000,-0.240000
0.001672,-4.800000,-0.240000
0.001674,-4.800000,-0.240000
0.001676,-4.720000,-0.240000
0.001678,-4.800000,-0.240000
0.001680,-4.800000,-0.220000
0.001682,-4.800000,-0.260000
0.001684,-4.800000,-0.240000
0.001686,-4.800000,-0.240000
0.001688,-4.800000,-0.240000
0.001690,-4.800000,-0.240000
0.001692,-4.800000,-0.240000
0.001694,-4.800000,-0.260000
0.001696,-4.800000,-0.260000
0.001698,-4.800000,-0.280000
0.001700,-4.800000,-0.240000
0.001702,-4.800000,-0.280000
0.001704,-4.800000,-0.260000
0.001706,-4.800000,-0.260000
0.001708,-4.800000,-0.280000
0.001710,-4.800000,-0.280000
0.001712,-4.800000,-0.260000
0.001714,-4.800000,-0.280000
0.001716,-4.800000,-0.260000
0.001718,-4.800000,-0.260000
0.001720,-4.800000,-0.260000
0.001722,-4.800000,-0.280000
0.001724,-4.800000,-0.280000
0.001726,-4.800000,-0.280000
0.001728,-4.800000,-0.280000
0.001730,-4.800000,-0.280000
0.001732,-4.800000,-0.280000
0.001734,-4.800000,-0.280000
0.001736,-4.800000,-0.300000
0.001738,-4.800000,-0.300000
0.001740,-4.800000,-0.280000
0.001742,-4.800000,-0.300000
0.001744,-4.800000,-0.300000
0.001746,-4.800000,-0.340000
0.001748,-4.800000,-0.300000
0.001750,-4.880000,-0.300000
0.001752,-4.800000,-0.300000
0.001754,-4.800000,-0.300000
0.001756,-4.800000,-0.320000
0.001758,-4.800000,-0.300000
0.001760,-4.800000,-0.300000
0.001762,-4.800000,-0.320000
0.001764,-4.800000,-0.280000
0.001766,-4.800000,-0.320000
0.001768,-4.800000,-0.300000
0.001770,-4.800000,-0.300000
0.001772,-4.800000,-0.340000
0.001774,-4.800000,-0.340000
0.001776,-4.800000,-0.300000
0.001778,-4.800000,-0.340000
0.001780,-4.800000,-0.300000
0.001782,-4.800000,-0.340000
0.001784,-4.800000,-0.340000
0.001786,-4.800000,-0.300000
0.001788,-4.800000,-0.320000
0.001790,-4.800000,-0.340000
0.001792,-4.800000,-0.340000
0.001794,-4.800000,-0.340000
0.001796,-4.800000,-0.360000
0.001798,-4.800000,-0.360000
0.001800,-4.800000,-0.340000
0.001802,-4.800000,-0.360000
0.001804,-4.800000,-0.360000
0.001806,-4.800000,-0.360000
0.001808,-4.800000,-0.340000
0.001810,-4.800000,-0.380000
0.001812,-4.800000,-0.360000
0.001814,-4.800000,-0.360000
0.001816,-4.800000,-0.360000
0.001818,-4.800000,-0.360000
0.001820,-4.800000,-0.360000
0.001822,-4.800000,-0.360000
0.001824,-4.800000,-0.380000
0.001826,-4.800000,-0.380000
0.001828,-4.720000,-0.360000
0.001830,-4.800000,-0.360000
0.001832,-4.800000,-0.380000
0.001834,-4.800000,-0.360000
0.001836,-4.800000,-0.400000
0.001838,-4.800000,-0.360000
0.001840,-4.800000,-0.360000
0.001842,-4.800000,-0.380000
0.001844,-4.800000,-0.380000
0.001846,-4.800000,-0.380000
0.001848,-4.800000,-0.380000
0.001850,-4.800000,-0.360000
0.001852,-4.800000,-0.400000
0.001854,-4.800000,-0.380000
0.001856,-4.800000,-0.380000
0.001858,-4.800000,-0.400000
0.001860,-4.800000,-0.380000
0.001862,-4.800000,-0.380000
0.001864,-4.800000,-0.380000
0.001866,-4.800000,-0.380000
0.001868,-4.800000,-0.400000
0.001870,-4.800000,-0.420000
0.001872,-4.800000,-0.400000
0.001874,-4.800000,-0.420000
0.001876,-4.800000,-0.440000
0.001878,-4.800000,-0.400000
0.001880,-4.800000,-0.400000
0.001882,-4.800000,-0.420000
0.001884,-4.800000,-0.420000
0.001886,-4.800000,-0.420000
0.001888,-4.800000,-0.420000
0.001890,-4.800000,-0.440000
0.001892,-4.800000,-0.420000
0.001894,-4.800000,-0.440000
0.001896,-4.800000,-0.440000
0.001898,-4.800000,-0.420000
0.001900,-4.800000,-0.440000
0.001902,-4.800000,-0.440000
0.001904,-4.800000,-0.420000
0.001906,-4.800000,-0.400000
0.001908,-4.800000,-0.420000
0.001910,-4.800000,-0.420000
0.001912,-4.800000,-0.420000
0.001914,-4.800000,-0.420000
0.001916,-4.800000,-0.440000
0.001918,-4.800000,-0.440000
0.001920,-4.800000,-0.440000
0.001922,-4.800000,-0.460000
0.001924,-4.800000,-0.440000
0.001926,-4.800000,-0.400000
0.001928,-4.800000,-0.440000
0.001930,-4.800000,-0.440000
0.001932,-4.800000,-0.420000
0.001934,-4.800000,-0.440000
0.001936,-4.800000,-0.440000
0.001938,-4.800000,-0.440000
0.001940,-4.800000,-0.440000
0.001942,-4.800000,-0.460000
0.001944,-4.800000,-0.500000
0.001946,-4.800000,-0.440000
0.001948,-4.800000,-0.460000
0.001950,-4.800000,-0.500000
0.001952,-4.800000,-0.460000
0.001954,-4.800000,-0.460000
0.001956,-4.800000,-0.480000
0.001958,-4.800000,-0.460000
0.001960,-4.800000,-0.480000
0.001962,-4.800000,-0.460000
0.001964,-4.800000,-0.460000
0.001966,-4.800000,-0.480000
0.001968,-4.800000,-0.460000
0.001970,-4.800000,-0.480000
0.001972,-4.800000,-0.520000
0.001974,-4.800000,-0.460000
0.001976,-4.800000,-0.480000
0.001978,-4.800000,-0.500000
0.001980,-4.800000,-0.460000
0.001982,-4.800000,-0.480000
0.001984,-4.800000,-0.500000
0.001986,-4.800000,-0.480000
0.001988,-4.800000,-0.500000
0.001990,-4.800000,-0.480000
0.001992,-4.800000,-0.480000
0.001994,-4.880000,-0.500000
0.001996,-4.800000,-0.480000
0.001998,-4.800000,-0.500000
0.002000,4.640000,-0.380000
0.002002,4.720000,-0.360000
0.002004,4.720000,-0.360000
0.002006,4.720000,-0.380000
0.002008,4.800000,-0.380000
0.002010,4.720000,-0.380000
0.002012,4.720000,-0.360000
0.002014,4.720000,-0.360000
0.002016,4.720000,-0.360000
0.002018,4.720000,-0.340000
0.002020,4.800000,-0.380000
0.002022,4.720000,-0.360000
0.002024,4.800000,-0.340000
0.002026,4.720000,-0.360000
0.002028,4.720000,-0.360000
0.002030,4.800000,-0.340000
0.002032,4.800000,-0.360000
0.002034,4.800000,-0.360000
0.002036,4.800000,-0.360000
0.002038,4.800000,-0.360000
0.002040,4.720000,-0.360000
0.002042,4.800000,-0.360000
0.002044,4.800000,-0.340000
0.002046,4.800000,-0.340000
0.002048,4.800000,-0.340000
0.002050,4.720000,-0.320000
0.002052,4.800000,-0.360000
0.002054,4.800000,-0.360000
0.002056,4.720000,-0.340000
0.002058,4.800000,-0.300000
0.002060,4.800000,-0.320000
0.002062,4.800000,-0.320000
0.002064,4.800000,-0.340000
0.002066,4.800000,-0.300000
0.002068,4.720000,-0.300000
0.002070,4.800000,-0.320000
0.002072,4.800000,-0.300000
0.002074,4.800000,-0.300000
0.002076,4.720000,-0.340000
0.002078,4.800000,-0.300000
0.002080,4.800000,-0.300000
0.002082,4.800000,-0.340000
0.002084,4.800000,-0.280000
0.002086,4.800000,-0.300000
0.002088,4.800000,-0.300000
0.002090,4.800000,-0.300000
0.002092,4.720000,-0.300000
0.002094,4.800000,-0.300000
0.002096,4.800000,-0.280000
0.002098,4.800000,-0.300000
0.002100,4.720000,-0.300000
0.002102,4.800000,-0.280000
0.002104,4.800000,-0.300000
0.002106,4.800000,-0.280000
0.002108,4.800000,-0.300000
0.002110,4.800000,-0.260000
0.002112,4.800000,-0.280000
0.002114,4.800000,-0.300000
0.002116,4.720000,-0.260000
0.002118,4.800000,-0.260000
0.002120,4.800000,-0.280000
0.002122,4.800000,-0.240000
0.002124,4.800000,-0.260000
0.002126,4.800000,-0.240000
0.002128,4.800000,-0.240000
0.002130,4.800000,-0.240000
0.002132,4.800000,-0.260000
0.002134,4.800000,-0.220000
0.002136,4.800000,-0.240000
0.002138,4.800000,-0.260000
0.002140,4.800000,-0.240000
0.002142,4.800000,-0.240000
0.002144,4.800000,-0.240000
0.002146,4.800000,-0.240000
0.002148,4.800000,-0.220000
0.002150,4.800000,-0.220000
0.002152,4.800000,-0.240000
0.002154,4.800000,-0.220000
0.002156,4.800000,-0.220000
0.002158,4.800000,-0.240000
0.002160,4.800000,-0.200000
0.002162,4.800000,-0.240000
0.002164,4.800000,-0.220000
0.002166,4.800000,-0.200000
0.002168,4.800000,-0.220000
0.002170,4.800000,-0.240000
0.002172,4.800000,-0.240000
0.002174,4.800000,-0.240000
0.002176,4.800000,-0.200000
0.002178,4.800000,-0.220000
0.002180,4.800000,-0.240000
0.002182,4.800000,-0.200000
0.002184,4.800000,-0.220000
0.002186,4.800000,-0.180000
0.002188,4.800000,-0.200000
0.002190,4.800000,-0.220000
0.002192,4.800000,-0.220000
0.002194,4.800000,-0.220000
0.002196,4.800000,-0.220000
0.002198,4.720000,-0.180000
0.002200,4.800000,-0.200000
0.002202,4.800000,-0.220000
0.002204,4.800000,-0.180000
0.002206,4.800000,-0.180000
0.002208,4.800000,-0.180000
0.002210,4.720000,-0.180000
0.002212,4.720000,-0.200000
0.002214,4.800000,-0.160000
0.002216,4.800000,-0.180000
0.002218,4.800000,-0.180000
0.002220,4.800000,-0.140000
0.002222,4.800000,-0.160000
0.002224,4.800000,-0.180000
0.002226,4.800000,-0.180000
0.002228,4.800000,-0.160000
0.002230,4.800000,-0.160000
0.002232,4.720000,-0.160000
0.002234,4.800000,-0.160000
0.002236,4.800000,-0.160000
0.002238,4.800000,-0.180000
0.002240,4.800000,-0.160000
0.002242,4.800000,-0.160000
0.002244,4.800000,-0.180000
0.002246,4.800000,-0.140000
0.002248,4.720000,-0.160000
0.002250,4.800000,-0.140000
0.002252,4.800000,-0.120000
0.002254,4.800000,-0.160000
0.002256,4.720000,-0.140000
0.002258,4.720000,-0.140000
0.002260,4.800000,-0.140000
0.002262,4.720000,-0.120000
0.002264,4.800000,-0.140000
0.002266,4.800000,-0.120000
0.002268,4.800000,-0.140000
0.002270,4.800000,-0.120000
0.002272,4.800000,-0.120000
0.002274,4.800000,-0.120000
0.002276,4.800000,-0.140000
0.002278,4.800000,-0.120000
0.002280,4.800000,-0.140000
0.002282,4.800000,-0.120000
0.002284,4.800000,-0.100000
0.002286,4.800000,-0.140000
0.002288,4.800000,-0.120000
0.002290,4.800000,-0.120000
0.002292,4.800000,-0.120000
0.002294,4.800000,-0.100000
0.002296,4.800000,-0.120000
0.002298,4.800000,-0.120000
0.002300,4.800000,-0.100000
0.002302,4.800000,-0.140000
0.002304,4.800000,-0.100000
0.002306,4.800000,-0.100000
0.002308,4.800000,-0.100000
0.002310,4.800000,-0.080000
0.002312,4.800000,-0.100000
0.002314,4.800000,-0.080000
0.002316,4.800000,-0.080000
0.002318,4.800000,-0.080000
0.002320,4.800000,-0.080000
0.002322,4.800000,-0.100000
0.002324,4.800000,-0.080000
0.002326,4.800000,-0.100000
0.002328,4.800000,-0.080000
0.002330,4.800000,-0.080000
0.002332,4.800000,-0.080000
0.002334,4.800000,-0.080000
0.002336,4.800000,-0.060000
0.002338,4.800000,-0.060000
0.002340,4.720000,-0.060000
0.002342,4.800000,-0.060000
0.002344,4.800000,-0.100000
0.002346,4.800000,-0.040000
0.002348,4.800000,-0.040000
0.002350,4.800000,-0.040000
0.002352,4.800000,-0.040000
0.002354,4.800000,-0.040000
0.002356,4.800000,-0.040000
0.002358,4.800000,-0.040000
0.002360,4.800000,-0.020000
0.002362,4.800000,-0.020000
0.002364,4.800000,-0.040000
0.002366,4.800000,-0.040000
0.002368,4.800000,-0.040000
0.002370,4.800000,-0.060000
0.002372,4.800000,-0.020000
0.002374,4.800000,-0.060000
0.002376,4.800000,-0.040000
0.002378,4.800000,0.000000
0.002380,4.800000,-0.040000
0.002382,4.800000,-0.020000
0.002384,4.800000,-0.020000
0.002386,4.800000,-0.020000
0.002388,4.800000,0.000000
0.002390,4.800000,-0.020000
0.002392,4.800000,0.000000
0.002394,4.800000,0.020000
0.002396,4.720000,-0.020000
0.002398,4.800000,0.000000
0.002400,4.800000,0.000000
0.002402,4.800000,-0.020000
0.002404,4.800000,0.000000
0.002406,4.800000,0.000000
0.002408,4.800000,0.000000
0.002410,4.800000,0.000000
0.002412,4.800000,0.000000
0.002414,4.800000,0.020000
0.002416,4.800000,0.000000
0.002418,4.800000,0.020000
0.002420,4.800000,0.020000
0.002422,4.800000,0.000000
0.002424,4.800000,0.020000
0.002426,4.800000,0.020000
0.002428,4.800000,0.000000
0.002430,4.800000,0.000000
0.002432,4.800000,0.000000
0.002434,4.800000,0.040000
0.002436,4.800000,0.020000
0.002438,4.800000,0.040000
0.002440,4.800000,0.040000
0.002442,4.800000,0.020000
0.002444,4.800000,0.020000
0.002446,4.800000,0.020000
0.002448,4.800000,0.040000
0.002450,4.800000,0.040000
0.002452,4.800000,0.040000
0.002454,4.800000,0.020000
0.002456,4.800000,0.020000
0.002458,4.800000,0.020000
0.002460,4.800000,0.060000
0.002462,4.800000,0.040000
0.002464,4.800000,0.040000
0.002466,4.720000,0.040000
0.002468,4.800000,0.040000
0.002470,4.720000,0.060000
0.002472,4.800000,0.040000
0.002474,4.800000,0.060000
0.002476,4.800000,0.060000
0.002478,4.800000,0.060000
0.002480,4.800000,0.060000
0.002482,4.800000,0.040000
0.002484,4.800000,0.060000
0.002486,4.800000,0.080000
0.002488,4.800000,0.040000
0.002490,4.800000,0.080000
0.002492,4.800000,0.080000
0.002494,4.800000,0.080000
0.002496,4.800000,0.060000
0.002498,4.800000,0.060000
