0.003000,-0.344000,-0.200000
0.003004,-0.336000,-0.192000
0.003008,-0.336000,-0.192000
0.003012,-0.336000,-0.192000
0.003016,-0.336000,-0.184000
0.003020,-0.336000,-0.184000
0.003024,-0.336000,-0.176000
0.003028,-0.336000,-0.176000
0.003032,-0.336000,-0.176000
0.003036,-0.336000,-0.176000
0.003040,-0.336000,-0.168000
0.003044,-0.328000,-0.168000
0.003048,-0.328000,-0.168000
0.003052,-0.328000,-0.160000
0.003056,-0.328000,-0.152000
0.003060,-0.320000,-0.144000
0.003064,-0.320000,-0.136000
0.003068,-0.312000,-0.136000
0.003072,-0.312000,-0.136000
0.003076,-0.312000,-0.128000
0.003080,-0.312000,-0.128000
0.003084,-0.304000,-0.120000
0.003088,-0.304000,-0.112000
0.003092,-0.296000,-0.112000
0.003096,-0.296000,-0.104000
0.003100,-0.296000,-0.104000
0.003104,-0.288000,-0.096000
0.003108,-0.288000,-0.096000
0.003112,-0.280000,-0.088000
0.003116,-0.280000,-0.088000
0.003120,-0.272000,-0.080000
0.003124,-0.272000,-0.072000
0.003128,-0.256000,-0.072000
0.003132,-0.256000,-0.064000
0.003136,-0.256000,-0.056000
0.003140,-0.248000,-0.056000
0.003144,-0.240000,-0.048000
0.003148,-0.232000,-0.048000
0.003152,-0.232000,-0.040000
0.003156,-0.232000,-0.032000
0.003160,-0.216000,-0.032000
0.003164,-0.216000,-0.024000
0.003168,-0.208000,-0.016000
0.003172,-0.208000,-0.016000
0.003176,-0.192000,-0.008000
0.003180,-0.192000,0.000000
0.003184,-0.184000,0.000000
0.003188,-0.176000,0.008000
0.003192,-0.168000,0.016000
0.003196,-0.160000,0.024000
0.003200,-0.160000,0.024000
0.003204,-0.144000,0.032000
0.003208,-0.144000,0.032000
0.003212,-0.136000,0.040000
0.003216,-0.128000,0.048000
0.003220,-0.120000,0.048000
0.003224,-0.120000,0.056000
0.003228,-0.104000,0.056000
0.003232,-0.104000,0.064000
0.003236,-0.088000,0.072000
0.003240,-0.088000,0.080000
0.003244,-0.080000,0.080000
0.003248,-0.072000,0.088000
0.003252,-0.064000,0.088000
0.003256,-0.056000,0.096000
0.003260,-0.048000,0.104000
0.003264,-0.048000,0.104000
0.003268,-0.032000,0.112000
0.003272,-0.024000,0.112000
0.003276,-0.016000,0.120000
0.003280,-0.008000,0.120000
0.003284,-0.008000,0.128000
0.003288,0.000000,0.128000
0.003292,0.008000,0.136000
0.003296,0.016000,0.144000
0.003300,0.032000,0.144000
0.003304,0.032000,0.152000
0.003308,0.048000,0.152000
0.003312,0.056000,0.160000
0.003316,0.056000,0.160000
0.003320,0.064000,0.168000
0.003324,0.072000,0.176000
0.003328,0.080000,0.176000
0.003332,0.088000,0.176000
0.003336,0.096000,0.184000
0.003340,0.104000,0.184000
0.003344,0.112000,0.184000
0.003348,0.120000,0.192000
0.003352,0.128000,0.192000
0.003356,0.136000,0.200000
0.003360,0.144000,0.200000
0.003364,0.152000,0.200000
0.003368,0.160000,0.200000
0.003372,0.160000,0.208000
0.003376,0.168000,0.208000
0.003380,0.176000,0.216000
0.003384,0.184000,0.216000
0.003388,0.192000,0.216000
0.003392,0.192000,0.216000
0.003396,0.200000,0.216000
0.003400,0.208000,0.224000
0.003404,0.216000,0.224000
0.003408,0.216000,0.224000
0.003412,0.224000,0.224000
0.003416,0.232000,0.232000
0.003420,0.240000,0.232000
0.003424,0.248000,0.232000
0.003428,0.248000,0.232000
0.003432,0.256000,0.232000
0.003436,0.256000,0.240000
0.003440,0.264000,0.240000
0.003444,0.272000,0.232000
0.003448,0.272000,0.232000
0.003452,0.280000,0.240000
0.003456,0.280000,0.240000
0.003460,0.288000,0.240000
0.003464,0.296000,0.240000
0.003468,0.296000,0.232000
0.003472,0.304000,0.240000
0.003476,0.304000,0.232000
0.003480,0.304000,0.232000
0.003484,0.312000,0.232000
0.003488,0.312000,0.240000
0.003492,0.320000,0.240000
0.003496,0.312000,0.232000
0.003500,0.320000,0.232000
0.003504,0.328000,0.232000
0.003508,0.328000,0.232000
0.003512,0.328000,0.224000
0.003516,0.328000,0.224000
0.003520,0.328000,0.216000
0.003524,0.336000,0.224000
0.003528,0.344000,0.224000
0.003532,0.344000,0.216000
0.003536,0.336000,0.216000
0.003540,0.336000,0.216000
0.003544,0.344000,0.216000
0.003548,0.344000,0.208000
0.003552,0.344000,0.200000
0.003556,0.344000,0.200000
0.003560,0.344000,0.200000
0.003564,0.352000,0.200000
0.003568,0.344000,0.184000
0.003572,0.344000,0.192000
0.003576,0.344000,0.184000
0.003580,0.344000,0.184000
0.003584,0.344000,0.184000
0.003588,0.344000,0.176000
0.003592,0.336000,0.176000
0.003596,0.336000,0.168000
0.003600,0.336000,0.168000
0.003604,0.336000,0.160000
0.003608,0.336000,0.160000
0.003612,0.336000,0.160000
0.003616,0.328000,0.152000
0.003620,0.328000,0.152000
0.003624,0.320000,0.144000
0.003628,0.312000,0.136000
0.003632,0.320000,0.136000
0.003636,0.312000,0.128000
0.003640,0.312000,0.128000
0.003644,0.312000,0.120000
0.003648,0.312000,0.120000
0.003652,0.304000,0.104000
0.003656,0.296000,0.104000
0.003660,0.296000,0.104000
0.003664,0.296000,0.096000
0.003668,0.288000,0.088000
0.003672,0.280000,0.080000
0.003676,0.280000,0.080000
0.003680,0.272000,0.080000
0.003684,0.272000,0.072000
0.003688,0.264000,0.064000
0.003692,0.256000,0.064000
0.003696,0.256000,0.056000
0.003700,0.248000,0.056000
0.003704,0.248000,0.048000
0.003708,0.240000,0.040000
0.003712,0.232000,0.040000
0.003716,0.224000,0.032000
0.003720,0.224000,0.024000
0.003724,0.216000,0.016000
0.003728,0.208000,0.008000
0.003732,0.200000,0.008000
0.003736,0.192000,0.008000
0.003740,0.192000,0.000000
0.003744,0.176000,-0.008000
0.003748,0.168000,-0.016000
0.003752,0.168000,-0.016000
0.003756,0.160000,-0.024000
0.003760,0.160000,-0.024000
0.003764,0.152000,-0.032000
0.003768,0.144000,-0.040000
0.003772,0.136000,-0.040000
0.003776,0.128000,-0.048000
0.003780,0.120000,-0.056000
0.003784,0.112000,-0.064000
0.003788,0.104000,-0.064000
0.003792,0.104000,-0.072000
0.003796,0.088000,-0.072000
0.003800,0.088000,-0.080000
0.003804,0.072000,-0.088000
0.003808,0.064000,-0.088000
0.003812,0.056000,-0.104000
0.003816,0.048000,-0.104000
0.003820,0.040000,-0.104000
0.003824,0.032000,-0.112000
0.003828,0.032000,-0.112000
0.003832,0.024000,-0.120000
0.003836,0.008000,-0.120000
0.003840,0.008000,-0.128000
0.003844,0.000000,-0.128000
0.003848,-0.008000,-0.136000
0.003852,-0.024000,-0.136000
0.003856,-0.024000,-0.144000
0.003860,-0.032000,-0.144000
0.003864,-0.040000,-0.152000
0.003868,-0.048000,-0.160000
0.003872,-0.056000,-0.160000
0.003876,-0.064000,-0.168000
0.003880,-0.072000,-0.168000
0.003884,-0.080000,-0.168000
0.003888,-0.088000,-0.176000
0.003892,-0.096000,-0.176000
0.003896,-0.104000,-0.176000
0.003900,-0.104000,-0.176000
0.003904,-0.112000,-0.184000
0.003908,-0.120000,-0.192000
0.003912,-0.128000,-0.192000
0.003916,-0.136000,-0.192000
0.003920,-0.144000,-0.200000
0.003924,-0.144000,-0.200000
0.003928,-0.160000,-0.200000
0.003932,-0.160000,-0.200000
0.003936,-0.168000,-0.208000
0.003940,-0.176000,-0.208000
0.003944,-0.184000,-0.216000
0.003948,-0.192000,-0.216000
0.003952,-0.200000,-0.216000
0.003956,-0.200000,-0.216000
0.003960,-0.208000,-0.224000
0.003964,-0.216000,-0.224000
0.003968,-0.224000,-0.224000
0.003972,-0.232000,-0.224000
0.003976,-0.232000,-0.224000
0.003980,-0.240000,-0.232000
0.003984,-0.248000,-0.232000
0.003988,-0.248000,-0.232000
0.003992,-0.256000,-0.232000
0.003996,-0.256000,-0.232000
0.004000,-0.264000,-0.232000
0.004004,-0.264000,-0.232000
0.004008,-0.272000,-0.232000
0.004012,-0.272000,-0.232000
0.004016,-0.280000,-0.232000
0.004020,-0.288000,-0.232000
0.004024,-0.288000,-0.232000
0.004028,-0.296000,-0.232000
0.004032,-0.296000,-0.232000
0.004036,-0.296000,-0.232000
0.004040,-0.304000,-0.232000
0.004044,-0.312000,-0.224000
0.004048,-0.312000,-0.224000
0.004052,-0.312000,-0.224000
0.004056,-0.320000,-0.224000
0.004060,-0.320000,-0.224000
0.004064,-0.320000,-0.224000
0.004068,-0.328000,-0.224000
0.004072,-0.328000,-0.216000
0.004076,-0.328000,-0.216000
0.004080,-0.328000,-0.216000
0.004084,-0.328000,-0.216000
0.004088,-0.336000,-0.216000
0.004092,-0.336000,-0.208000
0.004096,-0.336000,-0.200000
0.004100,-0.336000,-0.208000
0.004104,-0.336000,-0.208000
0.004108,-0.344000,-0.200000
0.004112,-0.336000,-0.200000
0.004116,-0.336000,-0.192000
0.004120,-0.344000,-0.192000
0.004124,-0.344000,-0.192000
0.004128,-0.344000,-0.184000
0.004132,-0.336000,-0.176000
0.004136,-0.336000,-0.176000
0.004140,-0.344000,-0.176000
0.004144,-0.336000,-0.176000
0.004148,-0.336000,-0.168000
0.004152,-0.328000,-0.168000
0.004156,-0.328000,-0.168000
0.004160,-0.328000,-0.160000
0.004164,-0.328000,-0.152000
0.004168,-0.328000,-0.152000
0.004172,-0.328000,-0.144000
0.004176,-0.320000,-0.144000
0.004180,-0.320000,-0.136000
0.004184,-0.312000,-0.136000
0.004188,-0.312000,-0.128000
0.004192,-0.312000,-0.128000
0.004196,-0.312000,-0.120000
0.004200,-0.304000,-0.120000
0.004204,-0.304000,-0.112000
0.004208,-0.296000,-0.104000
0.004212,-0.296000,-0.104000
0.004216,-0.288000,-0.096000
0.004220,-0.288000,-0.096000
0.004224,-0.280000,-0.096000
0.004228,-0.280000,-0.080000
0.004232,-0.272000,-0.080000
0.004236,-0.264000,-0.072000
0.004240,-0.264000,-0.064000
0.004244,-0.256000,-0.064000
0.004248,-0.256000,-0.064000
0.004252,-0.248000,-0.048000
0.004256,-0.240000,-0.048000
0.004260,-0.240000,-0.048000
0.004264,-0.232000,-0.040000
0.004268,-0.224000,-0.032000
0.004272,-0.216000,-0.024000
0.004276,-0.208000,-0.016000
0.004280,-0.208000,-0.016000
0.004284,-0.200000,-0.008000
0.004288,-0.200000,-0.008000
0.004292,-0.192000,0.000000
0.004296,-0.184000,0.000000
0.004300,-0.176000,0.008000
0.004304,-0.168000,0.016000
0.004308,-0.160000,0.016000
0.004312,-0.160000,0.024000
0.004316,-0.144000,0.032000
0.004320,-0.144000,0.040000
0.004324,-0.136000,0.040000
0.004328,-0.128000,0.048000
0.004332,-0.120000,0.048000
0.004336,-0.112000,0.056000
0.004340,-0.112000,0.056000
0.004344,-0.104000,0.064000
0.004348,-0.088000,0.072000
0.004352,-0.088000,0.080000
0.004356,-0.072000,0.080000
0.004360,-0.064000,0.088000
0.004364,-0.064000,0.096000
0.004368,-0.056000,0.096000
0.004372,-0.048000,0.104000
0.004376,-0.040000,0.112000
0.004380,-0.032000,0.112000
0.004384,-0.024000,0.112000
0.004388,-0.016000,0.120000
0.004392,-0.008000,0.128000
0.004396,0.000000,0.128000
0.004400,0.008000,0.136000
0.004404,0.016000,0.136000
0.004408,0.016000,0.144000
0.004412,0.032000,0.144000
0.004416,0.040000,0.152000
0.004420,0.048000,0.160000
0.004424,0.056000,0.160000
0.004428,0.056000,0.168000
0.004432,0.072000,0.168000
0.004436,0.080000,0.176000
0.004440,0.088000,0.176000
0.004444,0.096000,0.176000
0.004448,0.096000,0.176000
0.004452,0.104000,0.184000
0.004456,0.112000,0.184000
0.004460,0.120000,0.192000
0.004464,0.128000,0.192000
0.004468,0.136000,0.200000
0.004472,0.144000,0.200000
0.004476,0.144000,0.200000
0.004480,0.152000,0.200000
0.004484,0.160000,0.208000
0.004488,0.176000,0.208000
0.004492,0.176000,0.208000
0.004496,0.184000,0.216000
0.004500,0.192000,0.216000
0.004504,0.200000,0.224000
0.004508,0.200000,0.224000
0.004512,0.208000,0.224000
0.004516,0.216000,0.224000
0.004520,0.216000,0.224000
0.004524,0.232000,0.232000
0.004528,0.240000,0.232000
0.004532,0.240000,0.232000
0.004536,0.240000,0.232000
0.004540,0.248000,0.232000
0.004544,0.256000,0.232000
0.004548,0.256000,0.232000
0.004552,0.264000,0.232000
0.004556,0.272000,0.240000
0.004560,0.272000,0.232000
0.004564,0.280000,0.240000
0.004568,0.280000,0.240000
0.004572,0.288000,0.232000
0.004576,0.296000,0.240000
0.004580,0.296000,0.240000
0.004584,0.296000,0.232000
0.004588,0.304000,0.240000
0.004592,0.312000,0.232000
0.004596,0.312000,0.232000
0.004600,0.312000,0.232000
0.004604,0.320000,0.240000
0.004608,0.320000,0.232000
0.004612,0.320000,0.224000
0.004616,0.328000,0.232000
0.004620,0.328000,0.224000
0.004624,0.336000,0.224000
0.004628,0.328000,0.224000
0.004632,0.336000,0.224000
0.004636,0.336000,0.224000
0.004640,0.336000,0.224000
0.004644,0.344000,0.216000
0.004648,0.336000,0.216000
0.004652,0.336000,0.216000
0.004656,0.344000,0.216000
0.004660,0.344000,0.208000
0.004664,0.344000,0.208000
0.004668,0.344000,0.200000
0.004672,0.344000,0.200000
0.004676,0.344000,0.192000
0.004680,0.344000,0.192000
0.004684,0.344000,0.192000
0.004688,0.344000,0.184000
0.004692,0.344000,0.184000
0.004696,0.344000,0.184000
0.004700,0.336000,0.176000
0.004704,0.344000,0.176000
0.004708,0.336000,0.168000
0.004712,0.336000,0.160000
0.004716,0.336000,0.160000
0.004720,0.336000,0.160000
0.004724,0.336000,0.152000
0.004728,0.328000,0.152000
0.004732,0.328000,0.144000
0.004736,0.320000,0.144000
0.004740,0.320000,0.136000
0.004744,0.320000,0.136000
0.004748,0.312000,0.128000
0.004752,0.312000,0.120000
0.004756,0.312000,0.120000
0.004760,0.304000,0.120000
0.004764,0.312000,0.112000
0.004768,0.296000,0.104000
0.004772,0.296000,0.104000
0.004776,0.288000,0.096000
0.004780,0.288000,0.088000
0.004784,0.280000,0.088000
0.004788,0.280000,0.080000
0.004792,0.272000,0.072000
0.004796,0.264000,0.072000
0.004800,0.264000,0.064000
0.004804,0.256000,0.056000
0.004808,0.256000,0.056000
0.004812,0.240000,0.048000
0.004816,0.248000,0.048000
0.004820,0.240000,0.040000
0.004824,0.232000,0.032000
0.004828,0.224000,0.032000
0.004832,0.216000,0.024000
0.004836,0.208000,0.016000
0.004840,0.200000,0.016000
0.004844,0.200000,0.008000
0.004848,0.192000,0.008000
0.004852,0.184000,-0.008000
0.004856,0.184000,-0.008000
0.004860,0.176000,-0.016000
0.004864,0.160000,-0.024000
0.004868,0.160000,-0.024000
0.004872,0.160000,-0.032000
0.004876,0.144000,-0.032000
0.004880,0.144000,-0.040000
0.004884,0.128000,-0.048000
0.004888,0.128000,-0.048000
0.004892,0.120000,-0.056000
0.004896,0.112000,-0.064000
0.004900,0.104000,-0.064000
0.004904,0.088000,-0.072000
0.004908,0.088000,-0.072000
0.004912,0.080000,-0.080000
0.004916,0.072000,-0.088000
0.004920,0.064000,-0.096000
0.004924,0.056000,-0.096000
0.004928,0.048000,-0.104000
0.004932,0.040000,-0.104000
0.004936,0.032000,-0.112000
0.004940,0.032000,-0.120000
0.004944,0.016000,-0.120000
0.004948,0.008000,-0.128000
0.004952,0.000000,-0.128000
0.004956,-0.008000,-0.136000
0.004960,-0.016000,-0.136000
0.004964,-0.024000,-0.144000
0.004968,-0.032000,-0.144000
0.004972,-0.032000,-0.144000
0.004976,-0.040000,-0.152000
0.004980,-0.048000,-0.160000
0.004984,-0.056000,-0.168000
0.004988,-0.064000,-0.168000
0.004992,-0.072000,-0.168000
0.004996,-0.080000,-0.168000
0.005000,-0.088000,-0.176000
0.005004,-0.096000,-0.176000
0.005008,-0.096000,-0.176000
0.005012,-0.112000,-0.184000
0.005016,-0.120000,-0.184000
0.005020,-0.120000,-0.192000
0.005024,-0.128000,-0.192000
0.005028,-0.136000,-0.192000
0.005032,-0.144000,-0.200000
0.005036,-0.160000,-0.200000
0.005040,-0.160000,-0.200000
0.005044,-0.160000,-0.208000
0.005048,-0.168000,-0.208000
0.005052,-0.184000,-0.216000
0.005056,-0.184000,-0.216000
0.005060,-0.192000,-0.216000
0.005064,-0.200000,-0.216000
0.005068,-0.200000,-0.216000
0.005072,-0.216000,-0.224000
0.005076,-0.216000,-0.224000
0.005080,-0.224000,-0.224000
0.005084,-0.232000,-0.224000
0.005088,-0.232000,-0.224000
0.005092,-0.240000,-0.232000
0.005096,-0.248000,-0.224000
0.005100,-0.256000,-0.232000
0.005104,-0.256000,-0.232000
0.005108,-0.256000,-0.232000
0.005112,-0.264000,-0.232000
0.005116,-0.272000,-0.232000
0.005120,-0.272000,-0.232000
0.005124,-0.280000,-0.232000
0.005128,-0.280000,-0.232000
0.005132,-0.288000,-0.232000
0.005136,-0.296000,-0.232000
0.005140,-0.296000,-0.232000
0.005144,-0.296000,-0.232000
0.005148,-0.304000,-0.232000
0.005152,-0.304000,-0.232000
0.005156,-0.304000,-0.224000
0.005160,-0.312000,-0.232000
0.005164,-0.312000,-0.224000
0.005168,-0.320000,-0.224000
0.005172,-0.320000,-0.224000
0.005176,-0.320000,-0.224000
0.005180,-0.328000,-0.224000
0.005184,-0.328000,-0.216000
0.005188,-0.328000,-0.216000
0.005192,-0.328000,-0.216000
0.005196,-0.328000,-0.216000
0.005200,-0.336000,-0.216000
0.005204,-0.336000,-0.216000
0.005208,-0.336000,-0.208000
0.005212,-0.336000,-0.208000
0.005216,-0.344000,-0.192000
0.005220,-0.336000,-0.200000
0.005224,-0.344000,-0.192000
0.005228,-0.344000,-0.192000
0.005232,-0.344000,-0.200000
0.005236,-0.344000,-0.192000
0.005240,-0.336000,-0.184000
0.005244,-0.336000,-0.176000
0.005248,-0.344000,-0.176000
0.005252,-0.336000,-0.176000
0.005256,-0.336000,-0.176000
0.005260,-0.328000,-0.168000
0.005264,-0.336000,-0.168000
0.005268,-0.328000,-0.160000
0.005272,-0.328000,-0.160000
0.005276,-0.328000,-0.160000
0.005280,-0.328000,-0.152000
0.005284,-0.320000,-0.144000
0.005288,-0.328000,-0.144000
0.005292,-0.320000,-0.136000
0.005296,-0.312000,-0.128000
0.005300,-0.312000,-0.128000
0.005304,-0.312000,-0.128000
0.005308,-0.304000,-0.120000
0.005312,-0.304000,-0.112000
0.005316,-0.304000,-0.112000
0.005320,-0.296000,-0.104000
0.005324,-0.288000,-0.104000
0.005328,-0.288000,-0.096000
0.005332,-0.280000,-0.096000
0.005336,-0.272000,-0.088000
0.005340,-0.272000,-0.080000
0.005344,-0.272000,-0.080000
0.005348,-0.264000,-0.072000
0.005352,-0.264000,-0.072000
0.005356,-0.256000,-0.064000
0.005360,-0.248000,-0.056000
0.005364,-0.240000,-0.048000
0.005368,-0.240000,-0.048000
0.005372,-0.240000,-0.040000
0.005376,-0.232000,-0.040000
0.005380,-0.224000,-0.032000
0.005384,-0.216000,-0.032000
0.005388,-0.216000,-0.016000
0.005392,-0.200000,-0.016000
0.005396,-0.200000,-0.008000
0.005400,-0.192000,-0.008000
0.005404,-0.184000,0.000000
0.005408,-0.176000,0.008000
0.005412,-0.176000,0.016000
0.005416,-0.168000,0.016000
0.005420,-0.160000,0.016000
0.005424,-0.152000,0.024000
0.005428,-0.144000,0.032000
0.005432,-0.144000,0.040000
0.005436,-0.136000,0.040000
0.005440,-0.128000,0.048000
0.005444,-0.120000,0.056000
0.005448,-0.112000,0.056000
0.005452,-0.104000,0.064000
0.005456,-0.096000,0.064000
0.005460,-0.096000,0.072000
0.005464,-0.088000,0.080000
0.005468,-0.072000,0.088000
0.005472,-0.064000,0.088000
0.005476,-0.064000,0.096000
0.005480,-0.048000,0.096000
0.005484,-0.048000,0.104000
0.005488,-0.032000,0.104000
0.005492,-0.032000,0.112000
0.005496,-0.024000,0.120000
0.005500,-0.016000,0.120000
0.005504,-0.008000,0.128000
0.005508,0.000000,0.128000
0.005512,0.008000,0.128000
0.005516,0.016000,0.136000
0.005520,0.024000,0.144000
0.005524,0.032000,0.152000
0.005528,0.040000,0.152000
0.005532,0.048000,0.160000
0.005536,0.048000,0.160000
0.005540,0.064000,0.168000
0.005544,0.064000,0.168000
0.005548,0.080000,0.168000
0.005552,0.088000,0.176000
0.005556,0.096000,0.184000
0.005560,0.104000,0.184000
0.005564,0.104000,0.184000
0.005568,0.112000,0.192000
0.005572,0.120000,0.192000
0.005576,0.128000,0.192000
0.005580,0.136000,0.200000
0.005584,0.144000,0.200000
0.005588,0.152000,0.200000
0.005592,0.160000,0.208000
0.005596,0.168000,0.208000
0.005600,0.176000,0.208000
0.005604,0.176000,0.216000
0.005608,0.184000,0.216000
0.005612,0.192000,0.216000
0.005616,0.200000,0.224000
0.005620,0.208000,0.224000
0.005624,0.208000,0.224000
0.005628,0.216000,0.224000
0.005632,0.224000,0.232000
0.005636,0.232000,0.232000
0.005640,0.240000,0.232000
0.005644,0.240000,0.232000
0.005648,0.240000,0.232000
0.005652,0.248000,0.232000
0.005656,0.256000,0.232000
0.005660,0.256000,0.232000
0.005664,0.272000,0.240000
0.005668,0.272000,0.240000
0.005672,0.280000,0.232000
0.005676,0.280000,0.240000
0.005680,0.288000,0.240000
0.005684,0.288000,0.232000
0.005688,0.288000,0.240000
0.005692,0.296000,0.232000
0.005696,0.304000,0.240000
0.005700,0.304000,0.232000
0.005704,0.312000,0.232000
0.005708,0.312000,0.232000
0.005712,0.312000,0.232000
0.005716,0.312000,0.232000
0.005720,0.320000,0.240000
0.005724,0.328000,0.240000
0.005728,0.328000,0.232000
0.005732,0.328000,0.224000
0.005736,0.328000,0.224000
0.005740,0.336000,0.224000
0.005744,0.336000,0.224000
0.005748,0.336000,0.224000
0.005752,0.336000,0.216000
0.005756,0.336000,0.208000
0.005760,0.344000,0.216000
0.005764,0.344000,0.208000
0.005768,0.344000,0.208000
0.005772,0.344000,0.208000
0.005776,0.344000,0.200000
0.005780,0.344000,0.200000
0.005784,0.344000,0.200000
0.005788,0.344000,0.192000
0.005792,0.344000,0.192000
0.005796,0.344000,0.192000
0.005800,0.344000,0.184000
0.005804,0.344000,0.184000
0.005808,0.344000,0.176000
0.005812,0.344000,0.176000
0.005816,0.336000,0.176000
0.005820,0.336000,0.160000
0.005824,0.336000,0.168000
0.005828,0.336000,0.168000
0.005832,0.336000,0.160000
0.005836,0.336000,0.152000
0.005840,0.328000,0.152000
0.005844,0.328000,0.144000
0.005848,0.320000,0.136000
0.005852,0.320000,0.136000
0.005856,0.320000,0.128000
0.005860,0.312000,0.128000
0.005864,0.312000,0.120000
0.005868,0.312000,0.120000
0.005872,0.304000,0.112000
0.005876,0.304000,0.104000
0.005880,0.296000,0.104000
0.005884,0.288000,0.096000
0.005888,0.288000,0.096000
0.005892,0.288000,0.088000
0.005896,0.280000,0.080000
0.005900,0.272000,0.080000
0.005904,0.272000,0.072000
0.005908,0.264000,0.064000
0.005912,0.256000,0.064000
0.005916,0.256000,0.056000
0.005920,0.248000,0.048000
0.005924,0.248000,0.048000
0.005928,0.240000,0.040000
0.005932,0.232000,0.040000
0.005936,0.232000,0.032000
0.005940,0.224000,0.024000
0.005944,0.216000,0.024000
0.005948,0.216000,0.016000
0.005952,0.200000,0.016000
0.005956,0.200000,0.000000
0.005960,0.192000,0.000000
0.005964,0.184000,-0.008000
0.005968,0.184000,-0.008000
0.005972,0.168000,-0.024000
0.005976,0.168000,-0.024000
0.005980,0.160000,-0.024000
0.005984,0.152000,-0.032000
0.005988,0.144000,-0.032000
0.005992,0.144000,-0.040000
0.005996,0.136000,-0.048000
0.006000,0.120000,-0.056000
0.006004,0.112000,-0.056000
0.006008,0.104000,-0.064000
0.006012,0.104000,-0.064000
0.006016,0.096000,-0.072000
0.006020,0.088000,-0.080000
0.006024,0.080000,-0.080000
0.006028,0.072000,-0.088000
0.006032,0.064000,-0.096000
0.006036,0.064000,-0.096000
0.006040,0.048000,-0.104000
0.006044,0.040000,-0.104000
0.006048,0.032000,-0.112000
0.006052,0.024000,-0.112000
0.006056,0.016000,-0.120000
0.006060,0.008000,-0.128000
0.006064,0.000000,-0.128000
0.006068,-0.008000,-0.136000
0.006072,-0.024000,-0.136000
0.006076,-0.024000,-0.136000
0.006080,-0.024000,-0.144000
0.006084,-0.032000,-0.144000
0.006088,-0.040000,-0.152000
0.006092,-0.048000,-0.160000
0.006096,-0.056000,-0.168000
0.006100,-0.064000,-0.168000
0.006104,-0.080000,-0.168000
0.006108,-0.088000,-0.176000
0.006112,-0.096000,-0.176000
0.006116,-0.096000,-0.176000
0.006120,-0.104000,-0.184000
0.006124,-0.112000,-0.184000
0.006128,-0.112000,-0.192000
0.006132,-0.128000,-0.192000
0.006136,-0.136000,-0.192000
0.006140,-0.144000,-0.200000
0.006144,-0.144000,-0.200000
0.006148,-0.160000,-0.200000
0.006152,-0.160000,-0.208000
0.006156,-0.160000,-0.208000
0.006160,-0.176000,-0.208000
0.006164,-0.176000,-0.208000
0.006168,-0.184000,-0.216000
0.006172,-0.192000,-0.216000
0.006176,-0.200000,-0.216000
0.006180,-0.200000,-0.216000
0.006184,-0.208000,-0.216000
0.006188,-0.216000,-0.224000
0.006192,-0.224000,-0.224000
0.006196,-0.232000,-0.224000
0.006200,-0.240000,-0.232000
0.006204,-0.240000,-0.232000
0.006208,-0.248000,-0.232000
0.006212,-0.248000,-0.232000
0.006216,-0.256000,-0.232000
0.006220,-0.256000,-0.232000
0.006224,-0.264000,-0.232000
0.006228,-0.272000,-0.232000
0.006232,-0.272000,-0.240000
0.006236,-0.280000,-0.232000
0.006240,-0.280000,-0.232000
0.006244,-0.288000,-0.232000
0.006248,-0.296000,-0.232000
0.006252,-0.296000,-0.232000
0.006256,-0.296000,-0.232000
0.006260,-0.296000,-0.224000
0.006264,-0.304000,-0.232000
0.006268,-0.312000,-0.224000
0.006272,-0.312000,-0.224000
0.006276,-0.312000,-0.224000
0.006280,-0.320000,-0.224000
0.006284,-0.320000,-0.224000
0.006288,-0.320000,-0.216000
0.006292,-0.328000,-0.224000
0.006296,-0.328000,-0.224000
0.006300,-0.328000,-0.216000
0.006304,-0.328000,-0.216000
0.006308,-0.328000,-0.216000
0.006312,-0.336000,-0.208000
0.006316,-0.336000,-0.208000
0.006320,-0.336000,-0.200000
0.006324,-0.336000,-0.208000
0.006328,-0.344000,-0.200000
0.006332,-0.336000,-0.200000
0.006336,-0.336000,-0.192000
0.006340,-0.336000,-0.192000
0.006344,-0.336000,-0.192000
0.006348,-0.344000,-0.184000
0.006352,-0.336000,-0.184000
0.006356,-0.336000,-0.176000
0.006360,-0.336000,-0.176000
0.006364,-0.336000,-0.176000
0.006368,-0.336000,-0.168000
0.006372,-0.336000,-0.168000
0.006376,-0.336000,-0.168000
0.006380,-0.328000,-0.160000
0.006384,-0.328000,-0.160000
0.006388,-0.328000,-0.152000
0.006392,-0.328000,-0.152000
0.006396,-0.320000,-0.144000
0.006400,-0.320000,-0.144000
0.006404,-0.328000,-0.144000
0.006408,-0.320000,-0.136000
0.006412,-0.312000,-0.128000
0.006416,-0.312000,-0.120000
0.006420,-0.304000,-0.120000
0.006424,-0.304000,-0.112000
0.006428,-0.296000,-0.104000
0.006432,-0.296000,-0.104000
0.006436,-0.296000,-0.096000
0.006440,-0.288000,-0.096000
0.006444,-0.280000,-0.088000
0.006448,-0.272000,-0.080000
0.006452,-0.272000,-0.080000
0.006456,-0.272000,-0.072000
0.006460,-0.264000,-0.072000
0.006464,-0.256000,-0.064000
0.006468,-0.256000,-0.064000
0.006472,-0.248000,-0.056000
0.006476,-0.248000,-0.048000
0.006480,-0.240000,-0.048000
0.006484,-0.232000,-0.040000
0.006488,-0.224000,-0.032000
0.006492,-0.224000,-0.032000
0.006496,-0.216000,-0.024000
0.006500,-0.216000,-0.024000
0.006504,-0.200000,-0.016000
0.006508,-0.200000,-0.008000
0.006512,-0.192000,-0.008000
0.006516,-0.184000,0.000000
0.006520,-0.176000,0.008000
0.006524,-0.176000,0.016000
0.006528,-0.168000,0.016000
0.006532,-0.160000,0.024000
0.006536,-0.160000,0.032000
0.006540,-0.152000,0.032000
0.006544,-0.136000,0.040000
0.006548,-0.136000,0.040000
0.006552,-0.120000,0.048000
0.006556,-0.120000,0.056000
0.006560,-0.112000,0.056000
0.006564,-0.104000,0.064000
0.006568,-0.096000,0.072000
0.006572,-0.088000,0.080000
0.006576,-0.080000,0.080000
0.006580,-0.072000,0.080000
0.006584,-0.064000,0.088000
0.006588,-0.056000,0.096000
0.006592,-0.056000,0.096000
0.006596,-0.048000,0.104000
0.006600,-0.032000,0.112000
0.006604,-0.032000,0.112000
0.006608,-0.016000,0.120000
0.006612,-0.008000,0.120000
0.006616,-0.008000,0.128000
0.006620,0.008000,0.128000
0.006624,0.008000,0.136000
0.006628,0.016000,0.144000
0.006632,0.024000,0.136000
0.006636,0.032000,0.152000
0.006640,0.040000,0.152000
0.006644,0.048000,0.160000
0.006648,0.056000,0.168000
0.006652,0.064000,0.168000
0.006656,0.072000,0.168000
0.006660,0.080000,0.176000
0.006664,0.088000,0.176000
0.006668,0.096000,0.184000
0.006672,0.104000,0.184000
0.006676,0.112000,0.192000
0.006680,0.120000,0.192000
0.006684,0.128000,0.192000
0.006688,0.128000,0.200000
0.006692,0.136000,0.200000
0.006696,0.144000,0.200000
0.006700,0.152000,0.200000
0.006704,0.160000,0.200000
0.006708,0.160000,0.208000
0.006712,0.176000,0.216000
0.006716,0.184000,0.216000
0.006720,0.184000,0.216000
0.006724,0.192000,0.216000
0.006728,0.200000,0.224000
0.006732,0.200000,0.224000
0.006736,0.216000,0.232000
0.006740,0.216000,0.224000
0.006744,0.224000,0.232000
0.006748,0.232000,0.232000
0.006752,0.240000,0.232000
0.006756,0.240000,0.232000
0.006760,0.240000,0.232000
0.006764,0.248000,0.232000
0.006768,0.256000,0.240000
0.006772,0.264000,0.232000
0.006776,0.264000,0.232000
0.006780,0.272000,0.240000
0.006784,0.272000,0.240000
0.006788,0.288000,0.240000
0.006792,0.288000,0.240000
0.006796,0.288000,0.240000
0.006800,0.296000,0.232000
0.006804,0.296000,0.232000
0.006808,0.296000,0.240000
0.006812,0.312000,0.240000
0.006816,0.312000,0.232000
0.006820,0.312000,0.232000
0.006824,0.312000,0.232000
0.006828,0.320000,0.232000
0.006832,0.320000,0.224000
0.006836,0.320000,0.224000
0.006840,0.328000,0.232000
0.006844,0.328000,0.232000
0.006848,0.336000,0.224000
0.006852,0.336000,0.224000
0.006856,0.336000,0.224000
0.006860,0.336000,0.224000
0.006864,0.336000,0.224000
0.006868,0.336000,0.216000
0.006872,0.336000,0.216000
0.006876,0.344000,0.216000
0.006880,0.352000,0.208000
0.006884,0.344000,0.208000
0.006888,0.344000,0.208000
0.006892,0.344000,0.200000
0.006896,0.344000,0.192000
0.006900,0.344000,0.200000
0.006904,0.344000,0.192000
0.006908,0.344000,0.192000
0.006912,0.344000,0.184000
0.006916,0.344000,0.184000
0.006920,0.344000,0.176000
0.006924,0.344000,0.176000
0.006928,0.336000,0.168000
0.006932,0.336000,0.168000
0.006936,0.336000,0.160000
0.006940,0.336000,0.160000
0.006944,0.336000,0.160000
0.006948,0.336000,0.152000
0.006952,0.328000,0.152000
0.006956,0.320000,0.144000
0.006960,0.320000,0.136000
0.006964,0.320000,0.136000
0.006968,0.312000,0.128000
0.006972,0.312000,0.128000
0.006976,0.312000,0.120000
0.006980,0.304000,0.120000
0.006984,0.304000,0.112000
0.006988,0.296000,0.104000
0.006992,0.296000,0.104000
0.006996,0.288000,0.096000
0.007000,0.288000,0.088000
0.007004,0.280000,0.088000
0.007008,0.280000,0.080000
0.007012,0.272000,0.080000
0.007016,0.272000,0.072000
0.007020,0.264000,0.064000
0.007024,0.264000,0.064000
0.007028,0.256000,0.056000
0.007032,0.248000,0.056000
0.007036,0.240000,0.048000
0.007040,0.240000,0.040000
0.007044,0.240000,0.040000
0.007048,0.224000,0.032000
0.007052,0.224000,0.024000
0.007056,0.216000,0.024000
0.007060,0.208000,0.016000
0.007064,0.200000,0.008000
0.007068,0.200000,0.008000
0.007072,0.192000,0.000000
0.007076,0.184000,-0.008000
0.007080,0.176000,-0.016000
0.007084,0.168000,-0.024000
0.007088,0.160000,-0.024000
0.007092,0.160000,-0.032000
0.007096,0.144000,-0.032000
0.007100,0.144000,-0.040000
0.007104,0.136000,-0.048000
0.007108,0.128000,-0.048000
0.007112,0.120000,-0.048000
0.007116,0.112000,-0.056000
0.007120,0.104000,-0.064000
0.007124,0.104000,-0.072000
0.007128,0.096000,-0.072000
0.007132,0.088000,-0.080000
0.007136,0.072000,-0.080000
0.007140,0.072000,-0.088000
0.007144,0.064000,-0.096000
0.007148,0.048000,-0.096000
0.007152,0.048000,-0.104000
0.007156,0.032000,-0.112000
0.007160,0.032000,-0.112000
0.007164,0.024000,-0.112000
0.007168,0.016000,-0.120000
0.007172,0.008000,-0.128000
0.007176,0.000000,-0.128000
0.007180,-0.008000,-0.136000
0.007184,-0.016000,-0.144000
0.007188,-0.024000,-0.144000
0.007192,-0.032000,-0.144000
0.007196,-0.040000,-0.152000
0.007200,-0.048000,-0.152000
0.007204,-0.048000,-0.160000
0.007208,-0.064000,-0.160000
0.007212,-0.064000,-0.168000
0.007216,-0.072000,-0.168000
0.007220,-0.088000,-0.176000
0.007224,-0.096000,-0.176000
0.007228,-0.096000,-0.176000
0.007232,-0.104000,-0.184000
0.007236,-0.112000,-0.184000
0.007240,-0.128000,-0.192000
0.007244,-0.128000,-0.192000
0.007248,-0.136000,-0.192000
0.007252,-0.144000,-0.200000
0.007256,-0.152000,-0.200000
0.007260,-0.152000,-0.200000
0.007264,-0.168000,-0.208000
0.007268,-0.168000,-0.208000
0.007272,-0.168000,-0.208000
0.007276,-0.184000,-0.216000
0.007280,-0.184000,-0.216000
0.007284,-0.192000,-0.216000
0.007288,-0.200000,-0.216000
0.007292,-0.208000,-0.216000
0.007296,-0.216000,-0.224000
0.007300,-0.216000,-0.224000
0.007304,-0.224000,-0.224000
0.007308,-0.232000,-0.224000
0.007312,-0.240000,-0.224000
0.007316,-0.240000,-0.224000
0.007320,-0.248000,-0.232000
0.007324,-0.256000,-0.224000
0.007328,-0.256000,-0.232000
0.007332,-0.256000,-0.232000
0.007336,-0.272000,-0.232000
0.007340,-0.272000,-0.232000
0.007344,-0.272000,-0.232000
0.007348,-0.280000,-0.232000
0.007352,-0.288000,-0.232000
0.007356,-0.288000,-0.232000
0.007360,-0.296000,-0.232000
0.007364,-0.296000,-0.232000
0.007368,-0.296000,-0.232000
0.007372,-0.304000,-0.224000
0.007376,-0.304000,-0.232000
0.007380,-0.312000,-0.224000
0.007384,-0.312000,-0.232000
0.007388,-0.328000,-0.232000
0.007392,-0.320000,-0.224000
0.007396,-0.320000,-0.224000
0.007400,-0.328000,-0.224000
0.007404,-0.328000,-0.216000
0.007408,-0.328000,-0.216000
0.007412,-0.328000,-0.216000
0.007416,-0.328000,-0.216000
0.007420,-0.328000,-0.216000
0.007424,-0.336000,-0.208000
0.007428,-0.336000,-0.208000
0.007432,-0.336000,-0.208000
0.007436,-0.344000,-0.200000
0.007440,-0.344000,-0.200000
0.007444,-0.344000,-0.200000
0.007448,-0.344000,-0.192000
0.007452,-0.344000,-0.192000
0.007456,-0.344000,-0.192000
0.007460,-0.344000,-0.184000
0.007464,-0.336000,-0.184000
0.007468,-0.336000,-0.184000
0.007472,-0.336000,-0.176000
0.007476,-0.328000,-0.176000
0.007480,-0.328000,-0.176000
0.007484,-0.336000,-0.168000
0.007488,-0.336000,-0.168000
0.007492,-0.328000,-0.160000
0.007496,-0.328000,-0.160000
0.007500,-0.328000,-0.152000
0.007504,-0.328000,-0.152000
0.007508,-0.320000,-0.144000
0.007512,-0.328000,-0.144000
0.007516,-0.320000,-0.136000
0.007520,-0.312000,-0.128000
0.007524,-0.312000,-0.128000
0.007528,-0.312000,-0.128000
0.007532,-0.304000,-0.120000
0.007536,-0.304000,-0.112000
0.007540,-0.304000,-0.104000
0.007544,-0.296000,-0.104000
0.007548,-0.288000,-0.096000
0.007552,-0.288000,-0.096000
0.007556,-0.280000,-0.088000
0.007560,-0.272000,-0.080000
0.007564,-0.272000,-0.080000
0.007568,-0.272000,-0.080000
0.007572,-0.264000,-0.072000
0.007576,-0.256000,-0.056000
0.007580,-0.256000,-0.056000
0.007584,-0.248000,-0.056000
0.007588,-0.240000,-0.048000
0.007592,-0.240000,-0.048000
0.007596,-0.240000,-0.040000
0.007600,-0.224000,-0.032000
0.007604,-0.216000,-0.032000
0.007608,-0.216000,-0.024000
0.007612,-0.208000,-0.016000
0.007616,-0.208000,-0.016000
0.007620,-0.200000,-0.008000
0.007624,-0.184000,0.000000
0.007628,-0.184000,0.000000
0.007632,-0.176000,0.008000
0.007636,-0.168000,0.016000
0.007640,-0.168000,0.016000
0.007644,-0.160000,0.024000
0.007648,-0.152000,0.032000
0.007652,-0.144000,0.040000
0.007656,-0.144000,0.040000
0.007660,-0.128000,0.048000
0.007664,-0.120000,0.048000
0.007668,-0.120000,0.056000
0.007672,-0.104000,0.056000
0.007676,-0.104000,0.064000
0.007680,-0.096000,0.064000
0.007684,-0.088000,0.080000
0.007688,-0.088000,0.080000
0.007692,-0.072000,0.088000
0.007696,-0.064000,0.088000
0.007700,-0.064000,0.096000
0.007704,-0.048000,0.104000
0.007708,-0.040000,0.104000
0.007712,-0.032000,0.112000
0.007716,-0.024000,0.112000
0.007720,-0.016000,0.120000
0.007724,-0.008000,0.128000
0.007728,-0.008000,0.128000
0.007732,0.008000,0.136000
0.007736,0.016000,0.144000
0.007740,0.016000,0.136000
0.007744,0.032000,0.144000
0.007748,0.032000,0.152000
0.007752,0.048000,0.160000
0.007756,0.048000,0.160000
0.007760,0.056000,0.160000
0.007764,0.064000,0.168000
0.007768,0.072000,0.168000
0.007772,0.080000,0.176000
0.007776,0.088000,0.176000
0.007780,0.104000,0.184000
0.007784,0.104000,0.184000
0.007788,0.112000,0.192000
0.007792,0.120000,0.184000
0.007796,0.128000,0.184000
0.007800,0.128000,0.192000
0.007804,0.144000,0.200000
0.007808,0.144000,0.200000
0.007812,0.152000,0.208000
0.007816,0.160000,0.208000
0.007820,0.168000,0.208000
0.007824,0.176000,0.208000
0.007828,0.184000,0.208000
0.007832,0.184000,0.216000
0.007836,0.192000,0.224000
0.007840,0.200000,0.224000
0.007844,0.200000,0.224000
0.007848,0.208000,0.224000
0.007852,0.216000,0.224000
0.007856,0.224000,0.224000
0.007860,0.240000,0.224000
0.007864,0.240000,0.232000
0.007868,0.240000,0.232000
0.007872,0.240000,0.232000
0.007876,0.256000,0.232000
0.007880,0.256000,0.232000
0.007884,0.264000,0.240000
0.007888,0.272000,0.240000
0.007892,0.272000,0.232000
0.007896,0.280000,0.240000
0.007900,0.280000,0.240000
0.007904,0.288000,0.232000
0.007908,0.288000,0.232000
0.007912,0.296000,0.232000
0.007916,0.296000,0.232000
0.007920,0.296000,0.240000
0.007924,0.304000,0.240000
0.007928,0.312000,0.240000
0.007932,0.312000,0.232000
0.007936,0.320000,0.232000
0.007940,0.320000,0.232000
0.007944,0.320000,0.232000
0.007948,0.328000,0.232000
0.007952,0.320000,0.224000
0.007956,0.336000,0.232000
0.007960,0.336000,0.224000
0.007964,0.336000,0.224000
0.007968,0.336000,0.224000
0.007972,0.336000,0.224000
0.007976,0.336000,0.224000
0.007980,0.344000,0.216000
0.007984,0.344000,0.216000
0.007988,0.344000,0.216000
0.007992,0.344000,0.208000
0.007996,0.336000,0.208000
0.008000,0.344000,0.200000
0.008004,0.344000,0.200000
0.008008,0.344000,0.200000
0.008012,0.352000,0.200000
0.008016,0.344000,0.192000
0.008020,0.344000,0.192000
0.008024,0.344000,0.184000
0.008028,0.344000,0.176000
0.008032,0.344000,0.176000
0.008036,0.336000,0.176000
0.008040,0.336000,0.176000
0.008044,0.336000,0.168000
0.008048,0.336000,0.160000
0.008052,0.336000,0.160000
0.008056,0.328000,0.152000
0.008060,0.336000,0.152000
0.008064,0.328000,0.152000
0.008068,0.328000,0.144000
0.008072,0.320000,0.136000
0.008076,0.320000,0.136000
0.008080,0.320000,0.128000
0.008084,0.312000,0.128000
0.008088,0.312000,0.120000
0.008092,0.312000,0.120000
0.008096,0.304000,0.104000
0.008100,0.296000,0.104000
0.008104,0.296000,0.104000
0.008108,0.296000,0.096000
0.008112,0.288000,0.088000
0.008116,0.280000,0.080000
0.008120,0.280000,0.080000
0.008124,0.272000,0.080000
0.008128,0.272000,0.072000
0.008132,0.264000,0.064000
0.008136,0.264000,0.064000
0.008140,0.248000,0.056000
0.008144,0.248000,0.048000
0.008148,0.240000,0.048000
0.008152,0.240000,0.040000
0.008156,0.240000,0.032000
0.008160,0.232000,0.032000
0.008164,0.224000,0.024000
0.008168,0.216000,0.016000
0.008172,0.208000,0.016000
0.008176,0.200000,0.008000
0.008180,0.200000,0.008000
0.008184,0.192000,0.000000
0.008188,0.184000,-0.008000
0.008192,0.176000,-0.016000
0.008196,0.160000,-0.016000
0.008200,0.160000,-0.024000
0.008204,0.160000,-0.032000
0.008208,0.144000,-0.032000
0.008212,0.144000,-0.040000
0.008216,0.136000,-0.048000
0.008220,0.128000,-0.048000
0.008224,0.120000,-0.056000
0.008228,0.112000,-0.064000
0.008232,0.104000,-0.064000
0.008236,0.096000,-0.072000
0.008240,0.088000,-0.080000
0.008244,0.080000,-0.080000
0.008248,0.072000,-0.080000
0.008252,0.072000,-0.088000
0.008256,0.064000,-0.096000
0.008260,0.048000,-0.096000
0.008264,0.048000,-0.104000
0.008268,0.032000,-0.104000
0.008272,0.032000,-0.112000
0.008276,0.024000,-0.120000
0.008280,0.016000,-0.120000
0.008284,0.008000,-0.128000
0.008288,0.000000,-0.128000
0.008292,-0.008000,-0.136000
0.008296,-0.016000,-0.136000
0.008300,-0.032000,-0.144000
0.008304,-0.032000,-0.144000
0.008308,-0.048000,-0.152000
0.008312,-0.048000,-0.152000
0.008316,-0.056000,-0.160000
0.008320,-0.064000,-0.168000
0.008324,-0.064000,-0.168000
0.008328,-0.080000,-0.168000
0.008332,-0.080000,-0.168000
0.008336,-0.088000,-0.176000
0.008340,-0.096000,-0.176000
0.008344,-0.104000,-0.184000
0.008348,-0.120000,-0.184000
0.008352,-0.120000,-0.192000
0.008356,-0.128000,-0.192000
0.008360,-0.136000,-0.192000
0.008364,-0.144000,-0.200000
0.008368,-0.152000,-0.200000
0.008372,-0.160000,-0.208000
0.008376,-0.160000,-0.208000
0.008380,-0.168000,-0.208000
0.008384,-0.176000,-0.208000
0.008388,-0.176000,-0.216000
0.008392,-0.192000,-0.216000
0.008396,-0.200000,-0.216000
0.008400,-0.200000,-0.216000
0.008404,-0.208000,-0.216000
0.008408,-0.216000,-0.216000
0.008412,-0.216000,-0.224000
0.008416,-0.224000,-0.224000
0.008420,-0.232000,-0.224000
0.008424,-0.232000,-0.224000
0.008428,-0.240000,-0.232000
0.008432,-0.248000,-0.232000
0.008436,-0.248000,-0.232000
0.008440,-0.256000,-0.232000
0.008444,-0.264000,-0.224000
0.008448,-0.272000,-0.240000
0.008452,-0.272000,-0.232000
0.008456,-0.280000,-0.232000
0.008460,-0.280000,-0.232000
0.008464,-0.288000,-0.232000
0.008468,-0.296000,-0.232000
0.008472,-0.296000,-0.232000
0.008476,-0.296000,-0.232000
0.008480,-0.296000,-0.232000
0.008484,-0.304000,-0.232000
0.008488,-0.304000,-0.232000
0.008492,-0.312000,-0.232000
0.008496,-0.312000,-0.224000
0.008500,-0.320000,-0.224000
0.008504,-0.320000,-0.224000
0.008508,-0.320000,-0.224000
0.008512,-0.328000,-0.224000
0.008516,-0.328000,-0.224000
0.008520,-0.336000,-0.216000
0.008524,-0.328000,-0.216000
0.008528,-0.328000,-0.208000
0.008532,-0.328000,-0.216000
0.008536,-0.336000,-0.208000
0.008540,-0.336000,-0.208000
0.008544,-0.336000,-0.208000
0.008548,-0.336000,-0.200000
0.008552,-0.336000,-0.200000
0.008556,-0.336000,-0.192000
0.008560,-0.344000,-0.192000
0.008564,-0.336000,-0.192000
0.008568,-0.344000,-0.192000
0.008572,-0.344000,-0.192000
0.008576,-0.336000,-0.176000
0.008580,-0.336000,-0.176000
0.008584,-0.336000,-0.176000
0.008588,-0.336000,-0.176000
0.008592,-0.328000,-0.168000
0.008596,-0.328000,-0.168000
0.008600,-0.328000,-0.168000
0.008604,-0.328000,-0.160000
0.008608,-0.328000,-0.152000
0.008612,-0.328000,-0.152000
0.008616,-0.328000,-0.144000
0.008620,-0.320000,-0.144000
0.008624,-0.320000,-0.136000
0.008628,-0.320000,-0.128000
0.008632,-0.312000,-0.128000
0.008636,-0.312000,-0.128000
0.008640,-0.304000,-0.120000
0.008644,-0.304000,-0.120000
0.008648,-0.296000,-0.112000
0.008652,-0.296000,-0.104000
0.008656,-0.296000,-0.104000
0.008660,-0.296000,-0.104000
0.008664,-0.288000,-0.096000
0.008668,-0.280000,-0.088000
0.008672,-0.272000,-0.080000
0.008676,-0.272000,-0.080000
0.008680,-0.264000,-0.072000
0.008684,-0.264000,-0.072000
0.008688,-0.256000,-0.064000
0.008692,-0.256000,-0.056000
0.008696,-0.248000,-0.048000
0.008700,-0.240000,-0.048000
0.008704,-0.240000,-0.040000
0.008708,-0.232000,-0.040000
0.008712,-0.224000,-0.032000
0.008716,-0.216000,-0.032000
0.008720,-0.216000,-0.024000
0.008724,-0.208000,-0.008000
0.008728,-0.200000,-0.008000
0.008732,-0.200000,-0.008000
0.008736,-0.184000,0.000000
0.008740,-0.184000,0.000000
0.008744,-0.176000,0.016000
0.008748,-0.168000,0.016000
0.008752,-0.160000,0.016000
0.008756,-0.160000,0.024000
0.008760,-0.152000,0.024000
0.008764,-0.144000,0.040000
0.008768,-0.136000,0.040000
0.008772,-0.128000,0.048000
0.008776,-0.120000,0.048000
0.008780,-0.120000,0.056000
0.008784,-0.104000,0.064000
0.008788,-0.096000,0.064000
0.008792,-0.096000,0.072000
0.008796,-0.088000,0.080000
0.008800,-0.072000,0.080000
0.008804,-0.072000,0.080000
0.008808,-0.064000,0.088000
0.008812,-0.056000,0.096000
0.008816,-0.048000,0.104000
0.008820,-0.040000,0.104000
0.008824,-0.032000,0.112000
0.008828,-0.024000,0.120000
0.008832,-0.016000,0.120000
0.008836,-0.008000,0.128000
0.008840,0.000000,0.128000
0.008844,0.008000,0.136000
0.008848,0.024000,0.136000
0.008852,0.024000,0.144000
0.008856,0.032000,0.144000
0.008860,0.040000,0.152000
0.008864,0.040000,0.152000
0.008868,0.048000,0.160000
0.008872,0.064000,0.168000
0.008876,0.072000,0.168000
0.008880,0.080000,0.168000
0.008884,0.080000,0.176000
0.008888,0.088000,0.176000
0.008892,0.104000,0.176000
0.008896,0.104000,0.184000
0.008900,0.112000,0.184000
0.008904,0.120000,0.192000
0.008908,0.128000,0.192000
0.008912,0.128000,0.192000
0.008916,0.144000,0.200000
0.008920,0.152000,0.200000
0.008924,0.160000,0.208000
0.008928,0.160000,0.208000
0.008932,0.168000,0.208000
0.008936,0.176000,0.208000
0.008940,0.184000,0.216000
0.008944,0.192000,0.216000
0.008948,0.200000,0.224000
0.008952,0.200000,0.224000
0.008956,0.208000,0.224000
0.008960,0.216000,0.224000
0.008964,0.216000,0.224000
0.008968,0.224000,0.224000
0.008972,0.240000,0.232000
0.008976,0.240000,0.232000
0.008980,0.240000,0.232000
0.008984,0.240000,0.232000
0.008988,0.248000,0.232000
0.008992,0.256000,0.232000
0.008996,0.264000,0.232000
0.009000,0.264000,0.232000
0.009004,0.272000,0.232000
0.009008,0.280000,0.232000
0.009012,0.280000,0.240000
0.009016,0.288000,0.240000
0.009020,0.296000,0.232000
0.009024,0.296000,0.240000
0.009028,0.304000,0.232000
0.009032,0.304000,0.240000
0.009036,0.304000,0.232000
0.009040,0.312000,0.232000
0.009044,0.312000,0.232000
0.009048,0.320000,0.240000
0.009052,0.320000,0.232000
0.009056,0.320000,0.232000
0.009060,0.328000,0.232000
0.009064,0.328000,0.232000
0.009068,0.336000,0.232000
0.009072,0.336000,0.224000
0.009076,0.336000,0.224000
0.009080,0.336000,0.224000
0.009084,0.336000,0.216000
0.009088,0.344000,0.224000
0.009092,0.336000,0.216000
0.009096,0.344000,0.216000
0.009100,0.344000,0.216000
0.009104,0.336000,0.208000
0.009108,0.344000,0.208000
0.009112,0.344000,0.200000
0.009116,0.344000,0.200000
0.009120,0.344000,0.200000
0.009124,0.344000,0.192000
0.009128,0.344000,0.192000
0.009132,0.344000,0.184000
0.009136,0.344000,0.184000
0.009140,0.344000,0.176000
0.009144,0.336000,0.176000
0.009148,0.336000,0.176000
0.009152,0.336000,0.168000
0.009156,0.336000,0.168000
0.009160,0.336000,0.160000
0.009164,0.336000,0.160000
0.009168,0.328000,0.152000
0.009172,0.328000,0.152000
0.009176,0.328000,0.144000
0.009180,0.320000,0.144000
0.009184,0.320000,0.136000
0.009188,0.320000,0.136000
0.009192,0.312000,0.128000
0.009196,0.312000,0.128000
0.009200,0.312000,0.120000
0.009204,0.304000,0.120000
0.009208,0.304000,0.112000
0.009212,0.296000,0.104000
0.009216,0.296000,0.104000
0.009220,0.288000,0.088000
0.009224,0.280000,0.088000
0.009228,0.280000,0.080000
0.009232,0.280000,0.080000
0.009236,0.272000,0.072000
0.009240,0.272000,0.072000
0.009244,0.256000,0.064000
0.009248,0.256000,0.056000
0.009252,0.248000,0.056000
0.009256,0.240000,0.048000
0.009260,0.240000,0.048000
0.009264,0.240000,0.040000
0.009268,0.232000,0.032000
0.009272,0.224000,0.024000
0.009276,0.224000,0.024000
0.009280,0.216000,0.016000
0.009284,0.208000,0.016000
0.009288,0.200000,0.008000
0.009292,0.192000,0.000000
0.009296,0.184000,0.000000
0.009300,0.184000,-0.008000
0.009304,0.176000,-0.016000
0.009308,0.168000,-0.016000
0.009312,0.160000,-0.024000
0.009316,0.160000,-0.032000
0.009320,0.144000,-0.040000
0.009324,0.136000,-0.040000
0.009328,0.128000,-0.048000
0.009332,0.128000,-0.048000
0.009336,0.120000,-0.056000
0.009340,0.112000,-0.056000
0.009344,0.104000,-0.064000
0.009348,0.096000,-0.072000
0.009352,0.096000,-0.072000
0.009356,0.088000,-0.080000
0.009360,0.064000,-0.088000
0.009364,0.064000,-0.096000
0.009368,0.056000,-0.096000
0.009372,0.048000,-0.104000
0.009376,0.048000,-0.104000
0.009380,0.040000,-0.104000
0.009384,0.032000,-0.112000
0.009388,0.024000,-0.120000
0.009392,0.008000,-0.128000
0.009396,0.008000,-0.128000
0.009400,0.000000,-0.128000
0.009404,-0.008000,-0.136000
0.009408,-0.016000,-0.136000
0.009412,-0.032000,-0.144000
0.009416,-0.040000,-0.152000
0.009420,-0.040000,-0.152000
0.009424,-0.048000,-0.160000
0.009428,-0.056000,-0.168000
0.009432,-0.064000,-0.168000
0.009436,-0.072000,-0.168000
0.009440,-0.080000,-0.168000
0.009444,-0.088000,-0.176000
0.009448,-0.096000,-0.176000
0.009452,-0.104000,-0.176000
0.009456,-0.112000,-0.184000
0.009460,-0.120000,-0.192000
0.009464,-0.120000,-0.192000
0.009468,-0.128000,-0.192000
0.009472,-0.136000,-0.192000
0.009476,-0.144000,-0.200000
0.009480,-0.152000,-0.200000
0.009484,-0.160000,-0.200000
0.009488,-0.160000,-0.208000
0.009492,-0.168000,-0.208000
0.009496,-0.176000,-0.208000
0.009500,-0.184000,-0.216000
0.009504,-0.192000,-0.216000
0.009508,-0.192000,-0.216000
0.009512,-0.200000,-0.216000
0.009516,-0.208000,-0.224000
0.009520,-0.216000,-0.224000
0.009524,-0.216000,-0.224000
0.009528,-0.232000,-0.224000
0.009532,-0.232000,-0.224000
0.009536,-0.240000,-0.232000
0.009540,-0.240000,-0.232000
0.009544,-0.248000,-0.232000
0.009548,-0.256000,-0.232000
0.009552,-0.256000,-0.232000
0.009556,-0.264000,-0.232000
0.009560,-0.264000,-0.232000
0.009564,-0.272000,-0.232000
0.009568,-0.272000,-0.232000
0.009572,-0.280000,-0.232000
0.009576,-0.288000,-0.232000
0.009580,-0.296000,-0.232000
0.009584,-0.296000,-0.232000
0.009588,-0.296000,-0.232000
0.009592,-0.296000,-0.232000
0.009596,-0.304000,-0.232000
0.009600,-0.312000,-0.232000
0.009604,-0.312000,-0.232000
0.009608,-0.312000,-0.224000
0.009612,-0.312000,-0.224000
0.009616,-0.320000,-0.224000
0.009620,-0.320000,-0.224000
0.009624,-0.328000,-0.216000
0.009628,-0.328000,-0.216000
0.009632,-0.328000,-0.216000
0.009636,-0.328000,-0.216000
0.009640,-0.328000,-0.208000
0.009644,-0.336000,-0.216000
0.009648,-0.336000,-0.208000
0.009652,-0.336000,-0.208000
0.009656,-0.336000,-0.208000
0.009660,-0.336000,-0.200000
0.009664,-0.336000,-0.200000
0.009668,-0.344000,-0.192000
0.009672,-0.344000,-0.200000
0.009676,-0.336000,-0.192000
0.009680,-0.336000,-0.184000
0.009684,-0.336000,-0.184000
0.009688,-0.336000,-0.184000
0.009692,-0.344000,-0.176000
0.009696,-0.336000,-0.176000
0.009700,-0.336000,-0.176000
0.009704,-0.336000,-0.168000
0.009708,-0.336000,-0.168000
0.009712,-0.328000,-0.160000
0.009716,-0.336000,-0.160000
0.009720,-0.328000,-0.152000
0.009724,-0.328000,-0.144000
0.009728,-0.328000,-0.144000
0.009732,-0.320000,-0.144000
0.009736,-0.320000,-0.144000
0.009740,-0.312000,-0.136000
0.009744,-0.312000,-0.128000
0.009748,-0.312000,-0.128000
0.009752,-0.304000,-0.120000
0.009756,-0.304000,-0.112000
0.009760,-0.304000,-0.112000
0.009764,-0.296000,-0.104000
0.009768,-0.296000,-0.104000
0.009772,-0.288000,-0.096000
0.009776,-0.280000,-0.096000
0.009780,-0.280000,-0.088000
0.009784,-0.272000,-0.080000
0.009788,-0.272000,-0.072000
0.009792,-0.264000,-0.072000
0.009796,-0.256000,-0.064000
0.009800,-0.256000,-0.064000
0.009804,-0.256000,-0.056000
0.009808,-0.248000,-0.056000
0.009812,-0.240000,-0.048000
0.009816,-0.232000,-0.040000
0.009820,-0.232000,-0.040000
0.009824,-0.224000,-0.032000
0.009828,-0.216000,-0.032000
0.009832,-0.216000,-0.024000
0.009836,-0.208000,-0.016000
0.009840,-0.200000,-0.008000
0.009844,-0.200000,-0.008000
0.009848,-0.184000,0.000000
0.009852,-0.176000,0.008000
0.009856,-0.176000,0.016000
0.009860,-0.168000,0.016000
0.009864,-0.160000,0.024000
0.009868,-0.160000,0.024000
0.009872,-0.152000,0.032000
0.009876,-0.144000,0.032000
0.009880,-0.136000,0.048000
0.009884,-0.128000,0.048000
0.009888,-0.112000,0.056000
0.009892,-0.112000,0.064000
0.009896,-0.104000,0.056000
0.009900,-0.104000,0.064000
0.009904,-0.096000,0.072000
0.009908,-0.088000,0.080000
0.009912,-0.080000,0.080000
0.009916,-0.072000,0.088000
0.009920,-0.056000,0.096000
0.009924,-0.056000,0.096000
0.009928,-0.048000,0.104000
0.009932,-0.040000,0.104000
0.009936,-0.032000,0.112000
0.009940,-0.024000,0.120000
0.009944,-0.016000,0.120000
0.009948,-0.008000,0.128000
0.009952,0.000000,0.128000
0.009956,0.008000,0.136000
0.009960,0.016000,0.136000
0.009964,0.024000,0.144000
0.009968,0.032000,0.152000
0.009972,0.040000,0.152000
0.009976,0.048000,0.160000
0.009980,0.056000,0.160000
0.009984,0.064000,0.168000
0.009988,0.064000,0.168000
0.009992,0.080000,0.168000
0.009996,0.088000,0.176000
0.010000,0.096000,0.176000
0.010004,0.096000,0.184000
0.010008,0.104000,0.184000
0.010012,0.112000,0.192000
0.010016,0.120000,0.192000
0.010020,0.128000,0.192000
0.010024,0.136000,0.192000
0.010028,0.144000,0.200000
0.010032,0.152000,0.200000
0.010036,0.160000,0.208000
0.010040,0.168000,0.208000
0.010044,0.168000,0.208000
0.010048,0.176000,0.208000
0.010052,0.184000,0.216000
0.010056,0.192000,0.216000
0.010060,0.200000,0.224000
0.010064,0.208000,0.224000
0.010068,0.208000,0.224000
0.010072,0.216000,0.224000
0.010076,0.224000,0.232000
0.010080,0.232000,0.224000
0.010084,0.240000,0.224000
0.010088,0.240000,0.232000
0.010092,0.248000,0.232000
0.010096,0.248000,0.232000
0.010100,0.256000,0.232000
0.010104,0.264000,0.240000
0.010108,0.272000,0.240000
0.010112,0.272000,0.240000
0.010116,0.280000,0.232000
0.010120,0.280000,0.240000
0.010124,0.288000,0.232000
0.010128,0.296000,0.240000
0.010132,0.296000,0.232000
0.010136,0.296000,0.232000
0.010140,0.296000,0.240000
0.010144,0.304000,0.232000
0.010148,0.304000,0.240000
0.010152,0.312000,0.232000
0.010156,0.320000,0.240000
0.010160,0.312000,0.232000
0.010164,0.320000,0.232000
0.010168,0.328000,0.232000
0.010172,0.320000,0.232000
0.010176,0.328000,0.224000
0.010180,0.336000,0.232000
0.010184,0.336000,0.224000
0.010188,0.336000,0.224000
0.010192,0.336000,0.224000
0.010196,0.344000,0.224000
0.010200,0.336000,0.216000
0.010204,0.344000,0.216000
0.010208,0.344000,0.208000
0.010212,0.344000,0.208000
0.010216,0.344000,0.208000
0.010220,0.344000,0.208000
0.010224,0.344000,0.200000
0.010228,0.336000,0.200000
0.010232,0.344000,0.200000
0.010236,0.344000,0.192000
0.010240,0.344000,0.192000
0.010244,0.352000,0.184000
0.010248,0.344000,0.184000
0.010252,0.344000,0.176000
0.010256,0.344000,0.176000
0.010260,0.336000,0.168000
0.010264,0.336000,0.168000
0.010268,0.336000,0.160000
0.010272,0.336000,0.160000
0.010276,0.336000,0.160000
0.010280,0.336000,0.152000
0.010284,0.328000,0.152000
0.010288,0.328000,0.144000
0.010292,0.320000,0.144000
0.010296,0.320000,0.136000
0.010300,0.312000,0.128000
0.010304,0.312000,0.128000
0.010308,0.312000,0.128000
0.010312,0.312000,0.120000
0.010316,0.304000,0.112000
0.010320,0.296000,0.112000
0.010324,0.296000,0.104000
0.010328,0.296000,0.104000
0.010332,0.288000,0.096000
0.010336,0.288000,0.088000
0.010340,0.280000,0.080000
0.010344,0.272000,0.080000
0.010348,0.272000,0.072000
0.010352,0.264000,0.072000
0.010356,0.256000,0.064000
0.010360,0.256000,0.064000
0.010364,0.256000,0.056000
0.010368,0.248000,0.048000
0.010372,0.240000,0.040000
0.010376,0.240000,0.040000
0.010380,0.232000,0.040000
0.010384,0.224000,0.032000
0.010388,0.216000,0.024000
0.010392,0.208000,0.016000
0.010396,0.200000,0.016000
0.010400,0.200000,0.008000
0.010404,0.192000,0.000000
0.010408,0.184000,-0.008000
0.010412,0.184000,-0.016000
0.010416,0.168000,-0.016000
0.010420,0.160000,-0.024000
0.010424,0.160000,-0.032000
0.010428,0.160000,-0.032000
0.010432,0.144000,-0.040000
0.010436,0.136000,-0.040000
0.010440,0.128000,-0.048000
0.010444,0.128000,-0.056000
0.010448,0.112000,-0.056000
0.010452,0.112000,-0.056000
0.010456,0.104000,-0.064000
0.010460,0.096000,-0.072000
0.010464,0.088000,-0.080000
0.010468,0.080000,-0.080000
0.010472,0.072000,-0.080000
0.010476,0.064000,-0.096000
0.010480,0.056000,-0.096000
0.010484,0.048000,-0.104000
0.010488,0.040000,-0.104000
0.010492,0.032000,-0.112000
0.010496,0.024000,-0.112000
0.010500,0.024000,-0.120000
0.010504,0.008000,-0.128000
0.010508,0.000000,-0.128000
0.010512,-0.008000,-0.136000
0.010516,-0.008000,-0.136000
0.010520,-0.024000,-0.144000
0.010524,-0.032000,-0.144000
0.010528,-0.040000,-0.144000
0.010532,-0.040000,-0.152000
0.010536,-0.048000,-0.152000
0.010540,-0.056000,-0.160000
0.010544,-0.064000,-0.168000
0.010548,-0.072000,-0.168000
0.010552,-0.080000,-0.176000
0.010556,-0.088000,-0.176000
0.010560,-0.096000,-0.176000
0.010564,-0.104000,-0.184000
0.010568,-0.112000,-0.184000
0.010572,-0.112000,-0.184000
0.010576,-0.128000,-0.192000
0.010580,-0.128000,-0.192000
0.010584,-0.136000,-0.192000
0.010588,-0.144000,-0.192000
0.010592,-0.152000,-0.200000
0.010596,-0.160000,-0.200000
0.010600,-0.160000,-0.208000
0.010604,-0.176000,-0.208000
0.010608,-0.176000,-0.216000
0.010612,-0.184000,-0.216000
0.010616,-0.192000,-0.216000
0.010620,-0.200000,-0.216000
0.010624,-0.208000,-0.216000
0.010628,-0.216000,-0.224000
0.010632,-0.216000,-0.224000
0.010636,-0.224000,-0.224000
0.010640,-0.224000,-0.224000
0.010644,-0.232000,-0.224000
0.010648,-0.240000,-0.224000
0.010652,-0.240000,-0.224000
0.010656,-0.248000,-0.232000
0.010660,-0.256000,-0.224000
0.010664,-0.256000,-0.232000
0.010668,-0.264000,-0.232000
0.010672,-0.272000,-0.232000
0.010676,-0.272000,-0.240000
0.010680,-0.280000,-0.232000
0.010684,-0.280000,-0.232000
0.010688,-0.296000,-0.232000
0.010692,-0.288000,-0.232000
0.010696,-0.296000,-0.232000
0.010700,-0.296000,-0.232000
0.010704,-0.296000,-0.232000
0.010708,-0.312000,-0.232000
0.010712,-0.304000,-0.224000
0.010716,-0.312000,-0.224000
0.010720,-0.312000,-0.224000
0.010724,-0.320000,-0.224000
0.010728,-0.320000,-0.224000
0.010732,-0.320000,-0.216000
0.010736,-0.328000,-0.224000
0.010740,-0.328000,-0.216000
0.010744,-0.336000,-0.216000
0.010748,-0.328000,-0.216000
0.010752,-0.328000,-0.208000
0.010756,-0.328000,-0.216000
0.010760,-0.336000,-0.208000
0.010764,-0.336000,-0.208000
0.010768,-0.336000,-0.200000
0.010772,-0.336000,-0.200000
0.010776,-0.336000,-0.200000
0.010780,-0.336000,-0.192000
0.010784,-0.336000,-0.192000
0.010788,-0.336000,-0.192000
0.010792,-0.344000,-0.192000
0.010796,-0.336000,-0.184000
0.010800,-0.336000,-0.176000
0.010804,-0.336000,-0.176000
0.010808,-0.336000,-0.176000
0.010812,-0.336000,-0.168000
0.010816,-0.336000,-0.168000
0.010820,-0.336000,-0.160000
0.010824,-0.328000,-0.160000
0.010828,-0.328000,-0.152000
0.010832,-0.328000,-0.152000
0.010836,-0.320000,-0.144000
0.010840,-0.320000,-0.144000
0.010844,-0.328000,-0.144000
0.010848,-0.320000,-0.136000
0.010852,-0.312000,-0.128000
0.010856,-0.312000,-0.128000
0.010860,-0.312000,-0.120000
0.010864,-0.304000,-0.120000
0.010868,-0.304000,-0.112000
0.010872,-0.296000,-0.112000
0.010876,-0.296000,-0.104000
0.010880,-0.296000,-0.104000
0.010884,-0.288000,-0.096000
0.010888,-0.280000,-0.096000
0.010892,-0.280000,-0.088000
0.010896,-0.272000,-0.080000
0.010900,-0.272000,-0.080000
0.010904,-0.264000,-0.080000
0.010908,-0.256000,-0.064000
0.010912,-0.256000,-0.056000
0.010916,-0.248000,-0.056000
0.010920,-0.248000,-0.048000
0.010924,-0.240000,-0.040000
0.010928,-0.232000,-0.040000
0.010932,-0.232000,-0.040000
0.010936,-0.224000,-0.032000
0.010940,-0.224000,-0.024000
0.010944,-0.208000,-0.024000
0.010948,-0.200000,-0.016000
0.010952,-0.200000,-0.008000
0.010956,-0.200000,-0.008000
0.010960,-0.184000,0.000000
0.010964,-0.176000,0.008000
0.010968,-0.168000,0.016000
0.010972,-0.168000,0.016000
0.010976,-0.160000,0.016000
0.010980,-0.152000,0.032000
0.010984,-0.152000,0.032000
0.010988,-0.144000,0.040000
0.010992,-0.136000,0.040000
0.010996,-0.128000,0.048000
0.011000,-0.120000,0.056000
0.011004,-0.112000,0.056000
0.011008,-0.104000,0.064000
0.011012,-0.096000,0.064000
0.011016,-0.088000,0.080000
0.011020,-0.080000,0.080000
0.011024,-0.080000,0.080000
0.011028,-0.064000,0.088000
0.011032,-0.056000,0.096000
0.011036,-0.048000,0.104000
0.011040,-0.048000,0.104000
0.011044,-0.040000,0.112000
0.011048,-0.032000,0.112000
0.011052,-0.016000,0.112000
0.011056,-0.008000,0.128000
0.011060,-0.008000,0.128000
0.011064,0.000000,0.128000
0.011068,0.016000,0.136000
0.011072,0.016000,0.144000
0.011076,0.032000,0.144000
0.011080,0.032000,0.152000
0.011084,0.040000,0.152000
0.011088,0.048000,0.160000
0.011092,0.056000,0.160000
0.011096,0.064000,0.160000
0.011100,0.072000,0.168000
0.011104,0.080000,0.176000
0.011108,0.088000,0.176000
0.011112,0.096000,0.176000
0.011116,0.104000,0.184000
0.011120,0.104000,0.184000
0.011124,0.120000,0.192000
0.011128,0.128000,0.192000
0.011132,0.136000,0.192000
0.011136,0.136000,0.200000
0.011140,0.144000,0.200000
0.011144,0.152000,0.208000
0.011148,0.160000,0.208000
0.011152,0.168000,0.208000
0.011156,0.176000,0.208000
0.011160,0.184000,0.216000
0.011164,0.192000,0.224000
0.011168,0.192000,0.224000
0.011172,0.200000,0.224000
0.011176,0.208000,0.224000
0.011180,0.216000,0.224000
0.011184,0.224000,0.224000
0.011188,0.224000,0.224000
0.011192,0.232000,0.224000
0.011196,0.240000,0.232000
0.011200,0.240000,0.232000
0.011204,0.248000,0.232000
0.011208,0.248000,0.232000
0.011212,0.256000,0.232000
0.011216,0.264000,0.232000
0.011220,0.264000,0.232000
0.011224,0.272000,0.240000
0.011228,0.280000,0.240000
0.011232,0.280000,0.232000
0.011236,0.288000,0.240000
0.011240,0.288000,0.240000
0.011244,0.296000,0.240000
0.011248,0.296000,0.232000
0.011252,0.304000,0.240000
0.011256,0.312000,0.232000
0.011260,0.304000,0.240000
0.011264,0.312000,0.232000
0.011268,0.320000,0.232000
0.011272,0.320000,0.232000
0.011276,0.320000,0.232000
0.011280,0.320000,0.224000
0.011284,0.328000,0.224000
0.011288,0.328000,0.232000
0.011292,0.328000,0.224000
0.011296,0.336000,0.224000
0.011300,0.336000,0.224000
0.011304,0.336000,0.224000
0.011308,0.336000,0.216000
0.011312,0.336000,0.224000
0.011316,0.336000,0.216000
0.011320,0.336000,0.216000
0.011324,0.344000,0.208000
0.011328,0.344000,0.208000
0.011332,0.344000,0.200000
0.011336,0.344000,0.200000
0.011340,0.352000,0.200000
0.011344,0.352000,0.200000
0.011348,0.344000,0.192000
0.011352,0.344000,0.192000
0.011356,0.344000,0.184000
0.011360,0.344000,0.184000
0.011364,0.336000,0.176000
0.011368,0.344000,0.176000
0.011372,0.336000,0.176000
0.011376,0.336000,0.168000
0.011380,0.336000,0.168000
0.011384,0.336000,0.160000
0.011388,0.336000,0.160000
0.011392,0.336000,0.152000
0.011396,0.328000,0.144000
0.011400,0.328000,0.144000
0.011404,0.320000,0.136000
0.011408,0.320000,0.136000
0.011412,0.320000,0.136000
0.011416,0.312000,0.128000
0.011420,0.312000,0.120000
0.011424,0.312000,0.120000
0.011428,0.304000,0.112000
0.011432,0.296000,0.104000
0.011436,0.296000,0.104000
0.011440,0.288000,0.096000
0.011444,0.288000,0.088000
0.011448,0.280000,0.088000
0.011452,0.280000,0.080000
0.011456,0.272000,0.080000
0.011460,0.272000,0.072000
0.011464,0.264000,0.072000
0.011468,0.256000,0.064000
0.011472,0.248000,0.056000
0.011476,0.248000,0.048000
0.011480,0.248000,0.048000
0.011484,0.240000,0.040000
0.011488,0.240000,0.040000
0.011492,0.232000,0.032000
0.011496,0.224000,0.032000
0.011500,0.216000,0.024000
0.011504,0.208000,0.016000
0.011508,0.200000,0.016000
0.011512,0.200000,0.008000
0.011516,0.200000,0.000000
0.011520,0.184000,-0.008000
0.011524,0.176000,-0.008000
0.011528,0.176000,-0.016000
0.011532,0.160000,-0.024000
0.011536,0.160000,-0.032000
0.011540,0.152000,-0.032000
0.011544,0.144000,-0.040000
0.011548,0.136000,-0.048000
0.011552,0.128000,-0.048000
0.011556,0.120000,-0.056000
0.011560,0.120000,-0.056000
0.011564,0.104000,-0.064000
0.011568,0.096000,-0.072000
0.011572,0.096000,-0.072000
0.011576,0.080000,-0.080000
0.011580,0.080000,-0.080000
0.011584,0.064000,-0.096000
0.011588,0.064000,-0.096000
0.011592,0.048000,-0.104000
0.011596,0.048000,-0.104000
0.011600,0.040000,-0.104000
0.011604,0.032000,-0.112000
0.011608,0.024000,-0.120000
0.011612,0.016000,-0.120000
0.011616,0.008000,-0.128000
0.011620,0.000000,-0.128000
0.011624,-0.008000,-0.136000
0.011628,-0.016000,-0.136000
0.011632,-0.024000,-0.144000
0.011636,-0.032000,-0.144000
0.011640,-0.040000,-0.152000
0.011644,-0.048000,-0.152000
0.011648,-0.048000,-0.160000
0.011652,-0.064000,-0.160000
0.011656,-0.064000,-0.168000
0.011660,-0.072000,-0.168000
0.011664,-0.088000,-0.176000
0.011668,-0.088000,-0.176000
0.011672,-0.096000,-0.176000
0.011676,-0.104000,-0.176000
0.011680,-0.112000,-0.184000
0.011684,-0.120000,-0.184000
0.011688,-0.120000,-0.192000
0.011692,-0.136000,-0.192000
0.011696,-0.144000,-0.200000
0.011700,-0.152000,-0.200000
0.011704,-0.152000,-0.200000
0.011708,-0.160000,-0.208000
0.011712,-0.160000,-0.200000
0.011716,-0.176000,-0.208000
0.011720,-0.176000,-0.216000
0.011724,-0.184000,-0.216000
0.011728,-0.192000,-0.216000
0.011732,-0.200000,-0.216000
0.011736,-0.208000,-0.216000
0.011740,-0.216000,-0.216000
0.011744,-0.216000,-0.224000
0.011748,-0.224000,-0.224000
0.011752,-0.232000,-0.232000
0.011756,-0.232000,-0.232000
0.011760,-0.248000,-0.224000
0.011764,-0.248000,-0.232000
0.011768,-0.248000,-0.232000
0.011772,-0.256000,-0.232000
0.011776,-0.256000,-0.232000
0.011780,-0.264000,-0.232000
0.011784,-0.272000,-0.232000
0.011788,-0.272000,-0.232000
0.011792,-0.280000,-0.232000
0.011796,-0.288000,-0.232000
0.011800,-0.288000,-0.232000
0.011804,-0.288000,-0.232000
0.011808,-0.296000,-0.232000
0.011812,-0.296000,-0.232000
0.011816,-0.304000,-0.232000
0.011820,-0.312000,-0.232000
0.011824,-0.312000,-0.232000
0.011828,-0.312000,-0.224000
0.011832,-0.312000,-0.232000
0.011836,-0.320000,-0.224000
0.011840,-0.320000,-0.224000
0.011844,-0.328000,-0.224000
0.011848,-0.328000,-0.216000
0.011852,-0.328000,-0.216000
0.011856,-0.328000,-0.216000
0.011860,-0.336000,-0.216000
0.011864,-0.328000,-0.216000
0.011868,-0.336000,-0.208000
0.011872,-0.328000,-0.208000
0.011876,-0.336000,-0.200000
0.011880,-0.336000,-0.208000
0.011884,-0.344000,-0.200000
0.011888,-0.344000,-0.192000
0.011892,-0.336000,-0.200000
0.011896,-0.344000,-0.192000
0.011900,-0.336000,-0.192000
0.011904,-0.336000,-0.184000
0.011908,-0.336000,-0.184000
0.011912,-0.336000,-0.176000
0.011916,-0.344000,-0.176000
0.011920,-0.336000,-0.176000
0.011924,-0.336000,-0.176000
0.011928,-0.336000,-0.168000
0.011932,-0.336000,-0.168000
0.011936,-0.328000,-0.160000
0.011940,-0.328000,-0.160000
0.011944,-0.328000,-0.144000
0.011948,-0.328000,-0.144000
0.011952,-0.328000,-0.144000
0.011956,-0.320000,-0.144000
0.011960,-0.320000,-0.136000
0.011964,-0.312000,-0.128000
0.011968,-0.312000,-0.128000
0.011972,-0.312000,-0.128000
0.011976,-0.304000,-0.120000
0.011980,-0.304000,-0.112000
0.011984,-0.296000,-0.112000
0.011988,-0.296000,-0.104000
0.011992,-0.288000,-0.104000
0.011996,-0.288000,-0.096000
0.012000,-0.280000,-0.088000
0.012004,-0.280000,-0.088000
0.012008,-0.272000,-0.080000
0.012012,-0.272000,-0.080000
0.012016,-0.264000,-0.072000
0.012020,-0.256000,-0.056000
0.012024,-0.256000,-0.056000
0.012028,-0.248000,-0.056000
0.012032,-0.248000,-0.048000
0.012036,-0.240000,-0.048000
0.012040,-0.232000,-0.040000
0.012044,-0.224000,-0.032000
0.012048,-0.216000,-0.032000
0.012052,-0.216000,-0.024000
0.012056,-0.216000,-0.024000
0.012060,-0.200000,-0.016000
0.012064,-0.200000,0.000000
0.012068,-0.192000,0.000000
0.012072,-0.184000,0.000000
0.012076,-0.184000,0.008000
0.012080,-0.168000,0.016000
0.012084,-0.168000,0.016000
0.012088,-0.160000,0.024000
0.012092,-0.152000,0.024000
0.012096,-0.144000,0.040000
0.012100,-0.144000,0.040000
0.012104,-0.128000,0.040000
0.012108,-0.128000,0.048000
0.012112,-0.120000,0.056000
0.012116,-0.112000,0.056000
0.012120,-0.104000,0.072000
0.012124,-0.096000,0.072000
0.012128,-0.088000,0.072000
0.012132,-0.080000,0.080000
0.012136,-0.072000,0.088000
0.012140,-0.064000,0.096000
0.012144,-0.056000,0.096000
0.012148,-0.048000,0.104000
0.012152,-0.048000,0.104000
0.012156,-0.040000,0.112000
0.012160,-0.032000,0.112000
0.012164,-0.024000,0.120000
0.012168,-0.016000,0.128000
0.012172,-0.008000,0.128000
0.012176,0.000000,0.128000
0.012180,0.016000,0.136000
0.012184,0.024000,0.136000
0.012188,0.032000,0.144000
0.012192,0.032000,0.152000
0.012196,0.040000,0.160000
0.012200,0.048000,0.160000
0.012204,0.056000,0.168000
0.012208,0.064000,0.168000
0.012212,0.072000,0.168000
0.012216,0.088000,0.176000
0.012220,0.088000,0.176000
0.012224,0.096000,0.176000
0.012228,0.104000,0.184000
0.012232,0.112000,0.184000
0.012236,0.120000,0.192000
0.012240,0.128000,0.192000
0.012244,0.136000,0.200000
0.012248,0.144000,0.200000
0.012252,0.144000,0.200000
0.012256,0.160000,0.200000
0.012260,0.160000,0.200000
0.012264,0.168000,0.208000
0.012268,0.176000,0.216000
0.012272,0.176000,0.216000
0.012276,0.184000,0.216000
0.012280,0.192000,0.224000
0.012284,0.200000,0.224000
0.012288,0.208000,0.224000
0.012292,0.216000,0.224000
0.012296,0.216000,0.224000
0.012300,0.232000,0.232000
0.012304,0.240000,0.232000
0.012308,0.240000,0.232000
0.012312,0.240000,0.232000
0.012316,0.248000,0.232000
0.012320,0.248000,0.232000
0.012324,0.256000,0.232000
0.012328,0.264000,0.232000
0.012332,0.264000,0.240000
0.012336,0.272000,0.240000
0.012340,0.272000,0.240000
0.012344,0.280000,0.240000
0.012348,0.296000,0.232000
0.012352,0.288000,0.240000
0.012356,0.296000,0.240000
0.012360,0.304000,0.240000
0.012364,0.304000,0.240000
0.012368,0.304000,0.232000
0.012372,0.312000,0.240000
0.012376,0.312000,0.232000
0.012380,0.312000,0.240000
0.012384,0.320000,0.240000
0.012388,0.320000,0.232000
0.012392,0.320000,0.224000
0.012396,0.328000,0.232000
0.012400,0.336000,0.232000
0.012404,0.336000,0.224000
0.012408,0.336000,0.224000
0.012412,0.336000,0.224000
0.012416,0.336000,0.224000
0.012420,0.336000,0.216000
0.012424,0.336000,0.216000
0.012428,0.344000,0.216000
0.012432,0.344000,0.208000
0.012436,0.344000,0.208000
0.012440,0.344000,0.208000
0.012444,0.352000,0.200000
0.012448,0.344000,0.200000
0.012452,0.344000,0.200000
0.012456,0.352000,0.200000
0.012460,0.344000,0.192000
0.012464,0.344000,0.184000
0.012468,0.344000,0.192000
0.012472,0.344000,0.184000
0.012476,0.344000,0.176000
0.012480,0.336000,0.176000
0.012484,0.336000,0.168000
0.012488,0.336000,0.168000
0.012492,0.336000,0.168000
0.012496,0.336000,0.160000
0.012500,0.336000,0.152000
0.012504,0.328000,0.152000
0.012508,0.328000,0.144000
0.012512,0.320000,0.144000
0.012516,0.320000,0.144000
0.012520,0.320000,0.136000
0.012524,0.312000,0.128000
0.012528,0.312000,0.128000
0.012532,0.312000,0.120000
0.012536,0.304000,0.112000
0.012540,0.304000,0.112000
0.012544,0.296000,0.104000
0.012548,0.296000,0.104000
0.012552,0.288000,0.096000
0.012556,0.288000,0.096000
0.012560,0.280000,0.088000
0.012564,0.280000,0.080000
0.012568,0.280000,0.080000
0.012572,0.272000,0.072000
0.012576,0.264000,0.064000
0.012580,0.256000,0.056000
0.012584,0.256000,0.056000
0.012588,0.248000,0.056000
0.012592,0.240000,0.048000
0.012596,0.240000,0.040000
0.012600,0.240000,0.040000
0.012604,0.224000,0.032000
0.012608,0.216000,0.024000
0.012612,0.216000,0.024000
0.012616,0.208000,0.016000
0.012620,0.200000,0.008000
0.012624,0.200000,0.008000
0.012628,0.192000,0.000000
0.012632,0.184000,-0.008000
0.012636,0.176000,-0.008000
0.012640,0.176000,-0.016000
0.012644,0.160000,-0.024000
0.012648,0.152000,-0.032000
0.012652,0.152000,-0.032000
0.012656,0.144000,-0.040000
0.012660,0.136000,-0.048000
0.012664,0.128000,-0.048000
0.012668,0.120000,-0.056000
0.012672,0.112000,-0.064000
0.012676,0.104000,-0.064000
0.012680,0.096000,-0.072000
0.012684,0.088000,-0.072000
0.012688,0.088000,-0.080000
0.012692,0.072000,-0.080000
0.012696,0.064000,-0.088000
0.012700,0.064000,-0.088000
0.012704,0.056000,-0.104000
0.012708,0.048000,-0.104000
0.012712,0.040000,-0.112000
0.012716,0.032000,-0.112000
0.012720,0.024000,-0.112000
0.012724,0.016000,-0.120000
0.012728,0.008000,-0.128000
0.012732,0.000000,-0.128000
0.012736,-0.008000,-0.136000
0.012740,-0.016000,-0.136000
0.012744,-0.024000,-0.144000
0.012748,-0.032000,-0.144000
0.012752,-0.040000,-0.152000
0.012756,-0.048000,-0.152000
0.012760,-0.056000,-0.160000
0.012764,-0.064000,-0.168000
0.012768,-0.072000,-0.168000
0.012772,-0.080000,-0.168000
0.012776,-0.088000,-0.168000
0.012780,-0.096000,-0.176000
0.012784,-0.104000,-0.176000
0.012788,-0.104000,-0.184000
0.012792,-0.112000,-0.184000
0.012796,-0.120000,-0.192000
0.012800,-0.128000,-0.200000
0.012804,-0.136000,-0.192000
0.012808,-0.144000,-0.200000
0.012812,-0.152000,-0.200000
0.012816,-0.160000,-0.200000
0.012820,-0.160000,-0.200000
0.012824,-0.168000,-0.208000
0.012828,-0.176000,-0.216000
0.012832,-0.176000,-0.208000
0.012836,-0.192000,-0.216000
0.012840,-0.192000,-0.216000
0.012844,-0.200000,-0.216000
0.012848,-0.208000,-0.216000
0.012852,-0.216000,-0.224000
0.012856,-0.216000,-0.224000
0.012860,-0.224000,-0.224000
0.012864,-0.232000,-0.224000
0.012868,-0.240000,-0.224000
0.012872,-0.240000,-0.232000
0.012876,-0.248000,-0.224000
0.012880,-0.248000,-0.232000
0.012884,-0.256000,-0.224000
0.012888,-0.264000,-0.232000
0.012892,-0.264000,-0.232000
0.012896,-0.272000,-0.240000
0.012900,-0.272000,-0.232000
0.012904,-0.280000,-0.232000
0.012908,-0.288000,-0.232000
0.012912,-0.288000,-0.232000
0.012916,-0.296000,-0.232000
0.012920,-0.296000,-0.232000
0.012924,-0.304000,-0.232000
0.012928,-0.312000,-0.232000
0.012932,-0.312000,-0.232000
0.012936,-0.312000,-0.232000
0.012940,-0.312000,-0.232000
0.012944,-0.312000,-0.232000
0.012948,-0.320000,-0.224000
0.012952,-0.320000,-0.224000
0.012956,-0.320000,-0.224000
0.012960,-0.328000,-0.224000
0.012964,-0.328000,-0.216000
0.012968,-0.328000,-0.216000
0.012972,-0.336000,-0.216000
0.012976,-0.328000,-0.216000
0.012980,-0.336000,-0.216000
0.012984,-0.336000,-0.208000
0.012988,-0.336000,-0.208000
0.012992,-0.336000,-0.200000
0.012996,-0.336000,-0.200000
