0.007750,-0.496000,-0.472000
0.007750,-0.480000,-0.456000
0.007750,-0.480000,-0.456000
0.007751,-0.488000,-0.464000
0.007751,-0.480000,-0.456000
0.007751,-0.480000,-0.464000
0.007751,-0.480000,-0.456000
0.007751,-0.480000,-0.464000
0.007752,-0.480000,-0.464000
0.007752,-0.488000,-0.456000
0.007752,-0.480000,-0.464000
0.007752,-0.480000,-0.456000
0.007752,-0.480000,-0.456000
0.007753,-0.480000,-0.440000
0.007753,-0.480000,-0.456000
0.007753,-0.472000,-0.456000
0.007753,-0.480000,-0.440000
0.007753,-0.496000,-0.464000
0.007754,-0.480000,-0.456000
0.007754,-0.480000,-0.440000
0.007754,-0.480000,-0.448000
0.007754,-0.472000,-0.448000
0.007754,-0.480000,-0.440000
0.007755,-0.480000,-0.448000
0.007755,-0.480000,-0.440000
0.007755,-0.464000,-0.440000
0.007755,-0.464000,-0.432000
0.007755,-0.472000,-0.440000
0.007756,-0.464000,-0.440000
0.007756,-0.472000,-0.440000
0.007756,-0.464000,-0.432000
0.007756,-0.464000,-0.424000
0.007756,-0.464000,-0.424000
0.007757,-0.472000,-0.432000
0.007757,-0.472000,-0.424000
0.007757,-0.456000,-0.424000
0.007757,-0.464000,-0.424000
0.007757,-0.456000,-0.416000
0.007758,-0.456000,-0.432000
0.007758,-0.472000,-0.416000
0.007758,-0.456000,-0.424000
0.007758,-0.456000,-0.424000
0.007758,-0.456000,-0.416000
0.007759,-0.456000,-0.416000
0.007759,-0.464000,-0.424000
0.007759,-0.448000,-0.416000
0.007759,-0.464000,-0.408000
0.007759,-0.456000,-0.408000
0.007760,-0.448000,-0.408000
0.007760,-0.448000,-0.400000
0.007760,-0.456000,-0.400000
0.007760,-0.440000,-0.400000
0.007760,-0.440000,-0.400000
0.007761,-0.440000,-0.392000
0.007761,-0.440000,-0.384000
0.007761,-0.440000,-0.400000
0.007761,-0.432000,-0.392000
0.007761,-0.440000,-0.400000
0.007762,-0.432000,-0.400000
0.007762,-0.424000,-0.392000
0.007762,-0.424000,-0.392000
0.007762,-0.432000,-0.384000
0.007762,-0.440000,-0.384000
0.007763,-0.432000,-0.384000
0.007763,-0.424000,-0.376000
0.007763,-0.424000,-0.392000
0.007763,-0.424000,-0.376000
0.007763,-0.416000,-0.376000
0.007764,-0.416000,-0.376000
0.007764,-0.432000,-0.376000
0.007764,-0.416000,-0.376000
0.007764,-0.424000,-0.368000
0.007764,-0.408000,-0.368000
0.007765,-0.424000,-0.368000
0.007765,-0.424000,-0.352000
0.007765,-0.424000,-0.360000
0.007765,-0.416000,-0.352000
0.007765,-0.400000,-0.360000
0.007766,-0.416000,-0.352000
0.007766,-0.408000,-0.344000
0.007766,-0.400000,-0.352000
0.007766,-0.400000,-0.352000
0.007766,-0.400000,-0.344000
0.007767,-0.400000,-0.344000
0.007767,-0.400000,-0.352000
0.007767,-0.392000,-0.336000
0.007767,-0.392000,-0.328000
0.007767,-0.392000,-0.336000
0.007768,-0.384000,-0.336000
0.007768,-0.384000,-0.336000
0.007768,-0.376000,-0.328000
0.007768,-0.392000,-0.328000
0.007768,-0.384000,-0.328000
0.007769,-0.384000,-0.320000
0.007769,-0.384000,-0.320000
0.007769,-0.376000,-0.320000
0.007769,-0.376000,-0.320000
0.007769,-0.376000,-0.312000
0.007770,-0.368000,-0.320000
0.007770,-0.368000,-0.304000
0.007770,-0.360000,-0.304000
0.007770,-0.368000,-0.304000
0.007770,-0.360000,-0.296000
0.007771,-0.360000,-0.304000
0.007771,-0.360000,-0.296000
0.007771,-0.352000,-0.304000
0.007771,-0.352000,-0.280000
0.007771,-0.352000,-0.296000
0.007772,-0.352000,-0.296000
0.007772,-0.352000,-0.280000
0.007772,-0.344000,-0.288000
0.007772,-0.352000,-0.272000
0.007772,-0.344000,-0.272000
0.007773,-0.336000,-0.280000
0.007773,-0.328000,-0.272000
0.007773,-0.328000,-0.272000
0.007773,-0.344000,-0.272000
0.007773,-0.336000,-0.264000
0.007774,-0.328000,-0.264000
0.007774,-0.320000,-0.264000
0.007774,-0.312000,-0.264000
0.007774,-0.320000,-0.256000
0.007774,-0.336000,-0.256000
0.007775,-0.312000,-0.256000
0.007775,-0.312000,-0.240000
0.007775,-0.304000,-0.256000
0.007775,-0.304000,-0.240000
0.007775,-0.304000,-0.232000
0.007776,-0.296000,-0.232000
0.007776,-0.296000,-0.240000
0.007776,-0.288000,-0.240000
0.007776,-0.296000,-0.224000
0.007776,-0.288000,-0.232000
0.007777,-0.288000,-0.216000
0.007777,-0.288000,-0.216000
0.007777,-0.296000,-0.216000
0.007777,-0.272000,-0.216000
0.007777,-0.280000,-0.216000
0.007778,-0.288000,-0.216000
0.007778,-0.280000,-0.208000
0.007778,-0.272000,-0.208000
0.007778,-0.272000,-0.208000
0.007778,-0.280000,-0.200000
0.007779,-0.272000,-0.200000
0.007779,-0.256000,-0.200000
0.007779,-0.272000,-0.200000
0.007779,-0.256000,-0.184000
0.007779,-0.248000,-0.192000
0.007780,-0.256000,-0.184000
0.007780,-0.256000,-0.184000
0.007780,-0.248000,-0.176000
0.007780,-0.240000,-0.184000
0.007780,-0.240000,-0.176000
0.007781,-0.240000,-0.160000
0.007781,-0.232000,-0.168000
0.007781,-0.224000,-0.176000
0.007781,-0.232000,-0.160000
0.007781,-0.224000,-0.160000
0.007782,-0.216000,-0.152000
0.007782,-0.224000,-0.152000
0.007782,-0.216000,-0.144000
0.007782,-0.224000,-0.144000
0.007782,-0.208000,-0.152000
0.007783,-0.208000,-0.144000
0.007783,-0.208000,-0.144000
0.007783,-0.200000,-0.136000
0.007783,-0.200000,-0.136000
0.007783,-0.200000,-0.128000
0.007784,-0.200000,-0.136000
0.007784,-0.184000,-0.128000
0.007784,-0.192000,-0.120000
0.007784,-0.184000,-0.128000
0.007784,-0.184000,-0.112000
0.007785,-0.184000,-0.112000
0.007785,-0.184000,-0.120000
0.007785,-0.176000,-0.104000
0.007785,-0.168000,-0.104000
0.007785,-0.176000,-0.104000
0.007786,-0.160000,-0.096000
0.007786,-0.160000,-0.096000
0.007786,-0.168000,-0.096000
0.007786,-0.160000,-0.088000
0.007786,-0.160000,-0.096000
0.007787,-0.152000,-0.080000
0.007787,-0.144000,-0.072000
0.007787,-0.160000,-0.088000
0.007787,-0.136000,-0.080000
0.007787,-0.144000,-0.080000
0.007788,-0.144000,-0.080000
0.007788,-0.120000,-0.072000
0.007788,-0.144000,-0.072000
0.007788,-0.136000,-0.072000
0.007788,-0.136000,-0.056000
0.007789,-0.136000,-0.056000
0.007789,-0.120000,-0.056000
0.007789,-0.112000,-0.056000
0.007789,-0.120000,-0.048000
0.007789,-0.112000,-0.048000
0.007790,-0.104000,-0.032000
0.007790,-0.104000,-0.040000
0.007790,-0.096000,-0.040000
0.007790,-0.112000,-0.032000
0.007790,-0.096000,-0.024000
0.007791,-0.088000,-0.032000
0.007791,-0.088000,-0.024000
0.007791,-0.080000,-0.016000
0.007791,-0.080000,-0.024000
0.007791,-0.080000,-0.008000
0.007792,-0.080000,-0.016000
0.007792,-0.064000,-0.008000
0.007792,-0.072000,-0.008000
0.007792,-0.064000,0.000000
0.007792,-0.064000,0.008000
0.007793,-0.056000,0.000000
0.007793,-0.064000,0.016000
0.007793,-0.072000,0.008000
0.007793,-0.056000,0.008000
0.007793,-0.048000,0.016000
0.007794,-0.048000,0.016000
0.007794,-0.040000,0.024000
0.007794,-0.040000,0.024000
0.007794,-0.040000,0.024000
0.007794,-0.032000,0.024000
0.007795,-0.024000,0.032000
0.007795,-0.024000,0.040000
0.007795,-0.024000,0.040000
0.007795,-0.016000,0.040000
0.007795,-0.016000,0.048000
0.007796,-0.008000,0.048000
0.007796,-0.008000,0.056000
0.007796,0.000000,0.064000
0.007796,-0.008000,0.048000
0.007796,-0.008000,0.064000
0.007797,0.000000,0.072000
0.007797,0.008000,0.064000
0.007797,0.008000,0.072000
0.007797,0.000000,0.072000
0.007797,0.008000,0.080000
0.007798,0.016000,0.080000
0.007798,0.024000,0.088000
0.007798,0.016000,0.088000
0.007798,0.024000,0.096000
0.007798,0.024000,0.088000
0.007799,0.016000,0.096000
0.007799,0.032000,0.104000
0.007799,0.048000,0.104000
0.007799,0.048000,0.096000
0.007799,0.048000,0.112000
0.007800,0.040000,0.112000
0.007800,0.048000,0.120000
0.007800,0.040000,0.112000
0.007800,0.056000,0.112000
0.007800,0.072000,0.104000
0.007801,0.072000,0.120000
0.007801,0.064000,0.120000
0.007801,0.064000,0.120000
0.007801,0.072000,0.136000
0.007801,0.072000,0.136000
0.007802,0.088000,0.144000
0.007802,0.088000,0.144000
0.007802,0.096000,0.152000
0.007802,0.088000,0.144000
0.007802,0.088000,0.152000
0.007803,0.112000,0.152000
0.007803,0.104000,0.152000
0.007803,0.096000,0.160000
0.007803,0.104000,0.152000
0.007803,0.088000,0.160000
0.007804,0.112000,0.168000
0.007804,0.104000,0.160000
0.007804,0.120000,0.176000
0.007804,0.104000,0.176000
0.007804,0.112000,0.176000
0.007805,0.120000,0.184000
0.007805,0.136000,0.176000
0.007805,0.136000,0.184000
0.007805,0.128000,0.184000
0.007805,0.144000,0.192000
0.007806,0.144000,0.192000
0.007806,0.136000,0.200000
0.007806,0.152000,0.200000
0.007806,0.152000,0.200000
0.007806,0.160000,0.200000
0.007807,0.168000,0.200000
0.007807,0.168000,0.216000
0.007807,0.160000,0.208000
0.007807,0.168000,0.224000
0.007807,0.160000,0.216000
0.007808,0.168000,0.208000
0.007808,0.168000,0.216000
0.007808,0.184000,0.224000
0.007808,0.176000,0.232000
0.007808,0.176000,0.232000
0.007809,0.192000,0.232000
0.007809,0.192000,0.240000
0.007809,0.184000,0.240000
0.007809,0.192000,0.240000
0.007809,0.192000,0.248000
0.007810,0.200000,0.248000
0.007810,0.208000,0.240000
0.007810,0.192000,0.240000
0.007810,0.208000,0.256000
0.007810,0.208000,0.248000
0.007811,0.224000,0.256000
0.007811,0.216000,0.264000
0.007811,0.224000,0.264000
0.007811,0.224000,0.272000
0.007811,0.232000,0.272000
0.007812,0.232000,0.280000
0.007812,0.232000,0.272000
0.007812,0.240000,0.280000
0.007812,0.240000,0.280000
0.007812,0.240000,0.280000
0.007813,0.240000,0.288000
0.007813,0.232000,0.288000
0.007813,0.240000,0.280000
0.007813,0.248000,0.288000
0.007813,0.248000,0.296000
0.007814,0.256000,0.296000
0.007814,0.256000,0.296000
0.007814,0.248000,0.304000
0.007814,0.272000,0.304000
0.007814,0.272000,0.304000
0.007815,0.272000,0.312000
0.007815,0.272000,0.320000
0.007815,0.280000,0.312000
0.007815,0.272000,0.312000
0.007815,0.280000,0.320000
0.007816,0.280000,0.320000
0.007816,0.288000,0.328000
0.007816,0.296000,0.328000
0.007816,0.280000,0.328000
0.007816,0.296000,0.320000
0.007817,0.296000,0.336000
0.007817,0.304000,0.336000
0.007817,0.296000,0.336000
0.007817,0.288000,0.352000
0.007817,0.312000,0.344000
0.007818,0.312000,0.328000
0.007818,0.304000,0.344000
0.007818,0.312000,0.344000
0.007818,0.304000,0.344000
0.007818,0.312000,0.352000
0.007819,0.312000,0.360000
0.007819,0.328000,0.360000
0.007819,0.328000,0.352000
0.007819,0.320000,0.360000
0.007819,0.328000,0.360000
0.007820,0.328000,0.360000
0.007820,0.328000,0.368000
0.007820,0.328000,0.376000
0.007820,0.344000,0.368000
0.007820,0.336000,0.368000
0.007821,0.344000,0.368000
0.007821,0.352000,0.368000
0.007821,0.352000,0.376000
0.007821,0.352000,0.384000
0.007821,0.352000,0.376000
0.007822,0.360000,0.376000
0.007822,0.352000,0.376000
0.007822,0.352000,0.384000
0.007822,0.360000,0.392000
0.007822,0.368000,0.400000
0.007823,0.368000,0.392000
0.007823,0.360000,0.392000
0.007823,0.376000,0.400000
0.007823,0.368000,0.400000
0.007823,0.376000,0.400000
0.007824,0.368000,0.400000
0.007824,0.384000,0.400000
0.007824,0.376000,0.400000
0.007824,0.384000,0.408000
0.007824,0.384000,0.408000
0.007825,0.384000,0.408000
0.007825,0.384000,0.400000
0.007825,0.384000,0.400000
0.007825,0.400000,0.416000
0.007825,0.392000,0.416000
0.007826,0.392000,0.408000
0.007826,0.400000,0.424000
0.007826,0.400000,0.408000
0.007826,0.392000,0.416000
0.007826,0.408000,0.416000
0.007827,0.400000,0.432000
0.007827,0.408000,0.424000
0.007827,0.416000,0.424000
0.007827,0.392000,0.424000
0.007827,0.416000,0.432000
0.007828,0.408000,0.432000
0.007828,0.416000,0.432000
0.007828,0.400000,0.432000
0.007828,0.408000,0.440000
0.007828,0.424000,0.440000
0.007829,0.432000,0.432000
0.007829,0.416000,0.432000
0.007829,0.432000,0.432000
0.007829,0.432000,0.440000
0.007829,0.432000,0.448000
0.007830,0.424000,0.440000
0.007830,0.432000,0.440000
0.007830,0.432000,0.448000
0.007830,0.432000,0.440000
0.007830,0.432000,0.448000
0.007831,0.440000,0.448000
0.007831,0.448000,0.448000
0.007831,0.440000,0.456000
0.007831,0.448000,0.440000
0.007831,0.448000,0.448000
0.007832,0.440000,0.456000
0.007832,0.448000,0.456000
0.007832,0.448000,0.448000
0.007832,0.440000,0.448000
0.007832,0.456000,0.456000
0.007833,0.448000,0.456000
0.007833,0.448000,0.464000
0.007833,0.440000,0.456000
0.007833,0.456000,0.448000
0.007833,0.448000,0.456000
0.007834,0.464000,0.456000
0.007834,0.456000,0.456000
0.007834,0.472000,0.464000
0.007834,0.456000,0.472000
0.007834,0.464000,0.456000
0.007835,0.464000,0.464000
0.007835,0.472000,0.464000
0.007835,0.480000,0.472000
0.007835,0.480000,0.472000
0.007835,0.472000,0.464000
0.007836,0.472000,0.464000
0.007836,0.464000,0.472000
0.007836,0.472000,0.472000
0.007836,0.472000,0.472000
0.007836,0.472000,0.472000
0.007837,0.480000,0.472000
0.007837,0.480000,0.472000
0.007837,0.480000,0.472000
0.007837,0.488000,0.472000
0.007837,0.480000,0.480000
0.007838,0.480000,0.472000
0.007838,0.480000,0.480000
0.007838,0.480000,0.464000
0.007838,0.480000,0.472000
0.007838,0.480000,0.480000
0.007839,0.496000,0.472000
0.007839,0.488000,0.480000
0.007839,0.480000,0.480000
0.007839,0.488000,0.472000
0.007839,0.488000,0.472000
0.007840,0.488000,0.480000
0.007840,0.488000,0.480000
0.007840,0.488000,0.472000
0.007840,0.496000,0.472000
0.007840,0.488000,0.472000
0.007841,0.504000,0.472000
0.007841,0.496000,0.480000
0.007841,0.496000,0.480000
0.007841,0.496000,0.480000
0.007841,0.496000,0.464000
0.007842,0.488000,0.472000
0.007842,0.504000,0.480000
0.007842,0.488000,0.480000
0.007842,0.496000,0.480000
0.007842,0.504000,0.480000
0.007843,0.488000,0.488000
0.007843,0.488000,0.472000
0.007843,0.496000,0.472000
0.007843,0.504000,0.480000
0.007843,0.504000,0.472000
0.007844,0.504000,0.472000
0.007844,0.488000,0.480000
0.007844,0.496000,0.488000
0.007844,0.496000,0.472000
0.007844,0.488000,0.480000
0.007845,0.504000,0.480000
0.007845,0.488000,0.472000
0.007845,0.496000,0.472000
0.007845,0.504000,0.480000
0.007845,0.496000,0.472000
0.007846,0.504000,0.480000
0.007846,0.496000,0.472000
0.007846,0.496000,0.480000
0.007846,0.504000,0.472000
0.007846,0.496000,0.480000
0.007847,0.512000,0.464000
0.007847,0.504000,0.464000
0.007847,0.496000,0.464000
0.007847,0.504000,0.464000
0.007847,0.496000,0.472000
0.007848,0.504000,0.480000
0.007848,0.496000,0.472000
0.007848,0.496000,0.480000
0.007848,0.504000,0.472000
0.007848,0.512000,0.472000
0.007849,0.496000,0.464000
0.007849,0.504000,0.480000
0.007849,0.496000,0.472000
0.007849,0.504000,0.472000
0.007849,0.496000,0.456000
0.007850,0.496000,0.464000
0.007850,0.504000,0.472000
0.007850,0.496000,0.464000
0.007850,0.504000,0.456000
0.007850,0.504000,0.464000
0.007851,0.504000,0.464000
0.007851,0.496000,0.464000
0.007851,0.504000,0.464000
0.007851,0.496000,0.464000
0.007851,0.496000,0.456000
0.007852,0.504000,0.464000
0.007852,0.504000,0.456000
0.007852,0.496000,0.456000
0.007852,0.488000,0.456000
0.007852,0.488000,0.456000
0.007853,0.488000,0.464000
0.007853,0.472000,0.456000
0.007853,0.496000,0.440000
0.007853,0.496000,0.448000
0.007853,0.488000,0.448000
0.007854,0.488000,0.440000
0.007854,0.496000,0.456000
0.007854,0.488000,0.440000
0.007854,0.488000,0.440000
0.007854,0.488000,0.440000
0.007855,0.488000,0.440000
0.007855,0.488000,0.448000
0.007855,0.480000,0.448000
0.007855,0.488000,0.432000
0.007855,0.488000,0.432000
0.007856,0.496000,0.440000
0.007856,0.472000,0.440000
0.007856,0.488000,0.440000
0.007856,0.480000,0.432000
0.007856,0.488000,0.432000
0.007857,0.488000,0.424000
0.007857,0.480000,0.424000
0.007857,0.480000,0.424000
0.007857,0.488000,0.424000
0.007857,0.472000,0.424000
0.007858,0.472000,0.424000
0.007858,0.464000,0.416000
0.007858,0.472000,0.416000
0.007858,0.456000,0.424000
0.007858,0.472000,0.424000
0.007859,0.480000,0.416000
0.007859,0.464000,0.416000
0.007859,0.464000,0.408000
0.007859,0.464000,0.416000
0.007859,0.464000,0.408000
0.007860,0.464000,0.400000
0.007860,0.472000,0.400000
0.007860,0.464000,0.400000
0.007860,0.456000,0.408000
0.007860,0.456000,0.400000
0.007861,0.456000,0.400000
0.007861,0.464000,0.400000
0.007861,0.456000,0.400000
0.007861,0.464000,0.400000
0.007861,0.448000,0.392000
0.007862,0.448000,0.400000
0.007862,0.448000,0.392000
0.007862,0.456000,0.392000
0.007862,0.456000,0.384000
0.007862,0.440000,0.392000
0.007863,0.448000,0.384000
0.007863,0.440000,0.376000
0.007863,0.440000,0.384000
0.007863,0.432000,0.376000
0.007863,0.440000,0.368000
0.007864,0.440000,0.384000
0.007864,0.440000,0.384000
0.007864,0.432000,0.368000
0.007864,0.432000,0.368000
0.007864,0.424000,0.368000
0.007865,0.416000,0.360000
0.007865,0.424000,0.368000
0.007865,0.432000,0.360000
0.007865,0.424000,0.352000
0.007865,0.416000,0.360000
0.007866,0.416000,0.352000
0.007866,0.416000,0.352000
0.007866,0.424000,0.344000
0.007866,0.408000,0.352000
0.007866,0.416000,0.344000
0.007867,0.408000,0.336000
0.007867,0.400000,0.328000
0.007867,0.408000,0.344000
0.007867,0.392000,0.336000
0.007867,0.408000,0.328000
0.007868,0.392000,0.336000
0.007868,0.392000,0.328000
0.007868,0.400000,0.336000
0.007868,0.400000,0.336000
0.007868,0.384000,0.336000
0.007869,0.392000,0.320000
0.007869,0.384000,0.320000
0.007869,0.392000,0.320000
0.007869,0.384000,0.320000
0.007869,0.368000,0.312000
0.007870,0.376000,0.312000
0.007870,0.376000,0.304000
0.007870,0.384000,0.304000
0.007870,0.376000,0.304000
0.007870,0.376000,0.304000
0.007871,0.368000,0.304000
0.007871,0.368000,0.296000
0.007871,0.368000,0.296000
0.007871,0.360000,0.296000
0.007871,0.368000,0.288000
0.007872,0.376000,0.296000
0.007872,0.368000,0.296000
0.007872,0.360000,0.280000
0.007872,0.352000,0.272000
0.007872,0.344000,0.272000
0.007873,0.344000,0.272000
0.007873,0.352000,0.272000
0.007873,0.352000,0.272000
0.007873,0.344000,0.272000
0.007873,0.336000,0.264000
0.007874,0.344000,0.264000
0.007874,0.344000,0.256000
0.007874,0.336000,0.264000
0.007874,0.328000,0.248000
0.007874,0.336000,0.256000
0.007875,0.328000,0.256000
0.007875,0.328000,0.248000
0.007875,0.336000,0.248000
0.007875,0.328000,0.248000
0.007875,0.320000,0.248000
0.007876,0.320000,0.240000
0.007876,0.320000,0.232000
0.007876,0.320000,0.232000
0.007876,0.304000,0.232000
0.007876,0.312000,0.224000
0.007877,0.288000,0.224000
0.007877,0.304000,0.224000
0.007877,0.304000,0.224000
0.007877,0.296000,0.224000
0.007877,0.296000,0.216000
0.007878,0.272000,0.216000
0.007878,0.288000,0.200000
0.007878,0.280000,0.216000
0.007878,0.288000,0.200000
0.007878,0.288000,0.192000
0.007879,0.280000,0.208000
0.007879,0.272000,0.192000
0.007879,0.272000,0.200000
0.007879,0.256000,0.184000
0.007879,0.264000,0.184000
0.007880,0.264000,0.176000
0.007880,0.264000,0.176000
0.007880,0.256000,0.184000
0.007880,0.256000,0.176000
0.007880,0.256000,0.168000
0.007881,0.256000,0.160000
0.007881,0.248000,0.168000
0.007881,0.248000,0.160000
0.007881,0.240000,0.160000
0.007881,0.248000,0.152000
0.007882,0.240000,0.152000
0.007882,0.240000,0.152000
0.007882,0.240000,0.152000
0.007882,0.224000,0.152000
0.007882,0.224000,0.128000
0.007883,0.216000,0.144000
0.007883,0.232000,0.128000
0.007883,0.216000,0.128000
0.007883,0.224000,0.136000
0.007883,0.208000,0.120000
0.007884,0.208000,0.128000
0.007884,0.200000,0.120000
0.007884,0.208000,0.120000
0.007884,0.200000,0.104000
0.007884,0.200000,0.104000
0.007885,0.208000,0.112000
0.007885,0.200000,0.112000
0.007885,0.184000,0.104000
0.007885,0.192000,0.112000
0.007885,0.184000,0.104000
0.007886,0.184000,0.096000
0.007886,0.176000,0.088000
0.007886,0.176000,0.096000
0.007886,0.176000,0.088000
0.007886,0.168000,0.080000
0.007887,0.152000,0.080000
0.007887,0.160000,0.080000
0.007887,0.152000,0.072000
0.007887,0.160000,0.072000
0.007887,0.152000,0.072000
0.007888,0.144000,0.064000
0.007888,0.152000,0.064000
0.007888,0.152000,0.056000
0.007888,0.136000,0.064000
0.007888,0.144000,0.056000
0.007889,0.136000,0.048000
0.007889,0.144000,0.056000
0.007889,0.120000,0.040000
0.007889,0.112000,0.040000
0.007889,0.120000,0.040000
0.007890,0.112000,0.040000
0.007890,0.128000,0.032000
0.007890,0.120000,0.032000
0.007890,0.112000,0.032000
0.007890,0.112000,0.024000
0.007891,0.112000,0.024000
0.007891,0.112000,0.016000
0.007891,0.096000,0.016000
0.007891,0.096000,0.016000
0.007891,0.096000,0.008000
0.007892,0.096000,0.008000
0.007892,0.080000,0.000000
0.007892,0.088000,0.000000
0.007892,0.080000,-0.008000
0.007892,0.072000,0.000000
0.007893,0.080000,-0.008000
0.007893,0.080000,-0.016000
0.007893,0.064000,-0.008000
0.007893,0.056000,-0.024000
0.007893,0.064000,-0.016000
0.007894,0.048000,-0.024000
0.007894,0.056000,-0.032000
0.007894,0.056000,-0.024000
0.007894,0.056000,-0.024000
0.007894,0.048000,-0.040000
0.007895,0.040000,-0.032000
0.007895,0.048000,-0.040000
0.007895,0.048000,-0.040000
0.007895,0.032000,-0.040000
0.007895,0.024000,-0.048000
0.007896,0.024000,-0.048000
0.007896,0.024000,-0.056000
0.007896,0.024000,-0.056000
0.007896,0.016000,-0.064000
0.007896,0.008000,-0.056000
0.007897,0.008000,-0.072000
0.007897,0.008000,-0.072000
0.007897,-0.008000,-0.072000
0.007897,-0.008000,-0.072000
0.007897,-0.008000,-0.080000
0.007898,-0.008000,-0.088000
0.007898,-0.016000,-0.088000
0.007898,-0.008000,-0.088000
0.007898,-0.008000,-0.080000
0.007898,-0.024000,-0.096000
0.007899,-0.032000,-0.096000
0.007899,-0.024000,-0.104000
0.007899,-0.032000,-0.104000
0.007899,-0.032000,-0.112000
0.007899,-0.032000,-0.104000
0.007900,-0.032000,-0.104000
0.007900,-0.048000,-0.112000
0.007900,-0.048000,-0.128000
0.007900,-0.048000,-0.112000
0.007900,-0.048000,-0.120000
0.007901,-0.048000,-0.128000
0.007901,-0.048000,-0.128000
0.007901,-0.064000,-0.128000
0.007901,-0.064000,-0.136000
0.007901,-0.056000,-0.136000
0.007902,-0.056000,-0.144000
0.007902,-0.080000,-0.144000
0.007902,-0.080000,-0.144000
0.007902,-0.072000,-0.152000
0.007902,-0.080000,-0.152000
0.007903,-0.080000,-0.152000
0.007903,-0.088000,-0.160000
0.007903,-0.088000,-0.144000
0.007903,-0.104000,-0.168000
0.007903,-0.104000,-0.168000
0.007904,-0.104000,-0.168000
0.007904,-0.104000,-0.176000
0.007904,-0.096000,-0.176000
0.007904,-0.112000,-0.184000
0.007904,-0.104000,-0.176000
0.007905,-0.120000,-0.184000
0.007905,-0.120000,-0.176000
0.007905,-0.112000,-0.184000
0.007905,-0.128000,-0.192000
0.007905,-0.128000,-0.192000
0.007906,-0.128000,-0.192000
0.007906,-0.144000,-0.192000
0.007906,-0.128000,-0.200000
0.007906,-0.136000,-0.200000
0.007906,-0.136000,-0.200000
0.007907,-0.144000,-0.208000
0.007907,-0.152000,-0.208000
0.007907,-0.144000,-0.216000
0.007907,-0.168000,-0.216000
0.007907,-0.168000,-0.224000
0.007908,-0.168000,-0.224000
0.007908,-0.160000,-0.216000
0.007908,-0.176000,-0.224000
0.007908,-0.160000,-0.224000
0.007908,-0.168000,-0.232000
0.007909,-0.168000,-0.232000
0.007909,-0.176000,-0.248000
0.007909,-0.192000,-0.248000
0.007909,-0.176000,-0.240000
0.007909,-0.184000,-0.248000
0.007910,-0.176000,-0.248000
0.007910,-0.184000,-0.248000
0.007910,-0.192000,-0.256000
0.007910,-0.200000,-0.248000
0.007910,-0.200000,-0.248000
0.007911,-0.192000,-0.256000
0.007911,-0.200000,-0.256000
0.007911,-0.200000,-0.264000
0.007911,-0.208000,-0.272000
0.007911,-0.208000,-0.272000
0.007912,-0.208000,-0.264000
0.007912,-0.216000,-0.272000
0.007912,-0.216000,-0.280000
0.007912,-0.232000,-0.280000
0.007912,-0.216000,-0.280000
0.007913,-0.224000,-0.288000
0.007913,-0.224000,-0.288000
0.007913,-0.240000,-0.288000
0.007913,-0.232000,-0.296000
0.007913,-0.240000,-0.296000
0.007914,-0.232000,-0.296000
0.007914,-0.248000,-0.296000
0.007914,-0.232000,-0.296000
0.007914,-0.248000,-0.304000
0.007914,-0.240000,-0.312000
0.007915,-0.256000,-0.312000
0.007915,-0.256000,-0.312000
0.007915,-0.256000,-0.312000
0.007915,-0.264000,-0.312000
0.007915,-0.264000,-0.312000
0.007916,-0.272000,-0.320000
0.007916,-0.272000,-0.328000
0.007916,-0.272000,-0.328000
0.007916,-0.280000,-0.328000
0.007916,-0.280000,-0.328000
0.007917,-0.280000,-0.328000
0.007917,-0.296000,-0.336000
0.007917,-0.296000,-0.336000
0.007917,-0.296000,-0.344000
0.007917,-0.304000,-0.344000
0.007918,-0.304000,-0.344000
0.007918,-0.288000,-0.344000
0.007918,-0.304000,-0.344000
0.007918,-0.312000,-0.352000
0.007918,-0.304000,-0.352000
0.007919,-0.304000,-0.352000
0.007919,-0.312000,-0.352000
0.007919,-0.320000,-0.352000
0.007919,-0.312000,-0.368000
0.007919,-0.328000,-0.360000
0.007920,-0.320000,-0.360000
0.007920,-0.320000,-0.376000
0.007920,-0.320000,-0.368000
0.007920,-0.320000,-0.368000
0.007920,-0.320000,-0.360000
0.007921,-0.336000,-0.368000
0.007921,-0.336000,-0.368000
0.007921,-0.336000,-0.376000
0.007921,-0.328000,-0.376000
0.007921,-0.336000,-0.384000
0.007922,-0.336000,-0.384000
0.007922,-0.352000,-0.384000
0.007922,-0.336000,-0.384000
0.007922,-0.344000,-0.376000
0.007922,-0.344000,-0.392000
0.007923,-0.352000,-0.384000
0.007923,-0.352000,-0.392000
0.007923,-0.360000,-0.400000
0.007923,-0.360000,-0.384000
0.007923,-0.360000,-0.392000
0.007924,-0.352000,-0.400000
0.007924,-0.360000,-0.400000
0.007924,-0.360000,-0.408000
0.007924,-0.368000,-0.400000
0.007924,-0.360000,-0.392000
0.007925,-0.376000,-0.400000
0.007925,-0.376000,-0.408000
0.007925,-0.384000,-0.408000
0.007925,-0.376000,-0.408000
0.007925,-0.368000,-0.400000
0.007926,-0.384000,-0.408000
0.007926,-0.384000,-0.424000
0.007926,-0.384000,-0.416000
0.007926,-0.392000,-0.424000
0.007926,-0.384000,-0.416000
0.007927,-0.392000,-0.424000
0.007927,-0.400000,-0.424000
0.007927,-0.392000,-0.424000
0.007927,-0.416000,-0.424000
0.007927,-0.408000,-0.424000
0.007928,-0.392000,-0.424000
0.007928,-0.408000,-0.424000
0.007928,-0.408000,-0.424000
0.007928,-0.400000,-0.432000
0.007928,-0.416000,-0.448000
0.007929,-0.408000,-0.432000
0.007929,-0.424000,-0.432000
0.007929,-0.408000,-0.432000
0.007929,-0.416000,-0.440000
0.007929,-0.408000,-0.448000
0.007930,-0.416000,-0.440000
0.007930,-0.424000,-0.440000
0.007930,-0.432000,-0.448000
0.007930,-0.416000,-0.448000
0.007930,-0.424000,-0.448000
0.007931,-0.424000,-0.440000
0.007931,-0.416000,-0.448000
0.007931,-0.416000,-0.448000
0.007931,-0.424000,-0.448000
0.007931,-0.432000,-0.448000
0.007932,-0.448000,-0.456000
0.007932,-0.440000,-0.448000
0.007932,-0.440000,-0.456000
0.007932,-0.432000,-0.456000
0.007932,-0.440000,-0.456000
0.007933,-0.448000,-0.456000
0.007933,-0.440000,-0.464000
0.007933,-0.440000,-0.464000
0.007933,-0.440000,-0.464000
0.007933,-0.440000,-0.464000
0.007934,-0.440000,-0.456000
0.007934,-0.440000,-0.456000
0.007934,-0.448000,-0.464000
0.007934,-0.448000,-0.456000
0.007934,-0.456000,-0.464000
0.007935,-0.448000,-0.456000
0.007935,-0.448000,-0.472000
0.007935,-0.448000,-0.456000
0.007935,-0.464000,-0.464000
0.007935,-0.456000,-0.464000
0.007936,-0.448000,-0.456000
0.007936,-0.456000,-0.464000
0.007936,-0.472000,-0.456000
0.007936,-0.464000,-0.472000
0.007936,-0.464000,-0.464000
0.007937,-0.456000,-0.472000
0.007937,-0.464000,-0.464000
0.007937,-0.472000,-0.480000
0.007937,-0.472000,-0.472000
0.007937,-0.480000,-0.472000
0.007938,-0.456000,-0.480000
0.007938,-0.464000,-0.472000
0.007938,-0.472000,-0.472000
0.007938,-0.480000,-0.480000
0.007938,-0.472000,-0.472000
0.007939,-0.472000,-0.480000
0.007939,-0.472000,-0.480000
0.007939,-0.464000,-0.480000
0.007939,-0.464000,-0.472000
0.007939,-0.464000,-0.472000
0.007940,-0.472000,-0.480000
0.007940,-0.480000,-0.472000
0.007940,-0.480000,-0.480000
0.007940,-0.472000,-0.472000
0.007940,-0.488000,-0.472000
0.007941,-0.480000,-0.480000
0.007941,-0.480000,-0.472000
0.007941,-0.480000,-0.472000
0.007941,-0.480000,-0.488000
0.007941,-0.472000,-0.480000
0.007942,-0.488000,-0.480000
0.007942,-0.480000,-0.480000
0.007942,-0.496000,-0.480000
0.007942,-0.488000,-0.480000
0.007942,-0.488000,-0.480000
0.007943,-0.480000,-0.480000
0.007943,-0.480000,-0.480000
0.007943,-0.488000,-0.480000
0.007943,-0.488000,-0.488000
0.007943,-0.480000,-0.480000
0.007944,-0.472000,-0.472000
0.007944,-0.496000,-0.488000
0.007944,-0.488000,-0.480000
0.007944,-0.480000,-0.480000
0.007944,-0.488000,-0.480000
0.007945,-0.480000,-0.480000
0.007945,-0.496000,-0.472000
0.007945,-0.472000,-0.480000
0.007945,-0.488000,-0.472000
0.007945,-0.488000,-0.472000
0.007946,-0.488000,-0.480000
0.007946,-0.488000,-0.472000
0.007946,-0.496000,-0.480000
0.007946,-0.488000,-0.472000
0.007946,-0.504000,-0.480000
0.007947,-0.480000,-0.480000
0.007947,-0.496000,-0.472000
0.007947,-0.504000,-0.472000
0.007947,-0.480000,-0.472000
0.007947,-0.488000,-0.472000
0.007948,-0.504000,-0.480000
0.007948,-0.488000,-0.472000
0.007948,-0.488000,-0.472000
0.007948,-0.480000,-0.472000
0.007948,-0.488000,-0.464000
0.007949,-0.504000,-0.472000
0.007949,-0.488000,-0.464000
0.007949,-0.488000,-0.464000
0.007949,-0.488000,-0.472000
0.007949,-0.488000,-0.464000
0.007950,-0.496000,-0.464000
0.007950,-0.488000,-0.464000
0.007950,-0.480000,-0.464000
0.007950,-0.480000,-0.456000
0.007950,-0.488000,-0.456000
0.007951,-0.488000,-0.456000
0.007951,-0.480000,-0.464000
0.007951,-0.480000,-0.464000
0.007951,-0.488000,-0.456000
0.007951,-0.504000,-0.456000
0.007952,-0.488000,-0.456000
0.007952,-0.488000,-0.456000
0.007952,-0.480000,-0.456000
0.007952,-0.472000,-0.456000
0.007952,-0.488000,-0.456000
0.007953,-0.488000,-0.456000
0.007953,-0.472000,-0.456000
0.007953,-0.480000,-0.456000
0.007953,-0.480000,-0.448000
0.007953,-0.480000,-0.448000
0.007954,-0.472000,-0.448000
0.007954,-0.472000,-0.448000
0.007954,-0.472000,-0.440000
0.007954,-0.480000,-0.448000
0.007954,-0.472000,-0.440000
0.007955,-0.480000,-0.440000
0.007955,-0.480000,-0.440000
0.007955,-0.472000,-0.440000
0.007955,-0.472000,-0.432000
0.007955,-0.472000,-0.432000
0.007956,-0.472000,-0.440000
0.007956,-0.480000,-0.432000
0.007956,-0.472000,-0.432000
0.007956,-0.464000,-0.432000
0.007956,-0.472000,-0.432000
0.007957,-0.472000,-0.432000
0.007957,-0.480000,-0.424000
0.007957,-0.472000,-0.432000
0.007957,-0.472000,-0.424000
0.007957,-0.456000,-0.424000
0.007958,-0.456000,-0.424000
0.007958,-0.464000,-0.416000
0.007958,-0.464000,-0.416000
0.007958,-0.456000,-0.416000
0.007958,-0.456000,-0.416000
0.007959,-0.456000,-0.416000
0.007959,-0.448000,-0.424000
0.007959,-0.448000,-0.416000
0.007959,-0.448000,-0.408000
0.007959,-0.448000,-0.408000
0.007960,-0.448000,-0.408000
0.007960,-0.448000,-0.400000
0.007960,-0.448000,-0.408000
0.007960,-0.448000,-0.400000
0.007960,-0.448000,-0.408000
0.007961,-0.440000,-0.400000
0.007961,-0.440000,-0.392000
0.007961,-0.440000,-0.408000
0.007961,-0.432000,-0.408000
0.007961,-0.440000,-0.392000
0.007962,-0.432000,-0.400000
0.007962,-0.440000,-0.384000
0.007962,-0.440000,-0.392000
0.007962,-0.432000,-0.384000
0.007962,-0.432000,-0.384000
0.007963,-0.432000,-0.384000
0.007963,-0.440000,-0.376000
0.007963,-0.432000,-0.384000
0.007963,-0.416000,-0.376000
0.007963,-0.416000,-0.376000
0.007964,-0.424000,-0.376000
0.007964,-0.416000,-0.376000
0.007964,-0.416000,-0.360000
0.007964,-0.424000,-0.368000
0.007964,-0.416000,-0.368000
0.007965,-0.416000,-0.368000
0.007965,-0.416000,-0.368000
0.007965,-0.408000,-0.360000
0.007965,-0.408000,-0.344000
0.007965,-0.416000,-0.360000
0.007966,-0.416000,-0.352000
0.007966,-0.408000,-0.352000
0.007966,-0.400000,-0.352000
0.007966,-0.416000,-0.344000
0.007966,-0.400000,-0.344000
0.007967,-0.408000,-0.336000
0.007967,-0.400000,-0.344000
0.007967,-0.400000,-0.344000
0.007967,-0.392000,-0.336000
0.007967,-0.392000,-0.328000
0.007968,-0.384000,-0.328000
0.007968,-0.392000,-0.328000
0.007968,-0.392000,-0.328000
0.007968,-0.384000,-0.328000
0.007968,-0.392000,-0.320000
0.007969,-0.368000,-0.320000
0.007969,-0.376000,-0.328000
0.007969,-0.368000,-0.320000
0.007969,-0.376000,-0.304000
0.007969,-0.368000,-0.312000
0.007970,-0.384000,-0.304000
0.007970,-0.368000,-0.312000
0.007970,-0.360000,-0.304000
0.007970,-0.376000,-0.304000
0.007970,-0.360000,-0.304000
0.007971,-0.360000,-0.296000
0.007971,-0.360000,-0.296000
0.007971,-0.360000,-0.304000
0.007971,-0.360000,-0.288000
0.007971,-0.360000,-0.296000
0.007972,-0.352000,-0.296000
0.007972,-0.352000,-0.296000
0.007972,-0.344000,-0.288000
0.007972,-0.336000,-0.288000
0.007972,-0.352000,-0.288000
0.007973,-0.336000,-0.272000
0.007973,-0.336000,-0.280000
0.007973,-0.320000,-0.272000
0.007973,-0.336000,-0.264000
0.007973,-0.320000,-0.272000
0.007974,-0.328000,-0.272000
0.007974,-0.336000,-0.256000
0.007974,-0.320000,-0.256000
0.007974,-0.320000,-0.256000
0.007974,-0.320000,-0.256000
0.007975,-0.312000,-0.256000
0.007975,-0.312000,-0.248000
0.007975,-0.312000,-0.240000
0.007975,-0.312000,-0.240000
0.007975,-0.304000,-0.240000
0.007976,-0.312000,-0.240000
0.007976,-0.296000,-0.232000
0.007976,-0.296000,-0.232000
0.007976,-0.296000,-0.224000
0.007976,-0.296000,-0.216000
0.007977,-0.296000,-0.224000
0.007977,-0.296000,-0.224000
0.007977,-0.296000,-0.224000
0.007977,-0.288000,-0.216000
0.007977,-0.272000,-0.208000
0.007978,-0.288000,-0.224000
0.007978,-0.280000,-0.200000
0.007978,-0.272000,-0.208000
0.007978,-0.264000,-0.208000
0.007978,-0.264000,-0.200000
0.007979,-0.256000,-0.200000
0.007979,-0.256000,-0.192000
0.007979,-0.264000,-0.192000
0.007979,-0.256000,-0.192000
0.007979,-0.248000,-0.176000
0.007980,-0.240000,-0.192000
0.007980,-0.248000,-0.184000
0.007980,-0.248000,-0.176000
0.007980,-0.248000,-0.184000
0.007980,-0.232000,-0.176000
0.007981,-0.232000,-0.176000
0.007981,-0.224000,-0.168000
0.007981,-0.232000,-0.168000
0.007981,-0.240000,-0.160000
0.007981,-0.224000,-0.160000
0.007982,-0.232000,-0.160000
0.007982,-0.224000,-0.152000
0.007982,-0.232000,-0.152000
0.007982,-0.216000,-0.144000
0.007982,-0.216000,-0.144000
0.007983,-0.216000,-0.144000
0.007983,-0.208000,-0.136000
0.007983,-0.208000,-0.136000
0.007983,-0.200000,-0.136000
0.007983,-0.208000,-0.128000
0.007984,-0.192000,-0.128000
0.007984,-0.192000,-0.120000
0.007984,-0.192000,-0.128000
0.007984,-0.184000,-0.128000
0.007984,-0.200000,-0.120000
0.007985,-0.184000,-0.112000
0.007985,-0.184000,-0.120000
0.007985,-0.184000,-0.104000
0.007985,-0.168000,-0.104000
0.007985,-0.176000,-0.096000
0.007986,-0.184000,-0.096000
0.007986,-0.168000,-0.104000
0.007986,-0.168000,-0.088000
0.007986,-0.160000,-0.096000
0.007986,-0.160000,-0.088000
0.007987,-0.160000,-0.088000
0.007987,-0.152000,-0.080000
0.007987,-0.136000,-0.080000
0.007987,-0.152000,-0.072000
0.007987,-0.136000,-0.072000
0.007988,-0.136000,-0.072000
0.007988,-0.136000,-0.064000
0.007988,-0.128000,-0.064000
0.007988,-0.136000,-0.056000
0.007988,-0.128000,-0.048000
0.007989,-0.120000,-0.056000
0.007989,-0.120000,-0.056000
0.007989,-0.120000,-0.048000
0.007989,-0.112000,-0.048000
0.007989,-0.112000,-0.048000
0.007990,-0.104000,-0.040000
0.007990,-0.096000,-0.040000
0.007990,-0.112000,-0.032000
0.007990,-0.096000,-0.032000
0.007990,-0.088000,-0.032000
0.007991,-0.096000,-0.024000
0.007991,-0.096000,-0.024000
0.007991,-0.096000,-0.024000
0.007991,-0.080000,-0.016000
0.007991,-0.088000,-0.016000
0.007992,-0.080000,-0.016000
0.007992,-0.080000,-0.008000
0.007992,-0.080000,-0.008000
0.007992,-0.080000,-0.008000
0.007992,-0.056000,0.000000
0.007993,-0.064000,0.000000
0.007993,-0.064000,0.000000
0.007993,-0.056000,0.008000
0.007993,-0.048000,0.008000
0.007993,-0.040000,0.024000
0.007994,-0.048000,0.016000
0.007994,-0.040000,0.016000
0.007994,-0.040000,0.016000
0.007994,-0.032000,0.032000
0.007994,-0.040000,0.032000
0.007995,-0.032000,0.040000
0.007995,-0.024000,0.032000
0.007995,-0.024000,0.040000
0.007995,-0.024000,0.040000
0.007995,-0.032000,0.048000
0.007996,-0.008000,0.048000
0.007996,0.000000,0.056000
0.007996,-0.016000,0.056000
0.007996,-0.008000,0.056000
0.007996,-0.016000,0.056000
0.007997,0.000000,0.064000
0.007997,0.008000,0.072000
0.007997,0.016000,0.072000
0.007997,0.024000,0.080000
0.007997,0.016000,0.088000
0.007998,0.008000,0.080000
0.007998,0.016000,0.088000
0.007998,0.016000,0.080000
0.007998,0.024000,0.088000
0.007998,0.032000,0.096000
0.007999,0.040000,0.096000
0.007999,0.032000,0.096000
0.007999,0.040000,0.096000
0.007999,0.040000,0.104000
0.007999,0.048000,0.112000
0.008000,0.048000,0.112000
0.008000,0.048000,0.112000
0.008000,0.048000,0.112000
0.008000,0.064000,0.112000
0.008000,0.056000,0.120000
0.008001,0.072000,0.120000
0.008001,0.064000,0.128000
0.008001,0.064000,0.128000
0.008001,0.080000,0.128000
0.008001,0.064000,0.128000
0.008002,0.080000,0.128000
0.008002,0.072000,0.136000
0.008002,0.088000,0.136000
0.008002,0.088000,0.144000
0.008002,0.080000,0.152000
0.008003,0.096000,0.152000
0.008003,0.104000,0.152000
0.008003,0.112000,0.168000
0.008003,0.096000,0.152000
0.008003,0.112000,0.168000
0.008004,0.120000,0.168000
0.008004,0.104000,0.168000
0.008004,0.120000,0.176000
0.008004,0.112000,0.176000
0.008004,0.128000,0.168000
0.008005,0.136000,0.176000
0.008005,0.120000,0.184000
0.008005,0.128000,0.176000
0.008005,0.144000,0.192000
0.008005,0.128000,0.192000
0.008006,0.136000,0.192000
0.008006,0.128000,0.192000
0.008006,0.144000,0.208000
0.008006,0.144000,0.200000
0.008006,0.152000,0.200000
0.008007,0.160000,0.208000
0.008007,0.168000,0.208000
0.008007,0.152000,0.216000
0.008007,0.160000,0.216000
0.008007,0.168000,0.216000
0.008008,0.176000,0.216000
0.008008,0.168000,0.216000
0.008008,0.160000,0.224000
0.008008,0.184000,0.232000
0.008008,0.184000,0.232000
0.008009,0.192000,0.232000
0.008009,0.192000,0.248000
0.008009,0.192000,0.240000
0.008009,0.192000,0.240000
0.008009,0.200000,0.240000
0.008010,0.208000,0.256000
0.008010,0.200000,0.248000
0.008010,0.200000,0.248000
0.008010,0.208000,0.256000
0.008010,0.208000,0.256000
0.008011,0.208000,0.272000
0.008011,0.208000,0.264000
0.008011,0.216000,0.264000
0.008011,0.208000,0.264000
0.008011,0.224000,0.264000
0.008012,0.232000,0.280000
0.008012,0.240000,0.280000
0.008012,0.240000,0.272000
0.008012,0.248000,0.280000
0.008012,0.240000,0.280000
0.008013,0.248000,0.288000
0.008013,0.264000,0.288000
0.008013,0.256000,0.296000
0.008013,0.256000,0.296000
0.008013,0.248000,0.288000
0.008014,0.256000,0.296000
0.008014,0.264000,0.304000
0.008014,0.272000,0.304000
0.008014,0.264000,0.304000
0.008014,0.264000,0.304000
0.008015,0.264000,0.312000
0.008015,0.280000,0.320000
0.008015,0.272000,0.312000
0.008015,0.264000,0.320000
0.008015,0.280000,0.320000
0.008016,0.288000,0.320000
0.008016,0.280000,0.320000
0.008016,0.288000,0.328000
0.008016,0.280000,0.328000
0.008016,0.288000,0.328000
0.008017,0.296000,0.328000
0.008017,0.304000,0.336000
0.008017,0.304000,0.328000
0.008017,0.296000,0.344000
0.008017,0.304000,0.336000
0.008018,0.304000,0.344000
0.008018,0.312000,0.344000
0.008018,0.320000,0.344000
0.008018,0.320000,0.352000
0.008018,0.320000,0.352000
0.008019,0.328000,0.352000
0.008019,0.328000,0.352000
0.008019,0.328000,0.360000
0.008019,0.328000,0.368000
0.008019,0.328000,0.360000
0.008020,0.336000,0.368000
0.008020,0.336000,0.360000
0.008020,0.336000,0.368000
0.008020,0.344000,0.368000
0.008020,0.352000,0.368000
0.008021,0.360000,0.368000
0.008021,0.344000,0.376000
0.008021,0.352000,0.376000
0.008021,0.344000,0.376000
0.008021,0.352000,0.384000
0.008022,0.360000,0.384000
0.008022,0.360000,0.384000
0.008022,0.344000,0.384000
0.008022,0.368000,0.392000
0.008022,0.360000,0.384000
0.008023,0.368000,0.384000
0.008023,0.384000,0.400000
0.008023,0.360000,0.392000
0.008023,0.368000,0.392000
0.008023,0.368000,0.392000
0.008024,0.368000,0.408000
0.008024,0.376000,0.400000
0.008024,0.376000,0.400000
0.008024,0.376000,0.400000
0.008024,0.384000,0.408000
0.008025,0.384000,0.408000
0.008025,0.384000,0.408000
0.008025,0.400000,0.416000
0.008025,0.376000,0.408000
0.008025,0.392000,0.416000
0.008026,0.392000,0.416000
0.008026,0.392000,0.424000
0.008026,0.384000,0.416000
0.008026,0.392000,0.416000
0.008026,0.408000,0.432000
0.008027,0.400000,0.424000
0.008027,0.400000,0.416000
0.008027,0.408000,0.424000
0.008027,0.408000,0.432000
0.008027,0.416000,0.432000
0.008028,0.416000,0.424000
0.008028,0.400000,0.424000
0.008028,0.416000,0.424000
0.008028,0.416000,0.432000
0.008028,0.432000,0.432000
0.008029,0.424000,0.432000
0.008029,0.424000,0.432000
0.008029,0.416000,0.440000
0.008029,0.432000,0.432000
0.008029,0.432000,0.432000
0.008030,0.424000,0.448000
0.008030,0.432000,0.448000
0.008030,0.432000,0.440000
0.008030,0.440000,0.440000
0.008030,0.440000,0.456000
0.008031,0.432000,0.456000
0.008031,0.440000,0.448000
0.008031,0.440000,0.448000
0.008031,0.448000,0.448000
0.008031,0.448000,0.448000
0.008032,0.448000,0.456000
0.008032,0.440000,0.456000
0.008032,0.456000,0.464000
0.008032,0.456000,0.448000
0.008032,0.448000,0.448000
0.008033,0.456000,0.456000
0.008033,0.464000,0.448000
0.008033,0.464000,0.464000
0.008033,0.464000,0.464000
0.008033,0.456000,0.456000
0.008034,0.464000,0.456000
0.008034,0.448000,0.464000
0.008034,0.456000,0.464000
0.008034,0.472000,0.464000
0.008034,0.456000,0.472000
0.008035,0.472000,0.456000
0.008035,0.472000,0.464000
0.008035,0.472000,0.472000
0.008035,0.472000,0.472000
0.008035,0.480000,0.472000
0.008036,0.456000,0.456000
0.008036,0.456000,0.464000
0.008036,0.464000,0.472000
0.008036,0.480000,0.472000
0.008036,0.472000,0.480000
0.008037,0.480000,0.472000
0.008037,0.480000,0.464000
0.008037,0.472000,0.480000
0.008037,0.480000,0.472000
0.008037,0.480000,0.480000
0.008038,0.472000,0.472000
0.008038,0.480000,0.472000
0.008038,0.488000,0.472000
0.008038,0.488000,0.472000
0.008038,0.488000,0.472000
0.008039,0.496000,0.472000
0.008039,0.496000,0.472000
0.008039,0.496000,0.480000
0.008039,0.488000,0.464000
0.008039,0.488000,0.472000
0.008040,0.480000,0.472000
0.008040,0.496000,0.488000
0.008040,0.488000,0.480000
0.008040,0.488000,0.488000
0.008040,0.496000,0.472000
0.008041,0.496000,0.480000
0.008041,0.496000,0.472000
0.008041,0.488000,0.472000
0.008041,0.496000,0.464000
0.008041,0.488000,0.480000
0.008042,0.504000,0.472000
0.008042,0.504000,0.480000
0.008042,0.496000,0.480000
0.008042,0.496000,0.480000
0.008042,0.480000,0.488000
0.008043,0.504000,0.472000
0.008043,0.488000,0.480000
0.008043,0.496000,0.480000
0.008043,0.496000,0.480000
0.008043,0.496000,0.472000
0.008044,0.504000,0.480000
0.008044,0.496000,0.472000
0.008044,0.496000,0.472000
0.008044,0.504000,0.480000
0.008044,0.496000,0.480000
0.008045,0.504000,0.472000
0.008045,0.496000,0.472000
0.008045,0.480000,0.472000
0.008045,0.504000,0.480000
0.008045,0.496000,0.472000
0.008046,0.504000,0.464000
0.008046,0.496000,0.472000
0.008046,0.496000,0.472000
0.008046,0.496000,0.472000
0.008046,0.512000,0.480000
0.008047,0.496000,0.472000
0.008047,0.504000,0.472000
0.008047,0.504000,0.480000
0.008047,0.504000,0.472000
0.008047,0.504000,0.480000
0.008048,0.488000,0.472000
0.008048,0.512000,0.472000
0.008048,0.504000,0.464000
0.008048,0.512000,0.464000
0.008048,0.496000,0.472000
0.008049,0.496000,0.456000
0.008049,0.496000,0.472000
0.008049,0.504000,0.464000
0.008049,0.504000,0.472000
0.008049,0.504000,0.464000
0.008050,0.504000,0.472000
0.008050,0.496000,0.464000
0.008050,0.504000,0.456000
0.008050,0.504000,0.472000
0.008050,0.496000,0.464000
0.008051,0.496000,0.464000
0.008051,0.488000,0.456000
0.008051,0.504000,0.456000
0.008051,0.496000,0.464000
0.008051,0.496000,0.456000
0.008052,0.496000,0.448000
0.008052,0.496000,0.456000
0.008052,0.504000,0.456000
0.008052,0.488000,0.448000
0.008052,0.496000,0.456000
0.008053,0.504000,0.456000
0.008053,0.488000,0.456000
0.008053,0.488000,0.448000
0.008053,0.488000,0.448000
0.008053,0.496000,0.448000
0.008054,0.496000,0.456000
0.008054,0.488000,0.456000
0.008054,0.496000,0.440000
0.008054,0.488000,0.440000
0.008054,0.496000,0.448000
0.008055,0.480000,0.440000
0.008055,0.488000,0.440000
0.008055,0.480000,0.440000
0.008055,0.488000,0.448000
0.008055,0.480000,0.432000
0.008056,0.480000,0.432000
0.008056,0.472000,0.432000
0.008056,0.480000,0.432000
0.008056,0.488000,0.432000
0.008056,0.480000,0.424000
0.008057,0.488000,0.432000
0.008057,0.472000,0.432000
0.008057,0.472000,0.432000
0.008057,0.480000,0.424000
0.008057,0.464000,0.424000
0.008058,0.472000,0.432000
0.008058,0.472000,0.424000
0.008058,0.464000,0.424000
0.008058,0.464000,0.432000
0.008058,0.480000,0.416000
0.008059,0.472000,0.416000
0.008059,0.464000,0.416000
0.008059,0.472000,0.416000
0.008059,0.464000,0.416000
0.008059,0.456000,0.416000
0.008060,0.464000,0.408000
0.008060,0.456000,0.408000
0.008060,0.464000,0.408000
0.008060,0.472000,0.400000
0.008060,0.456000,0.400000
0.008061,0.456000,0.400000
0.008061,0.448000,0.400000
0.008061,0.456000,0.408000
0.008061,0.448000,0.392000
0.008061,0.456000,0.392000
0.008062,0.440000,0.392000
0.008062,0.448000,0.384000
0.008062,0.440000,0.392000
0.008062,0.440000,0.384000
0.008062,0.448000,0.376000
0.008063,0.448000,0.384000
0.008063,0.440000,0.376000
0.008063,0.448000,0.392000
0.008063,0.424000,0.376000
0.008063,0.440000,0.384000
0.008064,0.432000,0.376000
0.008064,0.432000,0.376000
0.008064,0.440000,0.368000
0.008064,0.432000,0.360000
0.008064,0.432000,0.368000
0.008065,0.424000,0.368000
0.008065,0.424000,0.368000
0.008065,0.424000,0.360000
0.008065,0.416000,0.352000
0.008065,0.416000,0.360000
0.008066,0.408000,0.352000
0.008066,0.408000,0.352000
0.008066,0.424000,0.352000
0.008066,0.424000,0.344000
0.008066,0.400000,0.352000
0.008067,0.408000,0.344000
0.008067,0.416000,0.344000
0.008067,0.400000,0.344000
0.008067,0.408000,0.344000
0.008067,0.392000,0.328000
0.008068,0.400000,0.336000
0.008068,0.400000,0.328000
0.008068,0.408000,0.328000
0.008068,0.400000,0.328000
0.008068,0.400000,0.328000
0.008069,0.392000,0.328000
0.008069,0.384000,0.320000
0.008069,0.384000,0.312000
0.008069,0.392000,0.328000
0.008069,0.384000,0.312000
0.008070,0.392000,0.304000
0.008070,0.384000,0.312000
0.008070,0.376000,0.320000
0.008070,0.368000,0.304000
0.008070,0.360000,0.296000
0.008071,0.368000,0.304000
0.008071,0.376000,0.296000
0.008071,0.376000,0.296000
0.008071,0.368000,0.296000
0.008071,0.360000,0.288000
0.008072,0.368000,0.288000
0.008072,0.360000,0.288000
0.008072,0.360000,0.280000
0.008072,0.352000,0.280000
0.008072,0.352000,0.280000
0.008073,0.360000,0.280000
0.008073,0.360000,0.280000
0.008073,0.344000,0.272000
0.008073,0.344000,0.272000
0.008073,0.344000,0.264000
0.008074,0.336000,0.272000
0.008074,0.336000,0.264000
0.008074,0.336000,0.264000
0.008074,0.336000,0.264000
0.008074,0.328000,0.256000
0.008075,0.320000,0.256000
0.008075,0.336000,0.248000
0.008075,0.328000,0.240000
0.008075,0.320000,0.240000
0.008075,0.312000,0.240000
0.008076,0.304000,0.232000
0.008076,0.312000,0.232000
0.008076,0.304000,0.224000
0.008076,0.320000,0.224000
0.008076,0.312000,0.224000
0.008077,0.296000,0.232000
0.008077,0.288000,0.224000
0.008077,0.296000,0.224000
0.008077,0.296000,0.224000
0.008077,0.296000,0.208000
0.008078,0.296000,0.208000
0.008078,0.288000,0.208000
0.008078,0.288000,0.208000
0.008078,0.288000,0.200000
0.008078,0.288000,0.208000
0.008079,0.288000,0.200000
0.008079,0.272000,0.192000
0.008079,0.280000,0.200000
0.008079,0.272000,0.184000
0.008079,0.264000,0.192000
0.008080,0.264000,0.184000
0.008080,0.264000,0.184000
0.008080,0.272000,0.176000
0.008080,0.256000,0.176000
0.008080,0.248000,0.168000
0.008081,0.248000,0.168000
0.008081,0.264000,0.168000
0.008081,0.248000,0.160000
0.008081,0.232000,0.152000
0.008081,0.240000,0.152000
0.008082,0.240000,0.152000
0.008082,0.232000,0.152000
0.008082,0.224000,0.144000
0.008082,0.224000,0.144000
0.008082,0.216000,0.144000
0.008083,0.224000,0.144000
0.008083,0.224000,0.144000
0.008083,0.216000,0.136000
0.008083,0.216000,0.136000
0.008083,0.200000,0.128000
0.008084,0.200000,0.128000
0.008084,0.208000,0.112000
0.008084,0.200000,0.128000
0.008084,0.200000,0.112000
0.008084,0.192000,0.112000
0.008085,0.192000,0.104000
0.008085,0.200000,0.112000
0.008085,0.176000,0.104000
0.008085,0.192000,0.096000
0.008085,0.184000,0.104000
0.008086,0.176000,0.096000
0.008086,0.176000,0.096000
0.008086,0.184000,0.096000
0.008086,0.176000,0.088000
0.008086,0.176000,0.088000
0.008087,0.152000,0.088000
0.008087,0.168000,0.080000
0.008087,0.168000,0.072000
0.008087,0.152000,0.072000
0.008087,0.152000,0.072000
0.008088,0.152000,0.064000
0.008088,0.152000,0.056000
0.008088,0.136000,0.064000
0.008088,0.136000,0.056000
0.008088,0.136000,0.056000
0.008089,0.144000,0.048000
0.008089,0.128000,0.048000
0.008089,0.128000,0.040000
0.008089,0.128000,0.048000
0.008089,0.120000,0.048000
0.008090,0.128000,0.032000
0.008090,0.120000,0.032000
0.008090,0.104000,0.032000
0.008090,0.104000,0.032000
0.008090,0.104000,0.032000
0.008091,0.112000,0.024000
0.008091,0.112000,0.016000
0.008091,0.096000,0.016000
0.008091,0.096000,0.008000
0.008091,0.104000,0.008000
0.008092,0.096000,0.008000
0.008092,0.088000,0.008000
0.008092,0.080000,0.008000
0.008092,0.080000,0.000000
0.008092,0.080000,-0.008000
0.008093,0.080000,0.000000
0.008093,0.072000,-0.008000
0.008093,0.072000,-0.016000
0.008093,0.064000,-0.016000
0.008093,0.056000,-0.016000
0.008094,0.056000,-0.024000
0.008094,0.056000,-0.024000
0.008094,0.056000,-0.032000
0.008094,0.040000,-0.040000
0.008094,0.032000,-0.040000
0.008095,0.040000,-0.040000
0.008095,0.048000,-0.048000
0.008095,0.032000,-0.040000
0.008095,0.024000,-0.040000
0.008095,0.016000,-0.056000
0.008096,0.024000,-0.056000
0.008096,0.016000,-0.056000
0.008096,0.024000,-0.056000
0.008096,0.016000,-0.064000
0.008096,0.008000,-0.064000
0.008097,0.000000,-0.064000
0.008097,0.008000,-0.072000
0.008097,0.000000,-0.072000
0.008097,0.000000,-0.072000
0.008097,0.016000,-0.072000
0.008098,0.000000,-0.096000
0.008098,0.000000,-0.088000
0.008098,-0.008000,-0.088000
0.008098,-0.008000,-0.088000
0.008098,-0.016000,-0.088000
0.008099,-0.016000,-0.096000
0.008099,-0.016000,-0.096000
0.008099,-0.032000,-0.104000
0.008099,-0.032000,-0.104000
0.008099,-0.024000,-0.104000
0.008100,-0.024000,-0.112000
0.008100,-0.032000,-0.120000
0.008100,-0.056000,-0.120000
0.008100,-0.040000,-0.120000
0.008100,-0.056000,-0.128000
0.008101,-0.048000,-0.128000
0.008101,-0.056000,-0.128000
0.008101,-0.056000,-0.136000
0.008101,-0.064000,-0.136000
0.008101,-0.072000,-0.144000
0.008102,-0.080000,-0.136000
0.008102,-0.072000,-0.136000
0.008102,-0.080000,-0.144000
0.008102,-0.088000,-0.152000
0.008102,-0.080000,-0.152000
0.008103,-0.072000,-0.152000
0.008103,-0.088000,-0.160000
0.008103,-0.088000,-0.160000
0.008103,-0.088000,-0.160000
0.008103,-0.096000,-0.160000
0.008104,-0.088000,-0.168000
0.008104,-0.096000,-0.168000
0.008104,-0.096000,-0.176000
0.008104,-0.104000,-0.184000
0.008104,-0.120000,-0.176000
0.008105,-0.112000,-0.184000
0.008105,-0.120000,-0.192000
0.008105,-0.120000,-0.184000
0.008105,-0.128000,-0.184000
0.008105,-0.136000,-0.192000
0.008106,-0.128000,-0.192000
0.008106,-0.128000,-0.192000
0.008106,-0.144000,-0.192000
0.008106,-0.136000,-0.208000
0.008106,-0.136000,-0.200000
0.008107,-0.144000,-0.216000
0.008107,-0.136000,-0.208000
0.008107,-0.152000,-0.216000
0.008107,-0.144000,-0.216000
0.008107,-0.152000,-0.224000
0.008108,-0.168000,-0.232000
0.008108,-0.160000,-0.224000
0.008108,-0.152000,-0.224000
0.008108,-0.168000,-0.224000
0.008108,-0.160000,-0.240000
0.008109,-0.160000,-0.232000
0.008109,-0.168000,-0.240000
0.008109,-0.184000,-0.232000
0.008109,-0.176000,-0.240000
0.008109,-0.184000,-0.248000
0.008110,-0.184000,-0.248000
0.008110,-0.200000,-0.256000
0.008110,-0.192000,-0.256000
0.008110,-0.200000,-0.248000
0.008110,-0.192000,-0.264000
0.008111,-0.192000,-0.264000
0.008111,-0.208000,-0.264000
0.008111,-0.216000,-0.264000
0.008111,-0.200000,-0.272000
0.008111,-0.216000,-0.272000
0.008112,-0.216000,-0.264000
0.008112,-0.224000,-0.272000
0.008112,-0.216000,-0.280000
0.008112,-0.224000,-0.272000
0.008112,-0.224000,-0.280000
0.008113,-0.232000,-0.280000
0.008113,-0.232000,-0.288000
0.008113,-0.232000,-0.288000
0.008113,-0.248000,-0.288000
0.008113,-0.240000,-0.288000
0.008114,-0.248000,-0.296000
0.008114,-0.248000,-0.296000
0.008114,-0.240000,-0.304000
0.008114,-0.248000,-0.312000
0.008114,-0.256000,-0.296000
0.008115,-0.248000,-0.312000
0.008115,-0.264000,-0.304000
0.008115,-0.264000,-0.312000
0.008115,-0.272000,-0.320000
0.008115,-0.272000,-0.320000
0.008116,-0.272000,-0.320000
0.008116,-0.264000,-0.328000
0.008116,-0.264000,-0.328000
0.008116,-0.280000,-0.328000
0.008116,-0.280000,-0.328000
0.008117,-0.288000,-0.336000
0.008117,-0.288000,-0.336000
0.008117,-0.288000,-0.328000
0.008117,-0.280000,-0.336000
0.008117,-0.288000,-0.336000
0.008118,-0.296000,-0.344000
0.008118,-0.296000,-0.352000
0.008118,-0.304000,-0.344000
0.008118,-0.296000,-0.352000
0.008118,-0.296000,-0.344000
0.008119,-0.304000,-0.352000
0.008119,-0.312000,-0.352000
0.008119,-0.312000,-0.368000
0.008119,-0.312000,-0.352000
0.008119,-0.312000,-0.368000
0.008120,-0.312000,-0.360000
0.008120,-0.320000,-0.360000
0.008120,-0.328000,-0.360000
0.008120,-0.328000,-0.368000
0.008120,-0.328000,-0.368000
0.008121,-0.336000,-0.376000
0.008121,-0.328000,-0.376000
0.008121,-0.352000,-0.384000
0.008121,-0.344000,-0.384000
0.008121,-0.352000,-0.376000
0.008122,-0.336000,-0.376000
0.008122,-0.336000,-0.392000
0.008122,-0.352000,-0.392000
0.008122,-0.344000,-0.384000
0.008122,-0.344000,-0.392000
0.008123,-0.352000,-0.392000
0.008123,-0.344000,-0.384000
0.008123,-0.360000,-0.392000
0.008123,-0.360000,-0.400000
0.008123,-0.360000,-0.400000
0.008124,-0.376000,-0.400000
0.008124,-0.360000,-0.408000
0.008124,-0.360000,-0.392000
0.008124,-0.384000,-0.408000
0.008124,-0.360000,-0.400000
0.008125,-0.376000,-0.408000
0.008125,-0.376000,-0.400000
0.008125,-0.384000,-0.408000
0.008125,-0.376000,-0.408000
0.008125,-0.376000,-0.408000
0.008126,-0.384000,-0.416000
0.008126,-0.384000,-0.416000
0.008126,-0.376000,-0.424000
0.008126,-0.384000,-0.408000
0.008126,-0.392000,-0.416000
0.008127,-0.392000,-0.416000
0.008127,-0.400000,-0.432000
0.008127,-0.392000,-0.416000
0.008127,-0.392000,-0.424000
0.008127,-0.392000,-0.432000
0.008128,-0.408000,-0.424000
0.008128,-0.400000,-0.440000
0.008128,-0.416000,-0.432000
0.008128,-0.400000,-0.432000
0.008128,-0.400000,-0.432000
0.008129,-0.416000,-0.440000
0.008129,-0.416000,-0.432000
0.008129,-0.408000,-0.432000
0.008129,-0.416000,-0.440000
0.008129,-0.408000,-0.432000
0.008130,-0.432000,-0.448000
0.008130,-0.416000,-0.448000
0.008130,-0.424000,-0.440000
0.008130,-0.416000,-0.448000
0.008130,-0.424000,-0.448000
0.008131,-0.432000,-0.448000
0.008131,-0.424000,-0.448000
0.008131,-0.432000,-0.448000
0.008131,-0.440000,-0.448000
0.008131,-0.432000,-0.448000
0.008132,-0.416000,-0.448000
0.008132,-0.432000,-0.456000
0.008132,-0.440000,-0.456000
0.008132,-0.440000,-0.456000
0.008132,-0.440000,-0.448000
0.008133,-0.432000,-0.448000
0.008133,-0.448000,-0.456000
0.008133,-0.432000,-0.440000
0.008133,-0.448000,-0.456000
0.008133,-0.448000,-0.456000
0.008134,-0.448000,-0.464000
0.008134,-0.448000,-0.456000
0.008134,-0.464000,-0.448000
0.008134,-0.456000,-0.464000
0.008134,-0.448000,-0.472000
0.008135,-0.456000,-0.472000
0.008135,-0.456000,-0.464000
0.008135,-0.456000,-0.472000
0.008135,-0.456000,-0.472000
0.008135,-0.472000,-0.472000
0.008136,-0.456000,-0.464000
0.008136,-0.456000,-0.472000
0.008136,-0.456000,-0.464000
0.008136,-0.464000,-0.472000
0.008136,-0.456000,-0.472000
0.008137,-0.472000,-0.472000
0.008137,-0.464000,-0.464000
0.008137,-0.464000,-0.472000
0.008137,-0.456000,-0.472000
0.008137,-0.456000,-0.464000
0.008138,-0.472000,-0.480000
0.008138,-0.464000,-0.464000
0.008138,-0.472000,-0.480000
0.008138,-0.464000,-0.472000
0.008138,-0.464000,-0.464000
0.008139,-0.472000,-0.480000
0.008139,-0.472000,-0.472000
0.008139,-0.464000,-0.464000
0.008139,-0.464000,-0.480000
0.008139,-0.464000,-0.472000
0.008140,-0.488000,-0.472000
0.008140,-0.472000,-0.480000
0.008140,-0.488000,-0.472000
0.008140,-0.472000,-0.472000
0.008140,-0.480000,-0.480000
0.008141,-0.472000,-0.480000
0.008141,-0.480000,-0.480000
0.008141,-0.480000,-0.480000
0.008141,-0.488000,-0.480000
0.008141,-0.480000,-0.472000
0.008142,-0.472000,-0.480000
0.008142,-0.488000,-0.488000
0.008142,-0.488000,-0.472000
0.008142,-0.488000,-0.480000
0.008142,-0.488000,-0.480000
0.008143,-0.480000,-0.472000
0.008143,-0.496000,-0.472000
0.008143,-0.480000,-0.480000
0.008143,-0.480000,-0.480000
0.008143,-0.488000,-0.472000
0.008144,-0.480000,-0.480000
0.008144,-0.480000,-0.480000
0.008144,-0.488000,-0.480000
0.008144,-0.488000,-0.480000
0.008144,-0.512000,-0.480000
0.008145,-0.488000,-0.472000
0.008145,-0.496000,-0.480000
0.008145,-0.496000,-0.472000
0.008145,-0.496000,-0.472000
0.008145,-0.480000,-0.472000
0.008146,-0.488000,-0.472000
0.008146,-0.488000,-0.480000
0.008146,-0.488000,-0.480000
0.008146,-0.480000,-0.472000
0.008146,-0.488000,-0.472000
0.008147,-0.496000,-0.472000
0.008147,-0.480000,-0.472000
0.008147,-0.488000,-0.472000
0.008147,-0.488000,-0.472000
0.008147,-0.488000,-0.472000
0.008148,-0.488000,-0.472000
0.008148,-0.496000,-0.464000
0.008148,-0.480000,-0.464000
0.008148,-0.488000,-0.464000
0.008148,-0.480000,-0.472000
0.008149,-0.488000,-0.464000
0.008149,-0.480000,-0.464000
0.008149,-0.496000,-0.472000
0.008149,-0.480000,-0.464000
0.008149,-0.504000,-0.472000
0.008150,-0.496000,-0.472000
0.008150,-0.488000,-0.456000
0.008150,-0.488000,-0.464000
0.008150,-0.488000,-0.464000
0.008150,-0.488000,-0.464000
0.008151,-0.488000,-0.464000
0.008151,-0.488000,-0.464000
0.008151,-0.488000,-0.464000
0.008151,-0.480000,-0.464000
0.008151,-0.472000,-0.456000
0.008152,-0.480000,-0.456000
0.008152,-0.480000,-0.456000
0.008152,-0.480000,-0.456000
0.008152,-0.480000,-0.464000
0.008152,-0.472000,-0.456000
0.008153,-0.472000,-0.456000
0.008153,-0.488000,-0.440000
0.008153,-0.480000,-0.448000
0.008153,-0.488000,-0.440000
0.008153,-0.480000,-0.448000
0.008154,-0.480000,-0.448000
0.008154,-0.480000,-0.448000
0.008154,-0.480000,-0.448000
0.008154,-0.472000,-0.448000
0.008154,-0.480000,-0.456000
0.008155,-0.472000,-0.440000
0.008155,-0.480000,-0.440000
0.008155,-0.472000,-0.448000
0.008155,-0.488000,-0.440000
0.008155,-0.480000,-0.440000
0.008156,-0.472000,-0.440000
0.008156,-0.472000,-0.432000
0.008156,-0.480000,-0.432000
0.008156,-0.472000,-0.440000
0.008156,-0.472000,-0.424000
0.008157,-0.472000,-0.424000
0.008157,-0.464000,-0.432000
0.008157,-0.464000,-0.424000
0.008157,-0.464000,-0.432000
0.008157,-0.464000,-0.432000
0.008158,-0.456000,-0.424000
0.008158,-0.456000,-0.416000
0.008158,-0.472000,-0.424000
0.008158,-0.456000,-0.408000
0.008158,-0.472000,-0.432000
0.008159,-0.456000,-0.408000
0.008159,-0.448000,-0.416000
0.008159,-0.448000,-0.416000
0.008159,-0.448000,-0.408000
0.008159,-0.456000,-0.408000
0.008160,-0.448000,-0.424000
0.008160,-0.456000,-0.408000
0.008160,-0.448000,-0.408000
0.008160,-0.448000,-0.408000
0.008160,-0.440000,-0.400000
0.008161,-0.448000,-0.400000
0.008161,-0.440000,-0.400000
0.008161,-0.440000,-0.392000
0.008161,-0.432000,-0.384000
0.008161,-0.440000,-0.384000
0.008162,-0.448000,-0.392000
0.008162,-0.440000,-0.392000
0.008162,-0.440000,-0.392000
0.008162,-0.432000,-0.376000
0.008162,-0.424000,-0.384000
0.008163,-0.432000,-0.384000
0.008163,-0.424000,-0.384000
0.008163,-0.416000,-0.376000
0.008163,-0.432000,-0.376000
0.008163,-0.424000,-0.384000
0.008164,-0.424000,-0.376000
0.008164,-0.424000,-0.376000
0.008164,-0.416000,-0.368000
0.008164,-0.432000,-0.368000
0.008164,-0.408000,-0.368000
0.008165,-0.416000,-0.352000
0.008165,-0.416000,-0.368000
0.008165,-0.408000,-0.368000
0.008165,-0.408000,-0.352000
0.008165,-0.408000,-0.352000
0.008166,-0.400000,-0.352000
0.008166,-0.408000,-0.352000
0.008166,-0.400000,-0.352000
0.008166,-0.392000,-0.344000
0.008166,-0.400000,-0.344000
0.008167,-0.392000,-0.344000
0.008167,-0.400000,-0.344000
0.008167,-0.392000,-0.344000
0.008167,-0.384000,-0.336000
0.008167,-0.384000,-0.344000
0.008168,-0.392000,-0.336000
0.008168,-0.392000,-0.336000
0.008168,-0.384000,-0.328000
0.008168,-0.392000,-0.320000
0.008168,-0.384000,-0.328000
0.008169,-0.384000,-0.328000
0.008169,-0.368000,-0.320000
0.008169,-0.376000,-0.320000
0.008169,-0.384000,-0.320000
0.008169,-0.376000,-0.304000
0.008170,-0.376000,-0.312000
0.008170,-0.376000,-0.312000
0.008170,-0.360000,-0.312000
0.008170,-0.368000,-0.312000
0.008170,-0.376000,-0.296000
0.008171,-0.360000,-0.296000
0.008171,-0.360000,-0.304000
0.008171,-0.344000,-0.296000
0.008171,-0.344000,-0.296000
0.008171,-0.352000,-0.296000
0.008172,-0.352000,-0.296000
0.008172,-0.344000,-0.288000
0.008172,-0.344000,-0.280000
0.008172,-0.344000,-0.288000
0.008172,-0.336000,-0.280000
0.008173,-0.344000,-0.272000
0.008173,-0.336000,-0.264000
0.008173,-0.344000,-0.264000
0.008173,-0.328000,-0.272000
0.008173,-0.320000,-0.264000
0.008174,-0.336000,-0.264000
0.008174,-0.320000,-0.264000
0.008174,-0.312000,-0.264000
0.008174,-0.320000,-0.256000
0.008174,-0.328000,-0.256000
0.008175,-0.320000,-0.256000
0.008175,-0.320000,-0.248000
0.008175,-0.320000,-0.248000
0.008175,-0.304000,-0.240000
0.008175,-0.296000,-0.240000
0.008176,-0.304000,-0.240000
0.008176,-0.304000,-0.232000
0.008176,-0.296000,-0.232000
0.008176,-0.296000,-0.232000
0.008176,-0.296000,-0.224000
0.008177,-0.280000,-0.232000
0.008177,-0.280000,-0.216000
0.008177,-0.288000,-0.224000
0.008177,-0.288000,-0.224000
0.008177,-0.280000,-0.216000
0.008178,-0.272000,-0.208000
0.008178,-0.272000,-0.216000
0.008178,-0.272000,-0.208000
0.008178,-0.272000,-0.200000
0.008178,-0.272000,-0.192000
0.008179,-0.272000,-0.200000
0.008179,-0.256000,-0.192000
0.008179,-0.256000,-0.200000
0.008179,-0.264000,-0.192000
0.008179,-0.256000,-0.192000
0.008180,-0.264000,-0.184000
0.008180,-0.256000,-0.184000
0.008180,-0.256000,-0.184000
0.008180,-0.240000,-0.176000
0.008180,-0.240000,-0.176000
0.008181,-0.240000,-0.176000
0.008181,-0.240000,-0.168000
0.008181,-0.232000,-0.160000
0.008181,-0.232000,-0.168000
0.008181,-0.240000,-0.160000
0.008182,-0.224000,-0.144000
0.008182,-0.216000,-0.152000
0.008182,-0.216000,-0.152000
0.008182,-0.208000,-0.152000
0.008182,-0.216000,-0.152000
0.008183,-0.216000,-0.136000
0.008183,-0.208000,-0.144000
0.008183,-0.208000,-0.128000
0.008183,-0.200000,-0.136000
0.008183,-0.200000,-0.144000
0.008184,-0.208000,-0.136000
0.008184,-0.192000,-0.128000
0.008184,-0.200000,-0.120000
0.008184,-0.192000,-0.120000
0.008184,-0.184000,-0.120000
0.008185,-0.184000,-0.104000
0.008185,-0.168000,-0.112000
0.008185,-0.168000,-0.104000
0.008185,-0.176000,-0.096000
0.008185,-0.168000,-0.104000
0.008186,-0.168000,-0.096000
0.008186,-0.160000,-0.096000
0.008186,-0.152000,-0.096000
0.008186,-0.168000,-0.096000
0.008186,-0.152000,-0.088000
0.008187,-0.144000,-0.088000
0.008187,-0.144000,-0.080000
0.008187,-0.144000,-0.080000
0.008187,-0.144000,-0.088000
0.008187,-0.144000,-0.080000
0.008188,-0.144000,-0.080000
0.008188,-0.128000,-0.064000
0.008188,-0.144000,-0.056000
0.008188,-0.120000,-0.064000
0.008188,-0.120000,-0.064000
0.008189,-0.120000,-0.056000
0.008189,-0.120000,-0.048000
0.008189,-0.128000,-0.048000
0.008189,-0.120000,-0.048000
0.008189,-0.112000,-0.048000
0.008190,-0.112000,-0.048000
0.008190,-0.104000,-0.040000
0.008190,-0.096000,-0.032000
0.008190,-0.096000,-0.040000
0.008190,-0.088000,-0.032000
0.008191,-0.088000,-0.024000
0.008191,-0.088000,-0.024000
0.008191,-0.088000,-0.016000
0.008191,-0.072000,-0.016000
0.008191,-0.080000,-0.008000
0.008192,-0.080000,0.000000
0.008192,-0.080000,-0.008000
0.008192,-0.064000,0.000000
0.008192,-0.072000,-0.008000
0.008192,-0.072000,0.000000
0.008193,-0.056000,0.008000
0.008193,-0.064000,0.008000
0.008193,-0.056000,0.016000
0.008193,-0.048000,0.024000
0.008193,-0.056000,0.016000
0.008194,-0.048000,0.016000
0.008194,-0.040000,0.032000
0.008194,-0.040000,0.024000
0.008194,-0.048000,0.032000
0.008194,-0.048000,0.032000
0.008195,-0.024000,0.040000
0.008195,-0.032000,0.032000
0.008195,-0.024000,0.032000
0.008195,-0.016000,0.048000
0.008195,-0.016000,0.048000
0.008196,-0.024000,0.056000
0.008196,-0.016000,0.048000
0.008196,-0.008000,0.048000
0.008196,-0.008000,0.048000
0.008196,0.000000,0.056000
0.008197,0.008000,0.064000
0.008197,0.008000,0.072000
0.008197,0.008000,0.064000
0.008197,0.016000,0.080000
0.008197,0.016000,0.080000
0.008198,0.016000,0.080000
0.008198,0.024000,0.088000
0.008198,0.024000,0.080000
0.008198,0.032000,0.096000
0.008198,0.024000,0.088000
0.008199,0.040000,0.096000
0.008199,0.040000,0.088000
0.008199,0.040000,0.112000
0.008199,0.040000,0.104000
0.008199,0.040000,0.104000
0.008200,0.048000,0.112000
0.008200,0.040000,0.096000
0.008200,0.056000,0.112000
0.008200,0.048000,0.120000
0.008200,0.064000,0.128000
0.008201,0.056000,0.120000
0.008201,0.072000,0.128000
0.008201,0.072000,0.128000
0.008201,0.072000,0.128000
0.008201,0.072000,0.128000
0.008202,0.088000,0.136000
0.008202,0.080000,0.136000
0.008202,0.088000,0.144000
0.008202,0.080000,0.144000
0.008202,0.104000,0.152000
0.008203,0.096000,0.152000
0.008203,0.096000,0.152000
0.008203,0.104000,0.152000
0.008203,0.104000,0.160000
0.008203,0.096000,0.160000
0.008204,0.120000,0.160000
0.008204,0.112000,0.168000
0.008204,0.112000,0.168000
0.008204,0.112000,0.184000
0.008204,0.112000,0.176000
0.008205,0.128000,0.184000
0.008205,0.128000,0.184000
0.008205,0.120000,0.176000
0.008205,0.136000,0.192000
0.008205,0.136000,0.200000
0.008206,0.152000,0.192000
0.008206,0.144000,0.200000
0.008206,0.128000,0.200000
0.008206,0.144000,0.200000
0.008206,0.152000,0.200000
0.008207,0.160000,0.200000
0.008207,0.160000,0.208000
0.008207,0.160000,0.216000
0.008207,0.152000,0.208000
0.008207,0.168000,0.216000
0.008208,0.168000,0.224000
0.008208,0.176000,0.224000
0.008208,0.176000,0.232000
0.008208,0.184000,0.232000
0.008208,0.176000,0.224000
0.008209,0.184000,0.240000
0.008209,0.184000,0.232000
0.008209,0.184000,0.240000
0.008209,0.192000,0.240000
0.008209,0.200000,0.248000
0.008210,0.200000,0.240000
0.008210,0.208000,0.256000
0.008210,0.200000,0.248000
0.008210,0.208000,0.256000
0.008210,0.208000,0.248000
0.008211,0.216000,0.256000
0.008211,0.216000,0.264000
0.008211,0.224000,0.272000
0.008211,0.232000,0.264000
0.008211,0.232000,0.272000
0.008212,0.232000,0.272000
0.008212,0.232000,0.288000
0.008212,0.240000,0.288000
0.008212,0.240000,0.288000
0.008212,0.240000,0.280000
0.008213,0.240000,0.280000
0.008213,0.248000,0.288000
0.008213,0.248000,0.288000
0.008213,0.240000,0.296000
0.008213,0.256000,0.296000
0.008214,0.256000,0.304000
0.008214,0.256000,0.296000
0.008214,0.256000,0.304000
0.008214,0.256000,0.304000
0.008214,0.272000,0.312000
0.008215,0.264000,0.312000
0.008215,0.280000,0.312000
0.008215,0.280000,0.312000
0.008215,0.272000,0.320000
0.008215,0.280000,0.312000
0.008216,0.288000,0.320000
0.008216,0.280000,0.320000
0.008216,0.288000,0.320000
0.008216,0.296000,0.328000
0.008216,0.296000,0.320000
0.008217,0.288000,0.328000
0.008217,0.296000,0.328000
0.008217,0.296000,0.336000
0.008217,0.312000,0.344000
0.008217,0.312000,0.336000
0.008218,0.312000,0.344000
0.008218,0.312000,0.328000
0.008218,0.312000,0.344000
0.008218,0.312000,0.360000
0.008218,0.320000,0.344000
0.008219,0.328000,0.352000
0.008219,0.320000,0.360000
0.008219,0.328000,0.352000
0.008219,0.320000,0.360000
0.008219,0.328000,0.360000
0.008220,0.320000,0.368000
0.008220,0.336000,0.376000
0.008220,0.336000,0.368000
0.008220,0.336000,0.376000
0.008220,0.344000,0.368000
0.008221,0.344000,0.376000
0.008221,0.352000,0.368000
0.008221,0.344000,0.376000
0.008221,0.352000,0.384000
0.008221,0.352000,0.384000
0.008222,0.344000,0.384000
0.008222,0.360000,0.392000
0.008222,0.360000,0.392000
0.008222,0.352000,0.392000
0.008222,0.360000,0.392000
0.008223,0.360000,0.392000
0.008223,0.368000,0.392000
0.008223,0.368000,0.392000
0.008223,0.360000,0.392000
0.008223,0.376000,0.400000
0.008224,0.368000,0.400000
0.008224,0.368000,0.400000
0.008224,0.368000,0.408000
0.008224,0.368000,0.400000
0.008224,0.384000,0.408000
0.008225,0.392000,0.408000
0.008225,0.376000,0.408000
0.008225,0.392000,0.416000
0.008225,0.392000,0.408000
0.008225,0.392000,0.416000
0.008226,0.400000,0.416000
0.008226,0.384000,0.416000
0.008226,0.400000,0.424000
0.008226,0.408000,0.416000
0.008226,0.408000,0.416000
0.008227,0.408000,0.424000
0.008227,0.408000,0.416000
0.008227,0.408000,0.424000
0.008227,0.416000,0.424000
0.008227,0.416000,0.424000
0.008228,0.416000,0.432000
0.008228,0.416000,0.432000
0.008228,0.424000,0.432000
0.008228,0.416000,0.440000
0.008228,0.416000,0.440000
0.008229,0.424000,0.440000
0.008229,0.416000,0.440000
0.008229,0.416000,0.440000
0.008229,0.432000,0.440000
0.008229,0.432000,0.440000
0.008230,0.432000,0.448000
0.008230,0.424000,0.440000
0.008230,0.440000,0.448000
0.008230,0.432000,0.432000
0.008230,0.432000,0.448000
0.008231,0.432000,0.448000
0.008231,0.448000,0.448000
0.008231,0.448000,0.456000
0.008231,0.448000,0.448000
0.008231,0.448000,0.448000
0.008232,0.448000,0.448000
0.008232,0.456000,0.456000
0.008232,0.448000,0.464000
0.008232,0.448000,0.456000
0.008232,0.440000,0.456000
0.008233,0.456000,0.456000
0.008233,0.456000,0.448000
0.008233,0.448000,0.456000
0.008233,0.448000,0.464000
0.008233,0.464000,0.464000
0.008234,0.456000,0.456000
0.008234,0.456000,0.464000
0.008234,0.456000,0.456000
0.008234,0.464000,0.464000
0.008234,0.456000,0.464000
0.008235,0.464000,0.464000
0.008235,0.472000,0.472000
0.008235,0.464000,0.464000
0.008235,0.464000,0.464000
0.008235,0.472000,0.472000
0.008236,0.472000,0.472000
0.008236,0.472000,0.480000
0.008236,0.480000,0.464000
0.008236,0.472000,0.472000
0.008236,0.480000,0.472000
0.008237,0.488000,0.472000
0.008237,0.488000,0.480000
0.008237,0.480000,0.480000
0.008237,0.480000,0.472000
0.008237,0.472000,0.472000
0.008238,0.480000,0.472000
0.008238,0.480000,0.472000
0.008238,0.480000,0.472000
0.008238,0.488000,0.472000
0.008238,0.496000,0.472000
0.008239,0.488000,0.480000
0.008239,0.480000,0.464000
0.008239,0.472000,0.472000
0.008239,0.488000,0.472000
0.008239,0.488000,0.464000
0.008240,0.488000,0.480000
0.008240,0.488000,0.472000
0.008240,0.488000,0.480000
0.008240,0.488000,0.472000
0.008240,0.488000,0.480000
0.008241,0.504000,0.480000
0.008241,0.488000,0.472000
0.008241,0.496000,0.480000
0.008241,0.496000,0.480000
0.008241,0.488000,0.480000
0.008242,0.504000,0.488000
0.008242,0.488000,0.480000
0.008242,0.496000,0.472000
0.008242,0.504000,0.472000
0.008242,0.496000,0.480000
0.008243,0.496000,0.472000
0.008243,0.504000,0.480000
0.008243,0.488000,0.480000
0.008243,0.504000,0.480000
0.008243,0.496000,0.472000
0.008244,0.496000,0.480000
0.008244,0.496000,0.472000
0.008244,0.496000,0.480000
0.008244,0.504000,0.480000
0.008244,0.512000,0.480000
0.008245,0.496000,0.472000
0.008245,0.512000,0.480000
0.008245,0.504000,0.480000
0.008245,0.504000,0.472000
0.008245,0.512000,0.472000
0.008246,0.488000,0.472000
0.008246,0.504000,0.472000
0.008246,0.496000,0.472000
0.008246,0.504000,0.472000
0.008246,0.504000,0.480000
0.008247,0.504000,0.480000
0.008247,0.496000,0.480000
0.008247,0.504000,0.464000
0.008247,0.504000,0.472000
0.008247,0.504000,0.472000
0.008248,0.504000,0.472000
0.008248,0.504000,0.464000
0.008248,0.504000,0.472000
0.008248,0.504000,0.472000
0.008248,0.496000,0.472000
0.008249,0.496000,0.472000
0.008249,0.496000,0.464000
0.008249,0.504000,0.464000
0.008249,0.504000,0.456000
0.008249,0.504000,0.456000
0.008250,0.504000,0.464000
0.008250,0.504000,0.472000
