0.006750,0.456000,0.392000
0.006751,0.456000,0.392000
0.006752,0.456000,0.384000
0.006753,0.456000,0.384000
0.006754,0.448000,0.384000
0.006755,0.448000,0.376000
0.006756,0.448000,0.376000
0.006757,0.448000,0.368000
0.006758,0.440000,0.368000
0.006759,0.440000,0.360000
0.006760,0.432000,0.360000
0.006761,0.432000,0.352000
0.006762,0.432000,0.344000
0.006763,0.424000,0.336000
0.006764,0.416000,0.336000
0.006765,0.416000,0.328000
0.006766,0.408000,0.328000
0.006767,0.408000,0.312000
0.006768,0.400000,0.312000
0.006769,0.400000,0.304000
0.006770,0.392000,0.304000
0.006771,0.384000,0.296000
0.006772,0.384000,0.288000
0.006773,0.376000,0.280000
0.006774,0.376000,0.280000
0.006775,0.368000,0.264000
0.006776,0.360000,0.264000
0.006777,0.360000,0.256000
0.006778,0.352000,0.248000
0.006779,0.344000,0.240000
0.006780,0.344000,0.240000
0.006781,0.336000,0.232000
0.006782,0.328000,0.224000
0.006783,0.320000,0.216000
0.006784,0.312000,0.208000
0.006785,0.312000,0.200000
0.006786,0.304000,0.192000
0.006787,0.296000,0.184000
0.006788,0.288000,0.184000
0.006789,0.280000,0.168000
0.006790,0.280000,0.168000
0.006791,0.264000,0.160000
0.006792,0.256000,0.152000
0.006793,0.248000,0.144000
0.006794,0.240000,0.128000
0.006795,0.240000,0.128000
0.006796,0.232000,0.120000
0.006797,0.224000,0.104000
0.006798,0.216000,0.104000
0.006799,0.200000,0.096000
0.006800,0.200000,0.088000
0.006801,0.192000,0.080000
0.006802,0.184000,0.072000
0.006803,0.176000,0.064000
0.006804,0.168000,0.056000
0.006805,0.160000,0.048000
0.006806,0.152000,0.032000
0.006807,0.144000,0.024000
0.006808,0.128000,0.016000
0.006809,0.128000,0.016000
0.006810,0.112000,0.000000
0.006811,0.104000,-0.008000
0.006812,0.104000,-0.016000
0.006813,0.096000,-0.024000
0.006814,0.080000,-0.032000
0.006815,0.072000,-0.040000
0.006816,0.064000,-0.048000
0.006817,0.056000,-0.056000
0.006818,0.048000,-0.064000
0.006819,0.032000,-0.072000
0.006820,0.032000,-0.080000
0.006821,0.016000,-0.088000
0.006822,0.008000,-0.096000
0.006823,0.000000,-0.104000
0.006824,-0.008000,-0.112000
0.006825,-0.016000,-0.120000
0.006826,-0.024000,-0.128000
0.006827,-0.032000,-0.136000
0.006828,-0.040000,-0.144000
0.006829,-0.056000,-0.152000
0.006830,-0.056000,-0.152000
0.006831,-0.064000,-0.168000
0.006832,-0.072000,-0.168000
0.006833,-0.088000,-0.176000
0.006834,-0.096000,-0.192000
0.006835,-0.104000,-0.192000
0.006836,-0.112000,-0.200000
0.006837,-0.120000,-0.208000
0.006838,-0.128000,-0.216000
0.006839,-0.136000,-0.224000
0.006840,-0.152000,-0.232000
0.006841,-0.160000,-0.240000
0.006842,-0.160000,-0.240000
0.006843,-0.168000,-0.248000
0.006844,-0.176000,-0.256000
0.006845,-0.184000,-0.256000
0.006846,-0.192000,-0.272000
0.006847,-0.200000,-0.272000
0.006848,-0.208000,-0.280000
0.006849,-0.216000,-0.288000
0.006850,-0.232000,-0.296000
0.006851,-0.232000,-0.304000
0.006852,-0.240000,-0.312000
0.006853,-0.256000,-0.312000
0.006854,-0.256000,-0.320000
0.006855,-0.256000,-0.328000
0.006856,-0.272000,-0.328000
0.006857,-0.280000,-0.336000
0.006858,-0.280000,-0.344000
0.006859,-0.288000,-0.344000
0.006860,-0.296000,-0.352000
0.006861,-0.304000,-0.352000
0.006862,-0.312000,-0.352000
0.006863,-0.312000,-0.360000
0.006864,-0.328000,-0.368000
0.006865,-0.328000,-0.376000
0.006866,-0.336000,-0.376000
0.006867,-0.344000,-0.384000
0.006868,-0.352000,-0.384000
0.006869,-0.352000,-0.384000
0.006870,-0.368000,-0.392000
0.006871,-0.368000,-0.400000
0.006872,-0.368000,-0.400000
0.006873,-0.368000,-0.400000
0.006874,-0.376000,-0.408000
0.006875,-0.384000,-0.408000
0.006876,-0.392000,-0.416000
0.006877,-0.392000,-0.416000
0.006878,-0.400000,-0.424000
0.006879,-0.408000,-0.416000
0.006880,-0.408000,-0.424000
0.006881,-0.408000,-0.424000
0.006882,-0.416000,-0.424000
0.006883,-0.424000,-0.424000
0.006884,-0.424000,-0.432000
0.006885,-0.432000,-0.432000
0.006886,-0.432000,-0.432000
0.006887,-0.432000,-0.424000
0.006888,-0.440000,-0.432000
0.006889,-0.440000,-0.432000
0.006890,-0.448000,-0.432000
0.006891,-0.440000,-0.432000
0.006892,-0.440000,-0.432000
0.006893,-0.448000,-0.424000
0.006894,-0.448000,-0.432000
0.006895,-0.456000,-0.432000
0.006896,-0.456000,-0.432000
0.006897,-0.456000,-0.432000
0.006898,-0.456000,-0.432000
0.006899,-0.464000,-0.432000
0.006900,-0.464000,-0.432000
0.006901,-0.464000,-0.424000
0.006902,-0.464000,-0.432000
0.006903,-0.456000,-0.424000
0.006904,-0.464000,-0.424000
0.006905,-0.464000,-0.424000
0.006906,-0.464000,-0.424000
0.006907,-0.464000,-0.424000
0.006908,-0.464000,-0.416000
0.006909,-0.464000,-0.416000
0.006910,-0.456000,-0.416000
0.006911,-0.464000,-0.408000
0.006912,-0.464000,-0.408000
0.006913,-0.464000,-0.408000
0.006914,-0.464000,-0.400000
0.006915,-0.456000,-0.400000
0.006916,-0.456000,-0.392000
0.006917,-0.448000,-0.392000
0.006918,-0.456000,-0.392000
0.006919,-0.448000,-0.384000
0.006920,-0.448000,-0.384000
0.006921,-0.448000,-0.376000
0.006922,-0.432000,-0.368000
0.006923,-0.440000,-0.368000
0.006924,-0.440000,-0.368000
0.006925,-0.440000,-0.360000
0.006926,-0.432000,-0.352000
0.006927,-0.424000,-0.352000
0.006928,-0.424000,-0.344000
0.006929,-0.424000,-0.344000
0.006930,-0.424000,-0.336000
0.006931,-0.416000,-0.328000
0.006932,-0.408000,-0.320000
0.006933,-0.408000,-0.320000
0.006934,-0.400000,-0.312000
0.006935,-0.392000,-0.312000
0.006936,-0.392000,-0.304000
0.006937,-0.392000,-0.296000
0.006938,-0.384000,-0.288000
0.006939,-0.376000,-0.288000
0.006940,-0.368000,-0.272000
0.006941,-0.368000,-0.272000
0.006942,-0.360000,-0.264000
0.006943,-0.360000,-0.256000
0.006944,-0.352000,-0.248000
0.006945,-0.352000,-0.240000
0.006946,-0.344000,-0.240000
0.006947,-0.336000,-0.232000
0.006948,-0.328000,-0.224000
0.006949,-0.320000,-0.216000
0.006950,-0.312000,-0.208000
0.006951,-0.304000,-0.200000
0.006952,-0.296000,-0.192000
0.006953,-0.296000,-0.192000
0.006954,-0.288000,-0.176000
0.006955,-0.280000,-0.176000
0.006956,-0.272000,-0.168000
0.006957,-0.264000,-0.160000
0.006958,-0.256000,-0.152000
0.006959,-0.256000,-0.144000
0.006960,-0.240000,-0.136000
0.006961,-0.240000,-0.128000
0.006962,-0.224000,-0.112000
0.006963,-0.224000,-0.104000
0.006964,-0.216000,-0.104000
0.006965,-0.200000,-0.096000
0.006966,-0.200000,-0.088000
0.006967,-0.184000,-0.080000
0.006968,-0.176000,-0.072000
0.006969,-0.176000,-0.064000
0.006970,-0.160000,-0.056000
0.006971,-0.160000,-0.048000
0.006972,-0.152000,-0.040000
0.006973,-0.136000,-0.032000
0.006974,-0.136000,-0.024000
0.006975,-0.128000,-0.016000
0.006976,-0.120000,-0.008000
0.006977,-0.104000,0.000000
0.006978,-0.104000,0.008000
0.006979,-0.088000,0.016000
0.006980,-0.088000,0.032000
0.006981,-0.072000,0.040000
0.006982,-0.064000,0.048000
0.006983,-0.056000,0.056000
0.006984,-0.048000,0.056000
0.006985,-0.040000,0.072000
0.006986,-0.024000,0.080000
0.006987,-0.024000,0.080000
0.006988,-0.016000,0.088000
0.006989,-0.008000,0.104000
0.006990,0.000000,0.104000
0.006991,0.016000,0.112000
0.006992,0.024000,0.128000
0.006993,0.032000,0.136000
0.006994,0.040000,0.144000
0.006995,0.048000,0.152000
0.006996,0.064000,0.152000
0.006997,0.072000,0.168000
0.006998,0.080000,0.168000
0.006999,0.088000,0.184000
0.007000,0.096000,0.184000
0.007001,0.104000,0.192000
0.007002,0.112000,0.200000
0.007003,0.120000,0.208000
0.007004,0.128000,0.216000
0.007005,0.136000,0.224000
0.007006,0.144000,0.232000
0.007007,0.160000,0.240000
0.007008,0.160000,0.240000
0.007009,0.168000,0.248000
0.007010,0.176000,0.256000
0.007011,0.184000,0.264000
0.007012,0.192000,0.264000
0.007013,0.200000,0.272000
0.007014,0.216000,0.280000
0.007015,0.216000,0.288000
0.007016,0.232000,0.296000
0.007017,0.240000,0.304000
0.007018,0.240000,0.304000
0.007019,0.248000,0.312000
0.007020,0.256000,0.320000
0.007021,0.264000,0.320000
0.007022,0.272000,0.328000
0.007023,0.280000,0.336000
0.007024,0.280000,0.336000
0.007025,0.296000,0.344000
0.007026,0.296000,0.352000
0.007027,0.304000,0.352000
0.007028,0.312000,0.360000
0.007029,0.320000,0.360000
0.007030,0.328000,0.368000
0.007031,0.336000,0.376000
0.007032,0.336000,0.376000
0.007033,0.344000,0.376000
0.007034,0.352000,0.384000
0.007035,0.352000,0.384000
0.007036,0.360000,0.392000
0.007037,0.360000,0.392000
0.007038,0.376000,0.400000
0.007039,0.376000,0.400000
0.007040,0.384000,0.408000
0.007041,0.384000,0.408000
0.007042,0.392000,0.408000
0.007043,0.392000,0.416000
0.007044,0.400000,0.408000
0.007045,0.408000,0.416000
0.007046,0.408000,0.416000
0.007047,0.416000,0.424000
0.007048,0.424000,0.424000
0.007049,0.424000,0.424000
0.007050,0.432000,0.424000
0.007051,0.432000,0.432000
0.007052,0.432000,0.432000
0.007053,0.432000,0.432000
0.007054,0.440000,0.432000
0.007055,0.440000,0.440000
0.007056,0.448000,0.432000
0.007057,0.448000,0.432000
0.007058,0.448000,0.432000
0.007059,0.448000,0.432000
0.007060,0.448000,0.432000
0.007061,0.456000,0.432000
0.007062,0.456000,0.432000
0.007063,0.464000,0.440000
0.007064,0.464000,0.432000
0.007065,0.464000,0.440000
0.007066,0.464000,0.432000
0.007067,0.464000,0.432000
0.007068,0.464000,0.432000
0.007069,0.464000,0.432000
0.007070,0.464000,0.424000
0.007071,0.472000,0.424000
0.007072,0.464000,0.424000
0.007073,0.464000,0.416000
0.007074,0.464000,0.424000
0.007075,0.464000,0.424000
0.007076,0.464000,0.416000
0.007077,0.464000,0.408000
0.007078,0.464000,0.408000
0.007079,0.464000,0.408000
0.007080,0.464000,0.408000
0.007081,0.464000,0.400000
0.007082,0.464000,0.400000
0.007083,0.456000,0.400000
0.007084,0.456000,0.392000
0.007085,0.448000,0.384000
0.007086,0.456000,0.384000
0.007087,0.456000,0.384000
0.007088,0.448000,0.376000
0.007089,0.448000,0.376000
0.007090,0.440000,0.368000
0.007091,0.440000,0.368000
0.007092,0.440000,0.360000
0.007093,0.432000,0.360000
0.007094,0.432000,0.352000
0.007095,0.432000,0.344000
0.007096,0.424000,0.336000
0.007097,0.416000,0.336000
0.007098,0.416000,0.336000
0.007099,0.416000,0.328000
0.007100,0.408000,0.320000
0.007101,0.408000,0.312000
0.007102,0.400000,0.312000
0.007103,0.392000,0.304000
0.007104,0.384000,0.296000
0.007105,0.384000,0.288000
0.007106,0.384000,0.288000
0.007107,0.376000,0.280000
0.007108,0.368000,0.272000
0.007109,0.368000,0.264000
0.007110,0.360000,0.256000
0.007111,0.352000,0.248000
0.007112,0.352000,0.248000
0.007113,0.344000,0.240000
0.007114,0.336000,0.232000
0.007115,0.328000,0.224000
0.007116,0.320000,0.224000
0.007117,0.312000,0.216000
0.007118,0.312000,0.200000
0.007119,0.304000,0.200000
0.007120,0.296000,0.184000
0.007121,0.288000,0.184000
0.007122,0.288000,0.176000
0.007123,0.280000,0.168000
0.007124,0.272000,0.160000
0.007125,0.264000,0.152000
0.007126,0.256000,0.144000
0.007127,0.248000,0.136000
0.007128,0.240000,0.128000
0.007129,0.232000,0.120000
0.007130,0.224000,0.112000
0.007131,0.216000,0.104000
0.007132,0.208000,0.096000
0.007133,0.200000,0.088000
0.007134,0.192000,0.080000
0.007135,0.184000,0.072000
0.007136,0.176000,0.056000
0.007137,0.168000,0.056000
0.007138,0.160000,0.048000
0.007139,0.152000,0.040000
0.007140,0.144000,0.032000
0.007141,0.136000,0.016000
0.007142,0.128000,0.016000
0.007143,0.128000,0.008000
0.007144,0.112000,-0.008000
0.007145,0.104000,-0.008000
0.007146,0.088000,-0.016000
0.007147,0.088000,-0.024000
0.007148,0.072000,-0.040000
0.007149,0.064000,-0.048000
0.007150,0.056000,-0.048000
0.007151,0.048000,-0.056000
0.007152,0.040000,-0.072000
0.007153,0.032000,-0.080000
0.007154,0.024000,-0.080000
0.007155,0.016000,-0.088000
0.007156,0.000000,-0.104000
0.007157,-0.008000,-0.112000
0.007158,-0.016000,-0.112000
0.007159,-0.024000,-0.128000
0.007160,-0.032000,-0.136000
0.007161,-0.040000,-0.136000
0.007162,-0.048000,-0.152000
0.007163,-0.056000,-0.152000
0.007164,-0.064000,-0.168000
0.007165,-0.072000,-0.168000
0.007166,-0.088000,-0.176000
0.007167,-0.088000,-0.184000
0.007168,-0.104000,-0.192000
0.007169,-0.104000,-0.200000
0.007170,-0.120000,-0.208000
0.007171,-0.128000,-0.216000
0.007172,-0.136000,-0.224000
0.007173,-0.144000,-0.232000
0.007174,-0.152000,-0.232000
0.007175,-0.160000,-0.240000
0.007176,-0.168000,-0.248000
0.007177,-0.176000,-0.256000
0.007178,-0.184000,-0.264000
0.007179,-0.192000,-0.272000
0.007180,-0.200000,-0.272000
0.007181,-0.208000,-0.288000
0.007182,-0.216000,-0.288000
0.007183,-0.224000,-0.288000
0.007184,-0.232000,-0.304000
0.007185,-0.240000,-0.312000
0.007186,-0.240000,-0.312000
0.007187,-0.256000,-0.320000
0.007188,-0.256000,-0.320000
0.007189,-0.272000,-0.328000
0.007190,-0.272000,-0.328000
0.007191,-0.280000,-0.336000
0.007192,-0.288000,-0.344000
0.007193,-0.296000,-0.344000
0.007194,-0.304000,-0.352000
0.007195,-0.312000,-0.360000
0.007196,-0.312000,-0.360000
0.007197,-0.320000,-0.360000
0.007198,-0.328000,-0.368000
0.007199,-0.336000,-0.376000
0.007200,-0.344000,-0.376000
0.007201,-0.352000,-0.384000
0.007202,-0.352000,-0.384000
0.007203,-0.360000,-0.392000
0.007204,-0.368000,-0.392000
0.007205,-0.368000,-0.400000
0.007206,-0.376000,-0.400000
0.007207,-0.384000,-0.408000
0.007208,-0.384000,-0.408000
0.007209,-0.392000,-0.408000
0.007210,-0.392000,-0.408000
0.007211,-0.400000,-0.416000
0.007212,-0.408000,-0.416000
0.007213,-0.408000,-0.424000
0.007214,-0.408000,-0.416000
0.007215,-0.416000,-0.424000
0.007216,-0.424000,-0.424000
0.007217,-0.424000,-0.424000
0.007218,-0.432000,-0.432000
0.007219,-0.432000,-0.432000
0.007220,-0.440000,-0.432000
0.007221,-0.440000,-0.432000
0.007222,-0.440000,-0.432000
0.007223,-0.440000,-0.432000
0.007224,-0.440000,-0.432000
0.007225,-0.448000,-0.432000
0.007226,-0.456000,-0.440000
0.007227,-0.448000,-0.432000
0.007228,-0.448000,-0.432000
0.007229,-0.456000,-0.432000
0.007230,-0.456000,-0.432000
0.007231,-0.456000,-0.432000
0.007232,-0.464000,-0.432000
0.007233,-0.456000,-0.432000
0.007234,-0.464000,-0.432000
0.007235,-0.456000,-0.432000
0.007236,-0.464000,-0.432000
0.007237,-0.464000,-0.424000
0.007238,-0.464000,-0.424000
0.007239,-0.464000,-0.424000
0.007240,-0.464000,-0.424000
0.007241,-0.464000,-0.416000
0.007242,-0.464000,-0.416000
0.007243,-0.464000,-0.424000
0.007244,-0.464000,-0.416000
0.007245,-0.464000,-0.408000
0.007246,-0.464000,-0.400000
0.007247,-0.464000,-0.400000
0.007248,-0.464000,-0.400000
0.007249,-0.456000,-0.400000
0.007250,-0.456000,-0.400000
0.007251,-0.448000,-0.392000
0.007252,-0.448000,-0.392000
0.007253,-0.448000,-0.384000
0.007254,-0.448000,-0.376000
0.007255,-0.440000,-0.376000
0.007256,-0.440000,-0.368000
0.007257,-0.440000,-0.360000
0.007258,-0.432000,-0.360000
0.007259,-0.432000,-0.360000
0.007260,-0.432000,-0.352000
0.007261,-0.432000,-0.352000
0.007262,-0.424000,-0.336000
0.007263,-0.424000,-0.336000
0.007264,-0.416000,-0.328000
0.007265,-0.408000,-0.328000
0.007266,-0.408000,-0.320000
0.007267,-0.408000,-0.312000
0.007268,-0.400000,-0.312000
0.007269,-0.392000,-0.304000
0.007270,-0.392000,-0.296000
0.007271,-0.384000,-0.288000
0.007272,-0.376000,-0.280000
0.007273,-0.376000,-0.288000
0.007274,-0.368000,-0.272000
0.007275,-0.368000,-0.264000
0.007276,-0.360000,-0.256000
0.007277,-0.344000,-0.248000
0.007278,-0.352000,-0.240000
0.007279,-0.344000,-0.240000
0.007280,-0.336000,-0.232000
0.007281,-0.328000,-0.224000
0.007282,-0.320000,-0.216000
0.007283,-0.320000,-0.216000
0.007284,-0.312000,-0.208000
0.007285,-0.304000,-0.192000
0.007286,-0.296000,-0.192000
0.007287,-0.288000,-0.176000
0.007288,-0.280000,-0.176000
0.007289,-0.272000,-0.168000
0.007290,-0.272000,-0.160000
0.007291,-0.264000,-0.152000
0.007292,-0.256000,-0.152000
0.007293,-0.248000,-0.136000
0.007294,-0.232000,-0.128000
0.007295,-0.232000,-0.128000
0.007296,-0.224000,-0.112000
0.007297,-0.216000,-0.104000
0.007298,-0.208000,-0.096000
0.007299,-0.200000,-0.088000
0.007300,-0.192000,-0.080000
0.007301,-0.184000,-0.072000
0.007302,-0.168000,-0.064000
0.007303,-0.168000,-0.056000
0.007304,-0.160000,-0.048000
0.007305,-0.152000,-0.040000
0.007306,-0.144000,-0.032000
0.007307,-0.136000,-0.024000
0.007308,-0.128000,-0.016000
0.007309,-0.120000,-0.008000
0.007310,-0.112000,-0.008000
0.007311,-0.104000,0.008000
0.007312,-0.096000,0.016000
0.007313,-0.088000,0.024000
0.007314,-0.072000,0.032000
0.007315,-0.072000,0.040000
0.007316,-0.056000,0.048000
0.007317,-0.048000,0.056000
0.007318,-0.040000,0.064000
0.007319,-0.032000,0.072000
0.007320,-0.024000,0.080000
0.007321,-0.016000,0.088000
0.007322,-0.008000,0.096000
0.007323,0.000000,0.104000
0.007324,0.008000,0.112000
0.007325,0.016000,0.120000
0.007326,0.032000,0.136000
0.007327,0.032000,0.136000
0.007328,0.048000,0.152000
0.007329,0.056000,0.152000
0.007330,0.064000,0.160000
0.007331,0.072000,0.168000
0.007332,0.080000,0.176000
0.007333,0.088000,0.184000
0.007334,0.096000,0.192000
0.007335,0.104000,0.200000
0.007336,0.112000,0.200000
0.007337,0.128000,0.216000
0.007338,0.136000,0.224000
0.007339,0.144000,0.232000
0.007340,0.152000,0.232000
0.007341,0.160000,0.240000
0.007342,0.168000,0.240000
0.007343,0.176000,0.256000
0.007344,0.184000,0.264000
0.007345,0.192000,0.264000
0.007346,0.200000,0.272000
0.007347,0.208000,0.280000
0.007348,0.216000,0.288000
0.007349,0.224000,0.296000
0.007350,0.232000,0.296000
0.007351,0.240000,0.296000
0.007352,0.248000,0.312000
0.007353,0.256000,0.312000
0.007354,0.264000,0.320000
0.007355,0.272000,0.328000
0.007356,0.272000,0.328000
0.007357,0.288000,0.336000
0.007358,0.296000,0.344000
0.007359,0.304000,0.352000
0.007360,0.304000,0.352000
0.007361,0.312000,0.360000
0.007362,0.312000,0.360000
0.007363,0.320000,0.368000
0.007364,0.320000,0.368000
0.007365,0.336000,0.376000
0.007366,0.344000,0.384000
0.007367,0.352000,0.384000
0.007368,0.352000,0.384000
0.007369,0.360000,0.384000
0.007370,0.368000,0.392000
0.007371,0.368000,0.400000
0.007372,0.384000,0.400000
0.007373,0.384000,0.408000
0.007374,0.384000,0.408000
0.007375,0.392000,0.408000
0.007376,0.392000,0.416000
0.007377,0.400000,0.416000
0.007378,0.408000,0.416000
0.007379,0.408000,0.416000
0.007380,0.408000,0.424000
0.007381,0.416000,0.424000
0.007382,0.416000,0.424000
0.007383,0.424000,0.424000
0.007384,0.432000,0.424000
0.007385,0.432000,0.432000
0.007386,0.432000,0.424000
0.007387,0.432000,0.432000
0.007388,0.440000,0.432000
0.007389,0.448000,0.432000
0.007390,0.448000,0.432000
0.007391,0.448000,0.432000
0.007392,0.448000,0.432000
0.007393,0.448000,0.432000
0.007394,0.456000,0.432000
0.007395,0.456000,0.432000
0.007396,0.456000,0.432000
0.007397,0.464000,0.440000
0.007398,0.464000,0.440000
0.007399,0.464000,0.432000
0.007400,0.464000,0.432000
0.007401,0.464000,0.432000
0.007402,0.464000,0.424000
0.007403,0.464000,0.424000
0.007404,0.464000,0.424000
0.007405,0.464000,0.424000
0.007406,0.464000,0.424000
0.007407,0.472000,0.424000
0.007408,0.472000,0.416000
0.007409,0.472000,0.416000
0.007410,0.472000,0.416000
0.007411,0.464000,0.408000
0.007412,0.464000,0.408000
0.007413,0.464000,0.408000
0.007414,0.464000,0.400000
0.007415,0.464000,0.400000
0.007416,0.464000,0.400000
0.007417,0.456000,0.392000
0.007418,0.456000,0.384000
0.007419,0.456000,0.384000
0.007420,0.448000,0.384000
0.007421,0.448000,0.384000
0.007422,0.448000,0.376000
0.007423,0.448000,0.376000
0.007424,0.440000,0.368000
0.007425,0.440000,0.360000
0.007426,0.440000,0.360000
0.007427,0.440000,0.352000
0.007428,0.432000,0.352000
0.007429,0.424000,0.344000
0.007430,0.424000,0.336000
0.007431,0.416000,0.336000
0.007432,0.408000,0.328000
0.007433,0.408000,0.320000
0.007434,0.408000,0.312000
0.007435,0.400000,0.312000
0.007436,0.400000,0.304000
0.007437,0.392000,0.296000
0.007438,0.384000,0.288000
0.007439,0.384000,0.288000
0.007440,0.376000,0.280000
0.007441,0.376000,0.280000
0.007442,0.368000,0.264000
0.007443,0.368000,0.264000
0.007444,0.360000,0.256000
0.007445,0.352000,0.248000
0.007446,0.344000,0.240000
0.007447,0.336000,0.240000
0.007448,0.336000,0.232000
0.007449,0.320000,0.216000
0.007450,0.312000,0.216000
0.007451,0.312000,0.208000
0.007452,0.304000,0.200000
0.007453,0.304000,0.192000
0.007454,0.296000,0.184000
0.007455,0.288000,0.176000
0.007456,0.280000,0.168000
0.007457,0.272000,0.160000
0.007458,0.264000,0.152000
0.007459,0.256000,0.152000
0.007460,0.248000,0.136000
0.007461,0.248000,0.128000
0.007462,0.240000,0.120000
0.007463,0.232000,0.120000
0.007464,0.224000,0.104000
0.007465,0.216000,0.096000
0.007466,0.200000,0.088000
0.007467,0.192000,0.080000
0.007468,0.184000,0.072000
0.007469,0.184000,0.064000
0.007470,0.176000,0.056000
0.007471,0.168000,0.048000
0.007472,0.152000,0.040000
0.007473,0.152000,0.032000
0.007474,0.136000,0.024000
0.007475,0.128000,0.016000
0.007476,0.128000,0.008000
0.007477,0.112000,0.000000
0.007478,0.104000,-0.008000
0.007479,0.096000,-0.016000
0.007480,0.088000,-0.024000
0.007481,0.080000,-0.032000
0.007482,0.064000,-0.040000
0.007483,0.056000,-0.048000
0.007484,0.048000,-0.056000
0.007485,0.048000,-0.064000
0.007486,0.032000,-0.072000
0.007487,0.024000,-0.080000
0.007488,0.016000,-0.088000
0.007489,0.008000,-0.096000
0.007490,-0.008000,-0.104000
0.007491,-0.016000,-0.112000
0.007492,-0.016000,-0.120000
0.007493,-0.024000,-0.128000
0.007494,-0.040000,-0.136000
0.007495,-0.040000,-0.144000
0.007496,-0.056000,-0.152000
0.007497,-0.064000,-0.160000
0.007498,-0.072000,-0.168000
0.007499,-0.080000,-0.176000
0.007500,-0.088000,-0.176000
0.007501,-0.088000,-0.184000
0.007502,-0.104000,-0.200000
0.007503,-0.112000,-0.208000
0.007504,-0.120000,-0.208000
0.007505,-0.128000,-0.216000
0.007506,-0.136000,-0.224000
0.007507,-0.152000,-0.232000
0.007508,-0.160000,-0.240000
0.007509,-0.160000,-0.248000
0.007510,-0.168000,-0.256000
0.007511,-0.176000,-0.256000
0.007512,-0.192000,-0.264000
0.007513,-0.200000,-0.272000
0.007514,-0.208000,-0.280000
0.007515,-0.208000,-0.288000
0.007516,-0.224000,-0.288000
0.007517,-0.224000,-0.296000
0.007518,-0.232000,-0.304000
0.007519,-0.240000,-0.312000
0.007520,-0.248000,-0.320000
0.007521,-0.256000,-0.320000
0.007522,-0.264000,-0.328000
0.007523,-0.272000,-0.328000
0.007524,-0.280000,-0.328000
0.007525,-0.288000,-0.344000
0.007526,-0.296000,-0.344000
0.007527,-0.304000,-0.352000
0.007528,-0.312000,-0.352000
0.007529,-0.312000,-0.360000
0.007530,-0.320000,-0.368000
0.007531,-0.320000,-0.368000
0.007532,-0.336000,-0.376000
0.007533,-0.336000,-0.376000
0.007534,-0.344000,-0.384000
0.007535,-0.352000,-0.384000
0.007536,-0.352000,-0.392000
0.007537,-0.360000,-0.392000
0.007538,-0.368000,-0.392000
0.007539,-0.368000,-0.400000
0.007540,-0.384000,-0.400000
0.007541,-0.376000,-0.400000
0.007542,-0.384000,-0.408000
0.007543,-0.392000,-0.408000
0.007544,-0.400000,-0.416000
0.007545,-0.400000,-0.416000
0.007546,-0.408000,-0.416000
0.007547,-0.408000,-0.424000
0.007548,-0.416000,-0.424000
0.007549,-0.416000,-0.424000
0.007550,-0.424000,-0.424000
0.007551,-0.424000,-0.432000
0.007552,-0.432000,-0.424000
0.007553,-0.432000,-0.432000
0.007554,-0.440000,-0.432000
0.007555,-0.440000,-0.432000
0.007556,-0.440000,-0.432000
0.007557,-0.440000,-0.432000
0.007558,-0.448000,-0.432000
0.007559,-0.448000,-0.432000
0.007560,-0.448000,-0.432000
0.007561,-0.456000,-0.432000
0.007562,-0.456000,-0.432000
0.007563,-0.456000,-0.432000
0.007564,-0.456000,-0.432000
0.007565,-0.464000,-0.432000
0.007566,-0.456000,-0.432000
0.007567,-0.464000,-0.432000
0.007568,-0.464000,-0.432000
0.007569,-0.464000,-0.432000
0.007570,-0.456000,-0.424000
0.007571,-0.464000,-0.424000
0.007572,-0.464000,-0.424000
0.007573,-0.464000,-0.424000
0.007574,-0.464000,-0.424000
0.007575,-0.464000,-0.416000
0.007576,-0.464000,-0.416000
0.007577,-0.464000,-0.416000
0.007578,-0.464000,-0.408000
0.007579,-0.464000,-0.408000
0.007580,-0.464000,-0.408000
0.007581,-0.464000,-0.400000
0.007582,-0.456000,-0.400000
0.007583,-0.448000,-0.392000
0.007584,-0.448000,-0.392000
0.007585,-0.448000,-0.392000
0.007586,-0.448000,-0.384000
0.007587,-0.440000,-0.376000
0.007588,-0.448000,-0.376000
0.007589,-0.440000,-0.376000
0.007590,-0.432000,-0.368000
0.007591,-0.440000,-0.360000
0.007592,-0.432000,-0.360000
0.007593,-0.432000,-0.352000
0.007594,-0.432000,-0.352000
0.007595,-0.424000,-0.344000
0.007596,-0.416000,-0.336000
0.007597,-0.416000,-0.328000
0.007598,-0.416000,-0.328000
0.007599,-0.416000,-0.328000
0.007600,-0.408000,-0.320000
0.007601,-0.400000,-0.312000
0.007602,-0.400000,-0.304000
0.007603,-0.392000,-0.304000
0.007604,-0.384000,-0.296000
0.007605,-0.384000,-0.288000
0.007606,-0.376000,-0.280000
0.007607,-0.376000,-0.280000
0.007608,-0.368000,-0.264000
0.007609,-0.360000,-0.264000
0.007610,-0.360000,-0.248000
0.007611,-0.352000,-0.248000
0.007612,-0.344000,-0.240000
0.007613,-0.344000,-0.232000
0.007614,-0.328000,-0.224000
0.007615,-0.328000,-0.216000
0.007616,-0.320000,-0.216000
0.007617,-0.312000,-0.200000
0.007618,-0.304000,-0.200000
0.007619,-0.296000,-0.192000
0.007620,-0.288000,-0.184000
0.007621,-0.288000,-0.176000
0.007622,-0.272000,-0.168000
0.007623,-0.272000,-0.160000
0.007624,-0.264000,-0.152000
0.007625,-0.256000,-0.144000
0.007626,-0.240000,-0.136000
0.007627,-0.240000,-0.136000
0.007628,-0.232000,-0.120000
0.007629,-0.224000,-0.112000
0.007630,-0.224000,-0.112000
0.007631,-0.208000,-0.096000
0.007632,-0.200000,-0.088000
0.007633,-0.192000,-0.080000
0.007634,-0.192000,-0.080000
0.007635,-0.176000,-0.072000
0.007636,-0.168000,-0.056000
0.007637,-0.160000,-0.048000
0.007638,-0.160000,-0.048000
0.007639,-0.144000,-0.032000
0.007640,-0.144000,-0.024000
0.007641,-0.128000,-0.024000
0.007642,-0.120000,-0.008000
0.007643,-0.120000,-0.008000
0.007644,-0.104000,0.008000
0.007645,-0.096000,0.016000
0.007646,-0.088000,0.016000
0.007647,-0.080000,0.032000
0.007648,-0.072000,0.040000
0.007649,-0.064000,0.048000
0.007650,-0.056000,0.056000
0.007651,-0.048000,0.064000
0.007652,-0.032000,0.072000
0.007653,-0.024000,0.080000
0.007654,-0.016000,0.088000
0.007655,-0.008000,0.096000
0.007656,0.000000,0.104000
0.007657,0.008000,0.112000
0.007658,0.016000,0.120000
0.007659,0.024000,0.128000
0.007660,0.024000,0.128000
0.007661,0.040000,0.144000
0.007662,0.056000,0.152000
0.007663,0.056000,0.160000
0.007664,0.072000,0.168000
0.007665,0.080000,0.176000
0.007666,0.088000,0.184000
0.007667,0.096000,0.192000
0.007668,0.104000,0.200000
0.007669,0.112000,0.208000
0.007670,0.120000,0.216000
0.007671,0.128000,0.216000
0.007672,0.136000,0.224000
0.007673,0.144000,0.232000
0.007674,0.160000,0.240000
0.007675,0.168000,0.240000
0.007676,0.176000,0.248000
0.007677,0.176000,0.256000
0.007678,0.184000,0.264000
0.007679,0.192000,0.264000
0.007680,0.200000,0.280000
0.007681,0.216000,0.280000
0.007682,0.216000,0.288000
0.007683,0.232000,0.304000
0.007684,0.232000,0.304000
0.007685,0.248000,0.304000
0.007686,0.248000,0.312000
0.007687,0.256000,0.320000
0.007688,0.264000,0.320000
0.007689,0.272000,0.336000
0.007690,0.280000,0.336000
0.007691,0.288000,0.336000
0.007692,0.296000,0.344000
0.007693,0.304000,0.352000
0.007694,0.312000,0.360000
0.007695,0.312000,0.360000
0.007696,0.320000,0.368000
0.007697,0.328000,0.368000
0.007698,0.336000,0.376000
0.007699,0.344000,0.376000
0.007700,0.352000,0.384000
0.007701,0.352000,0.384000
0.007702,0.360000,0.384000
0.007703,0.360000,0.392000
0.007704,0.368000,0.400000
0.007705,0.376000,0.400000
0.007706,0.384000,0.400000
0.007707,0.376000,0.408000
0.007708,0.392000,0.408000
0.007709,0.392000,0.408000
0.007710,0.400000,0.408000
0.007711,0.400000,0.416000
0.007712,0.408000,0.416000
0.007713,0.416000,0.424000
0.007714,0.408000,0.424000
0.007715,0.424000,0.424000
0.007716,0.424000,0.424000
0.007717,0.424000,0.424000
0.007718,0.432000,0.432000
0.007719,0.432000,0.432000
0.007720,0.440000,0.432000
0.007721,0.440000,0.432000
0.007722,0.448000,0.432000
0.007723,0.448000,0.432000
0.007724,0.448000,0.440000
0.007725,0.448000,0.432000
0.007726,0.448000,0.432000
0.007727,0.448000,0.432000
0.007728,0.456000,0.432000
0.007729,0.456000,0.432000
0.007730,0.464000,0.432000
0.007731,0.464000,0.440000
0.007732,0.464000,0.432000
0.007733,0.464000,0.432000
0.007734,0.472000,0.432000
0.007735,0.464000,0.424000
0.007736,0.464000,0.424000
0.007737,0.464000,0.424000
0.007738,0.464000,0.424000
0.007739,0.464000,0.424000
0.007740,0.472000,0.416000
0.007741,0.464000,0.424000
0.007742,0.464000,0.416000
0.007743,0.464000,0.416000
0.007744,0.464000,0.416000
0.007745,0.464000,0.408000
0.007746,0.464000,0.408000
0.007747,0.464000,0.400000
0.007748,0.456000,0.400000
0.007749,0.456000,0.400000
0.007750,0.456000,0.392000
0.007751,0.456000,0.392000
0.007752,0.456000,0.384000
0.007753,0.448000,0.384000
0.007754,0.448000,0.384000
0.007755,0.448000,0.376000
0.007756,0.448000,0.368000
0.007757,0.448000,0.368000
0.007758,0.440000,0.360000
0.007759,0.432000,0.360000
0.007760,0.432000,0.352000
0.007761,0.432000,0.344000
0.007762,0.432000,0.344000
0.007763,0.424000,0.344000
0.007764,0.416000,0.336000
0.007765,0.416000,0.328000
0.007766,0.408000,0.320000
0.007767,0.408000,0.320000
0.007768,0.408000,0.312000
0.007769,0.400000,0.304000
0.007770,0.392000,0.296000
0.007771,0.384000,0.296000
0.007772,0.384000,0.288000
0.007773,0.384000,0.280000
0.007774,0.376000,0.272000
0.007775,0.368000,0.272000
0.007776,0.368000,0.264000
0.007777,0.360000,0.264000
0.007778,0.352000,0.248000
0.007779,0.352000,0.240000
0.007780,0.344000,0.240000
0.007781,0.336000,0.232000
0.007782,0.328000,0.224000
0.007783,0.328000,0.216000
0.007784,0.312000,0.208000
0.007785,0.312000,0.200000
0.007786,0.304000,0.200000
0.007787,0.296000,0.184000
0.007788,0.288000,0.184000
0.007789,0.288000,0.176000
0.007790,0.272000,0.168000
0.007791,0.264000,0.160000
0.007792,0.256000,0.152000
0.007793,0.256000,0.144000
0.007794,0.248000,0.136000
0.007795,0.240000,0.128000
0.007796,0.232000,0.112000
0.007797,0.224000,0.112000
0.007798,0.216000,0.104000
0.007799,0.208000,0.096000
0.007800,0.200000,0.080000
0.007801,0.184000,0.080000
0.007802,0.184000,0.072000
0.007803,0.176000,0.056000
0.007804,0.160000,0.048000
0.007805,0.152000,0.040000
0.007806,0.152000,0.032000
0.007807,0.144000,0.024000
0.007808,0.128000,0.016000
0.007809,0.120000,0.008000
0.007810,0.112000,0.000000
0.007811,0.104000,-0.008000
0.007812,0.096000,-0.008000
0.007813,0.088000,-0.024000
0.007814,0.080000,-0.032000
0.007815,0.072000,-0.040000
0.007816,0.064000,-0.048000
0.007817,0.048000,-0.056000
0.007818,0.048000,-0.064000
0.007819,0.032000,-0.072000
0.007820,0.032000,-0.080000
0.007821,0.016000,-0.088000
0.007822,0.008000,-0.096000
0.007823,0.000000,-0.104000
0.007824,-0.008000,-0.112000
0.007825,-0.016000,-0.120000
0.007826,-0.024000,-0.128000
0.007827,-0.032000,-0.136000
0.007828,-0.040000,-0.144000
0.007829,-0.056000,-0.152000
0.007830,-0.064000,-0.160000
0.007831,-0.072000,-0.168000
0.007832,-0.080000,-0.168000
0.007833,-0.088000,-0.176000
0.007834,-0.096000,-0.192000
0.007835,-0.104000,-0.192000
0.007836,-0.112000,-0.200000
0.007837,-0.120000,-0.208000
0.007838,-0.128000,-0.216000
0.007839,-0.136000,-0.224000
0.007840,-0.144000,-0.232000
0.007841,-0.152000,-0.240000
0.007842,-0.160000,-0.240000
0.007843,-0.168000,-0.248000
0.007844,-0.176000,-0.256000
0.007845,-0.184000,-0.264000
0.007846,-0.200000,-0.272000
0.007847,-0.200000,-0.272000
0.007848,-0.208000,-0.280000
0.007849,-0.216000,-0.288000
0.007850,-0.224000,-0.296000
0.007851,-0.232000,-0.304000
0.007852,-0.240000,-0.312000
0.007853,-0.240000,-0.312000
0.007854,-0.256000,-0.320000
0.007855,-0.256000,-0.320000
0.007856,-0.272000,-0.328000
0.007857,-0.272000,-0.336000
0.007858,-0.288000,-0.344000
0.007859,-0.288000,-0.344000
0.007860,-0.296000,-0.352000
0.007861,-0.304000,-0.352000
0.007862,-0.312000,-0.352000
0.007863,-0.320000,-0.360000
0.007864,-0.320000,-0.368000
0.007865,-0.328000,-0.368000
0.007866,-0.336000,-0.376000
0.007867,-0.344000,-0.384000
0.007868,-0.352000,-0.384000
0.007869,-0.352000,-0.392000
0.007870,-0.360000,-0.392000
0.007871,-0.368000,-0.392000
0.007872,-0.368000,-0.400000
0.007873,-0.376000,-0.400000
0.007874,-0.376000,-0.408000
0.007875,-0.384000,-0.408000
0.007876,-0.392000,-0.408000
0.007877,-0.392000,-0.408000
0.007878,-0.400000,-0.416000
0.007879,-0.408000,-0.424000
0.007880,-0.408000,-0.424000
0.007881,-0.416000,-0.424000
0.007882,-0.424000,-0.424000
0.007883,-0.424000,-0.424000
0.007884,-0.424000,-0.424000
0.007885,-0.432000,-0.432000
0.007886,-0.432000,-0.432000
0.007887,-0.440000,-0.432000
0.007888,-0.440000,-0.432000
0.007889,-0.440000,-0.432000
0.007890,-0.440000,-0.432000
0.007891,-0.448000,-0.432000
0.007892,-0.448000,-0.432000
0.007893,-0.448000,-0.432000
0.007894,-0.448000,-0.432000
0.007895,-0.456000,-0.432000
0.007896,-0.456000,-0.432000
0.007897,-0.456000,-0.432000
0.007898,-0.456000,-0.432000
0.007899,-0.456000,-0.432000
0.007900,-0.464000,-0.432000
0.007901,-0.464000,-0.432000
0.007902,-0.464000,-0.432000
0.007903,-0.464000,-0.424000
0.007904,-0.464000,-0.424000
0.007905,-0.464000,-0.424000
0.007906,-0.464000,-0.424000
0.007907,-0.464000,-0.416000
0.007908,-0.464000,-0.416000
0.007909,-0.464000,-0.416000
0.007910,-0.464000,-0.416000
0.007911,-0.464000,-0.416000
0.007912,-0.464000,-0.408000
0.007913,-0.456000,-0.408000
0.007914,-0.456000,-0.400000
0.007915,-0.456000,-0.400000
0.007916,-0.456000,-0.400000
0.007917,-0.448000,-0.392000
0.007918,-0.456000,-0.392000
0.007919,-0.448000,-0.384000
0.007920,-0.448000,-0.376000
0.007921,-0.440000,-0.376000
0.007922,-0.448000,-0.376000
0.007923,-0.440000,-0.368000
0.007924,-0.440000,-0.360000
0.007925,-0.440000,-0.360000
0.007926,-0.432000,-0.360000
0.007927,-0.424000,-0.352000
0.007928,-0.424000,-0.352000
0.007929,-0.424000,-0.336000
0.007930,-0.416000,-0.336000
0.007931,-0.416000,-0.328000
0.007932,-0.408000,-0.328000
0.007933,-0.408000,-0.320000
0.007934,-0.408000,-0.312000
0.007935,-0.408000,-0.312000
0.007936,-0.392000,-0.304000
0.007937,-0.384000,-0.288000
0.007938,-0.392000,-0.296000
0.007939,-0.384000,-0.288000
0.007940,-0.368000,-0.272000
0.007941,-0.368000,-0.272000
0.007942,-0.368000,-0.264000
0.007943,-0.360000,-0.256000
0.007944,-0.352000,-0.248000
0.007945,-0.344000,-0.240000
0.007946,-0.336000,-0.232000
0.007947,-0.336000,-0.232000
0.007948,-0.328000,-0.224000
0.007949,-0.320000,-0.216000
0.007950,-0.312000,-0.208000
0.007951,-0.304000,-0.200000
0.007952,-0.304000,-0.192000
0.007953,-0.296000,-0.184000
0.007954,-0.288000,-0.176000
0.007955,-0.280000,-0.176000
0.007956,-0.272000,-0.168000
0.007957,-0.264000,-0.160000
0.007958,-0.256000,-0.152000
0.007959,-0.248000,-0.144000
0.007960,-0.248000,-0.136000
0.007961,-0.240000,-0.128000
0.007962,-0.232000,-0.120000
0.007963,-0.216000,-0.112000
0.007964,-0.216000,-0.104000
0.007965,-0.200000,-0.096000
0.007966,-0.200000,-0.088000
0.007967,-0.192000,-0.080000
0.007968,-0.176000,-0.072000
0.007969,-0.176000,-0.064000
0.007970,-0.160000,-0.056000
0.007971,-0.160000,-0.048000
0.007972,-0.152000,-0.040000
0.007973,-0.144000,-0.032000
0.007974,-0.136000,-0.024000
0.007975,-0.128000,-0.008000
0.007976,-0.120000,-0.008000
0.007977,-0.104000,0.000000
0.007978,-0.096000,0.016000
0.007979,-0.096000,0.024000
0.007980,-0.080000,0.032000
0.007981,-0.064000,0.040000
0.007982,-0.072000,0.040000
0.007983,-0.056000,0.048000
0.007984,-0.048000,0.064000
0.007985,-0.040000,0.064000
0.007986,-0.024000,0.080000
0.007987,-0.024000,0.088000
0.007988,-0.008000,0.096000
0.007989,-0.008000,0.096000
0.007990,0.008000,0.112000
0.007991,0.016000,0.120000
0.007992,0.024000,0.120000
0.007993,0.032000,0.136000
0.007994,0.040000,0.144000
0.007995,0.048000,0.152000
0.007996,0.056000,0.160000
0.007997,0.064000,0.160000
0.007998,0.080000,0.176000
0.007999,0.088000,0.184000
0.008000,0.096000,0.184000
0.008001,0.104000,0.192000
0.008002,0.104000,0.200000
0.008003,0.120000,0.208000
0.008004,0.128000,0.216000
0.008005,0.136000,0.224000
0.008006,0.144000,0.232000
0.008007,0.152000,0.240000
0.008008,0.160000,0.240000
0.008009,0.168000,0.248000
0.008010,0.176000,0.256000
0.008011,0.184000,0.264000
0.008012,0.192000,0.264000
0.008013,0.200000,0.272000
0.008014,0.208000,0.280000
0.008015,0.216000,0.288000
0.008016,0.232000,0.296000
0.008017,0.232000,0.296000
0.008018,0.240000,0.304000
0.008019,0.248000,0.312000
0.008020,0.256000,0.320000
0.008021,0.264000,0.320000
0.008022,0.272000,0.328000
0.008023,0.280000,0.336000
0.008024,0.288000,0.336000
0.008025,0.288000,0.344000
0.008026,0.296000,0.344000
0.008027,0.304000,0.352000
0.008028,0.312000,0.360000
0.008029,0.320000,0.360000
0.008030,0.328000,0.368000
0.008031,0.328000,0.376000
0.008032,0.344000,0.376000
0.008033,0.344000,0.384000
0.008034,0.352000,0.384000
0.008035,0.360000,0.384000
0.008036,0.360000,0.392000
0.008037,0.368000,0.392000
0.008038,0.368000,0.400000
0.008039,0.376000,0.400000
0.008040,0.376000,0.400000
0.008041,0.384000,0.408000
0.008042,0.392000,0.408000
0.008043,0.392000,0.416000
0.008044,0.400000,0.416000
0.008045,0.408000,0.416000
0.008046,0.408000,0.424000
0.008047,0.416000,0.424000
0.008048,0.416000,0.424000
0.008049,0.416000,0.424000
0.008050,0.424000,0.424000
0.008051,0.432000,0.424000
0.008052,0.432000,0.432000
0.008053,0.440000,0.432000
0.008054,0.440000,0.432000
0.008055,0.440000,0.432000
0.008056,0.448000,0.432000
0.008057,0.448000,0.440000
0.008058,0.448000,0.432000
0.008059,0.448000,0.432000
0.008060,0.456000,0.440000
0.008061,0.456000,0.432000
0.008062,0.456000,0.432000
0.008063,0.456000,0.432000
0.008064,0.464000,0.432000
0.008065,0.464000,0.432000
0.008066,0.464000,0.432000
0.008067,0.464000,0.432000
0.008068,0.464000,0.432000
0.008069,0.464000,0.424000
0.008070,0.464000,0.424000
0.008071,0.472000,0.424000
0.008072,0.464000,0.424000
0.008073,0.464000,0.424000
0.008074,0.464000,0.424000
0.008075,0.464000,0.424000
0.008076,0.464000,0.416000
0.008077,0.464000,0.416000
0.008078,0.464000,0.408000
0.008079,0.464000,0.408000
0.008080,0.464000,0.408000
0.008081,0.456000,0.400000
0.008082,0.456000,0.400000
0.008083,0.456000,0.392000
0.008084,0.456000,0.392000
0.008085,0.456000,0.392000
0.008086,0.448000,0.384000
0.008087,0.448000,0.376000
0.008088,0.448000,0.376000
0.008089,0.448000,0.376000
0.008090,0.448000,0.376000
0.008091,0.440000,0.368000
0.008092,0.440000,0.368000
0.008093,0.432000,0.360000
0.008094,0.432000,0.352000
0.008095,0.432000,0.352000
0.008096,0.424000,0.336000
0.008097,0.416000,0.336000
0.008098,0.416000,0.328000
0.008099,0.408000,0.328000
0.008100,0.408000,0.320000
0.008101,0.400000,0.312000
0.008102,0.400000,0.304000
0.008103,0.400000,0.304000
0.008104,0.392000,0.296000
0.008105,0.384000,0.288000
0.008106,0.384000,0.288000
0.008107,0.376000,0.280000
0.008108,0.368000,0.272000
0.008109,0.368000,0.264000
0.008110,0.360000,0.256000
0.008111,0.352000,0.248000
0.008112,0.344000,0.240000
0.008113,0.344000,0.240000
0.008114,0.336000,0.232000
0.008115,0.328000,0.224000
0.008116,0.320000,0.224000
0.008117,0.320000,0.208000
0.008118,0.312000,0.208000
0.008119,0.304000,0.200000
0.008120,0.296000,0.192000
0.008121,0.296000,0.184000
0.008122,0.288000,0.176000
0.008123,0.280000,0.168000
0.008124,0.264000,0.160000
0.008125,0.256000,0.152000
0.008126,0.256000,0.144000
0.008127,0.240000,0.136000
0.008128,0.240000,0.128000
0.008129,0.232000,0.120000
0.008130,0.224000,0.112000
0.008131,0.216000,0.104000
0.008132,0.208000,0.096000
0.008133,0.200000,0.088000
0.008134,0.200000,0.080000
0.008135,0.184000,0.072000
0.008136,0.176000,0.064000
0.008137,0.168000,0.056000
0.008138,0.160000,0.048000
0.008139,0.152000,0.032000
0.008140,0.144000,0.024000
0.008141,0.136000,0.024000
0.008142,0.128000,0.016000
0.008143,0.120000,0.008000
0.008144,0.112000,-0.008000
0.008145,0.104000,-0.016000
0.008146,0.088000,-0.024000
0.008147,0.088000,-0.032000
0.008148,0.080000,-0.032000
0.008149,0.064000,-0.040000
0.008150,0.048000,-0.048000
0.008151,0.048000,-0.056000
0.008152,0.040000,-0.072000
0.008153,0.032000,-0.080000
0.008154,0.024000,-0.080000
0.008155,0.016000,-0.096000
0.008156,0.000000,-0.104000
0.008157,0.000000,-0.112000
0.008158,-0.016000,-0.112000
0.008159,-0.024000,-0.128000
0.008160,-0.032000,-0.136000
0.008161,-0.040000,-0.144000
0.008162,-0.048000,-0.144000
0.008163,-0.064000,-0.160000
0.008164,-0.064000,-0.160000
0.008165,-0.072000,-0.168000
0.008166,-0.080000,-0.176000
0.008167,-0.088000,-0.184000
0.008168,-0.104000,-0.192000
0.008169,-0.104000,-0.200000
0.008170,-0.120000,-0.208000
0.008171,-0.120000,-0.216000
0.008172,-0.136000,-0.224000
0.008173,-0.144000,-0.224000
0.008174,-0.152000,-0.240000
0.008175,-0.160000,-0.240000
0.008176,-0.168000,-0.248000
0.008177,-0.176000,-0.256000
0.008178,-0.184000,-0.264000
0.008179,-0.192000,-0.264000
0.008180,-0.200000,-0.272000
0.008181,-0.208000,-0.288000
0.008182,-0.216000,-0.288000
0.008183,-0.224000,-0.296000
0.008184,-0.232000,-0.304000
0.008185,-0.240000,-0.312000
0.008186,-0.248000,-0.312000
0.008187,-0.256000,-0.312000
0.008188,-0.264000,-0.328000
0.008189,-0.272000,-0.328000
0.008190,-0.272000,-0.328000
0.008191,-0.280000,-0.344000
0.008192,-0.288000,-0.336000
0.008193,-0.296000,-0.352000
0.008194,-0.312000,-0.352000
0.008195,-0.312000,-0.360000
0.008196,-0.320000,-0.360000
0.008197,-0.320000,-0.368000
0.008198,-0.328000,-0.368000
0.008199,-0.336000,-0.376000
0.008200,-0.344000,-0.376000
0.008201,-0.344000,-0.384000
0.008202,-0.352000,-0.384000
0.008203,-0.360000,-0.392000
0.008204,-0.368000,-0.392000
0.008205,-0.368000,-0.400000
0.008206,-0.376000,-0.400000
0.008207,-0.376000,-0.400000
0.008208,-0.384000,-0.408000
0.008209,-0.392000,-0.408000
0.008210,-0.400000,-0.408000
0.008211,-0.400000,-0.416000
0.008212,-0.400000,-0.416000
0.008213,-0.408000,-0.424000
0.008214,-0.408000,-0.424000
0.008215,-0.416000,-0.424000
0.008216,-0.424000,-0.424000
0.008217,-0.424000,-0.432000
0.008218,-0.432000,-0.432000
0.008219,-0.432000,-0.432000
0.008220,-0.432000,-0.432000
0.008221,-0.432000,-0.432000
0.008222,-0.440000,-0.424000
0.008223,-0.440000,-0.432000
0.008224,-0.440000,-0.432000
0.008225,-0.448000,-0.432000
0.008226,-0.448000,-0.432000
0.008227,-0.448000,-0.432000
0.008228,-0.448000,-0.432000
0.008229,-0.456000,-0.432000
0.008230,-0.456000,-0.432000
0.008231,-0.464000,-0.432000
0.008232,-0.456000,-0.432000
0.008233,-0.456000,-0.432000
0.008234,-0.464000,-0.432000
0.008235,-0.464000,-0.432000
0.008236,-0.464000,-0.432000
0.008237,-0.456000,-0.424000
0.008238,-0.464000,-0.424000
0.008239,-0.464000,-0.424000
0.008240,-0.464000,-0.424000
0.008241,-0.464000,-0.416000
0.008242,-0.464000,-0.416000
0.008243,-0.464000,-0.416000
0.008244,-0.464000,-0.408000
0.008245,-0.456000,-0.408000
0.008246,-0.456000,-0.400000
0.008247,-0.456000,-0.400000
0.008248,-0.456000,-0.400000
0.008249,-0.456000,-0.392000
0.008250,-0.448000,-0.392000
0.008251,-0.448000,-0.392000
0.008252,-0.448000,-0.392000
0.008253,-0.448000,-0.384000
0.008254,-0.448000,-0.376000
0.008255,-0.440000,-0.376000
0.008256,-0.440000,-0.376000
0.008257,-0.440000,-0.368000
0.008258,-0.432000,-0.360000
0.008259,-0.432000,-0.360000
0.008260,-0.432000,-0.352000
0.008261,-0.424000,-0.352000
0.008262,-0.424000,-0.344000
0.008263,-0.416000,-0.336000
0.008264,-0.416000,-0.328000
0.008265,-0.416000,-0.328000
0.008266,-0.408000,-0.320000
0.008267,-0.408000,-0.312000
0.008268,-0.392000,-0.312000
0.008269,-0.400000,-0.304000
0.008270,-0.392000,-0.296000
0.008271,-0.392000,-0.296000
0.008272,-0.376000,-0.288000
0.008273,-0.376000,-0.280000
0.008274,-0.368000,-0.272000
0.008275,-0.368000,-0.264000
0.008276,-0.360000,-0.264000
0.008277,-0.352000,-0.248000
0.008278,-0.352000,-0.248000
0.008279,-0.344000,-0.240000
0.008280,-0.336000,-0.232000
0.008281,-0.328000,-0.224000
0.008282,-0.328000,-0.216000
0.008283,-0.312000,-0.216000
0.008284,-0.312000,-0.208000
0.008285,-0.304000,-0.192000
0.008286,-0.296000,-0.192000
0.008287,-0.296000,-0.176000
0.008288,-0.280000,-0.176000
0.008289,-0.272000,-0.168000
0.008290,-0.264000,-0.168000
0.008291,-0.264000,-0.152000
0.008292,-0.256000,-0.144000
0.008293,-0.248000,-0.136000
0.008294,-0.240000,-0.136000
0.008295,-0.232000,-0.120000
0.008296,-0.224000,-0.112000
0.008297,-0.216000,-0.104000
0.008298,-0.208000,-0.096000
0.008299,-0.200000,-0.088000
0.008300,-0.192000,-0.080000
0.008301,-0.184000,-0.072000
0.008302,-0.176000,-0.064000
0.008303,-0.160000,-0.056000
0.008304,-0.160000,-0.048000
0.008305,-0.152000,-0.048000
0.008306,-0.144000,-0.032000
0.008307,-0.136000,-0.024000
0.008308,-0.128000,-0.016000
0.008309,-0.120000,-0.008000
0.008310,-0.112000,0.000000
0.008311,-0.096000,0.008000
0.008312,-0.096000,0.016000
0.008313,-0.080000,0.024000
0.008314,-0.080000,0.024000
0.008315,-0.064000,0.040000
0.008316,-0.056000,0.048000
0.008317,-0.048000,0.056000
0.008318,-0.040000,0.064000
0.008319,-0.032000,0.072000
0.008320,-0.024000,0.080000
0.008321,-0.016000,0.088000
0.008322,-0.008000,0.096000
0.008323,0.008000,0.104000
0.008324,0.008000,0.112000
0.008325,0.024000,0.120000
0.008326,0.032000,0.128000
0.008327,0.040000,0.144000
0.008328,0.048000,0.152000
0.008329,0.056000,0.160000
0.008330,0.064000,0.160000
0.008331,0.072000,0.168000
0.008332,0.088000,0.176000
0.008333,0.088000,0.184000
0.008334,0.104000,0.192000
0.008335,0.104000,0.200000
0.008336,0.112000,0.208000
0.008337,0.128000,0.216000
0.008338,0.136000,0.224000
0.008339,0.144000,0.232000
0.008340,0.152000,0.240000
0.008341,0.160000,0.240000
0.008342,0.168000,0.240000
0.008343,0.176000,0.248000
0.008344,0.184000,0.256000
0.008345,0.192000,0.264000
0.008346,0.200000,0.272000
0.008347,0.200000,0.280000
0.008348,0.216000,0.288000
0.008349,0.224000,0.296000
0.008350,0.232000,0.296000
0.008351,0.240000,0.304000
0.008352,0.240000,0.304000
0.008353,0.248000,0.312000
0.008354,0.256000,0.320000
0.008355,0.272000,0.328000
0.008356,0.272000,0.328000
0.008357,0.280000,0.336000
0.008358,0.288000,0.344000
0.008359,0.296000,0.344000
0.008360,0.304000,0.352000
0.008361,0.312000,0.360000
0.008362,0.312000,0.368000
0.008363,0.320000,0.368000
0.008364,0.336000,0.376000
0.008365,0.336000,0.376000
0.008366,0.344000,0.376000
0.008367,0.352000,0.384000
0.008368,0.360000,0.384000
0.008369,0.352000,0.384000
0.008370,0.360000,0.392000
0.008371,0.368000,0.400000
0.008372,0.376000,0.400000
0.008373,0.376000,0.400000
0.008374,0.392000,0.408000
0.008375,0.384000,0.408000
0.008376,0.392000,0.408000
0.008377,0.392000,0.416000
0.008378,0.400000,0.416000
0.008379,0.408000,0.416000
0.008380,0.408000,0.424000
0.008381,0.416000,0.424000
0.008382,0.424000,0.424000
0.008383,0.424000,0.424000
0.008384,0.432000,0.424000
0.008385,0.432000,0.432000
0.008386,0.432000,0.432000
0.008387,0.432000,0.432000
0.008388,0.440000,0.432000
0.008389,0.440000,0.432000
0.008390,0.448000,0.432000
0.008391,0.448000,0.432000
0.008392,0.448000,0.440000
0.008393,0.456000,0.432000
0.008394,0.456000,0.440000
0.008395,0.456000,0.440000
0.008396,0.456000,0.432000
0.008397,0.456000,0.432000
0.008398,0.464000,0.440000
0.008399,0.464000,0.432000
0.008400,0.464000,0.432000
0.008401,0.464000,0.432000
0.008402,0.464000,0.424000
0.008403,0.464000,0.432000
0.008404,0.464000,0.424000
0.008405,0.464000,0.424000
0.008406,0.464000,0.424000
0.008407,0.472000,0.424000
0.008408,0.464000,0.416000
0.008409,0.464000,0.416000
0.008410,0.464000,0.416000
0.008411,0.464000,0.408000
0.008412,0.464000,0.408000
0.008413,0.464000,0.408000
0.008414,0.464000,0.408000
0.008415,0.464000,0.400000
0.008416,0.456000,0.400000
0.008417,0.464000,0.392000
0.008418,0.456000,0.384000
0.008419,0.456000,0.384000
0.008420,0.448000,0.376000
0.008421,0.448000,0.376000
0.008422,0.448000,0.376000
0.008423,0.448000,0.376000
0.008424,0.448000,0.368000
0.008425,0.440000,0.360000
0.008426,0.440000,0.360000
0.008427,0.432000,0.360000
0.008428,0.432000,0.352000
0.008429,0.424000,0.344000
0.008430,0.424000,0.336000
0.008431,0.416000,0.336000
0.008432,0.408000,0.328000
0.008433,0.408000,0.320000
0.008434,0.408000,0.312000
0.008435,0.400000,0.312000
0.008436,0.392000,0.304000
0.008437,0.392000,0.296000
0.008438,0.392000,0.296000
0.008439,0.384000,0.288000
0.008440,0.376000,0.280000
0.008441,0.376000,0.272000
0.008442,0.368000,0.264000
0.008443,0.360000,0.256000
0.008444,0.352000,0.256000
0.008445,0.352000,0.248000
0.008446,0.352000,0.248000
0.008447,0.336000,0.240000
0.008448,0.336000,0.224000
0.008449,0.328000,0.224000
0.008450,0.320000,0.224000
0.008451,0.312000,0.208000
0.008452,0.304000,0.200000
0.008453,0.296000,0.192000
0.008454,0.288000,0.184000
0.008455,0.288000,0.176000
0.008456,0.280000,0.168000
0.008457,0.272000,0.160000
0.008458,0.264000,0.152000
0.008459,0.256000,0.144000
0.008460,0.248000,0.136000
0.008461,0.240000,0.128000
0.008462,0.240000,0.120000
0.008463,0.224000,0.112000
0.008464,0.216000,0.104000
0.008465,0.216000,0.104000
0.008466,0.200000,0.088000
0.008467,0.200000,0.080000
0.008468,0.184000,0.072000
0.008469,0.184000,0.072000
0.008470,0.176000,0.056000
0.008471,0.168000,0.040000
0.008472,0.152000,0.040000
0.008473,0.144000,0.040000
0.008474,0.136000,0.024000
0.008475,0.128000,0.016000
0.008476,0.120000,0.008000
0.008477,0.112000,0.000000
0.008478,0.104000,-0.008000
0.008479,0.096000,-0.016000
0.008480,0.088000,-0.024000
0.008481,0.080000,-0.032000
0.008482,0.064000,-0.040000
0.008483,0.056000,-0.048000
0.008484,0.048000,-0.056000
0.008485,0.040000,-0.064000
0.008486,0.032000,-0.072000
0.008487,0.024000,-0.080000
0.008488,0.016000,-0.088000
0.008489,0.008000,-0.104000
0.008490,0.000000,-0.104000
0.008491,-0.016000,-0.112000
0.008492,-0.016000,-0.128000
0.008493,-0.024000,-0.128000
0.008494,-0.040000,-0.136000
0.008495,-0.048000,-0.144000
0.008496,-0.056000,-0.152000
0.008497,-0.064000,-0.160000
0.008498,-0.072000,-0.168000
0.008499,-0.080000,-0.176000
0.008500,-0.088000,-0.184000
0.008501,-0.104000,-0.192000
0.008502,-0.104000,-0.200000
0.008503,-0.112000,-0.200000
0.008504,-0.120000,-0.208000
0.008505,-0.128000,-0.216000
0.008506,-0.144000,-0.224000
0.008507,-0.152000,-0.240000
0.008508,-0.160000,-0.240000
0.008509,-0.160000,-0.248000
0.008510,-0.176000,-0.248000
0.008511,-0.184000,-0.256000
0.008512,-0.184000,-0.264000
0.008513,-0.200000,-0.272000
0.008514,-0.208000,-0.280000
0.008515,-0.216000,-0.288000
0.008516,-0.224000,-0.288000
0.008517,-0.224000,-0.296000
0.008518,-0.240000,-0.304000
0.008519,-0.240000,-0.312000
0.008520,-0.256000,-0.312000
0.008521,-0.256000,-0.320000
0.008522,-0.264000,-0.328000
0.008523,-0.272000,-0.328000
0.008524,-0.280000,-0.344000
0.008525,-0.288000,-0.344000
0.008526,-0.296000,-0.352000
0.008527,-0.296000,-0.352000
0.008528,-0.304000,-0.352000
0.008529,-0.312000,-0.360000
0.008530,-0.320000,-0.368000
0.008531,-0.328000,-0.368000
0.008532,-0.328000,-0.376000
0.008533,-0.344000,-0.376000
0.008534,-0.344000,-0.384000
0.008535,-0.352000,-0.384000
0.008536,-0.360000,-0.392000
0.008537,-0.368000,-0.392000
0.008538,-0.368000,-0.400000
0.008539,-0.368000,-0.400000
0.008540,-0.376000,-0.400000
0.008541,-0.384000,-0.408000
0.008542,-0.392000,-0.416000
0.008543,-0.392000,-0.416000
0.008544,-0.392000,-0.408000
0.008545,-0.400000,-0.416000
0.008546,-0.408000,-0.416000
0.008547,-0.408000,-0.424000
0.008548,-0.408000,-0.424000
0.008549,-0.424000,-0.424000
0.008550,-0.424000,-0.424000
0.008551,-0.424000,-0.432000
0.008552,-0.424000,-0.424000
0.008553,-0.432000,-0.432000
0.008554,-0.440000,-0.432000
0.008555,-0.440000,-0.432000
0.008556,-0.440000,-0.432000
0.008557,-0.440000,-0.432000
0.008558,-0.448000,-0.432000
0.008559,-0.448000,-0.432000
0.008560,-0.448000,-0.432000
0.008561,-0.448000,-0.432000
0.008562,-0.448000,-0.432000
0.008563,-0.456000,-0.432000
0.008564,-0.456000,-0.432000
0.008565,-0.464000,-0.432000
0.008566,-0.456000,-0.432000
0.008567,-0.464000,-0.432000
0.008568,-0.464000,-0.432000
0.008569,-0.464000,-0.424000
0.008570,-0.464000,-0.424000
0.008571,-0.464000,-0.424000
0.008572,-0.464000,-0.424000
0.008573,-0.464000,-0.424000
0.008574,-0.464000,-0.416000
0.008575,-0.464000,-0.416000
0.008576,-0.464000,-0.416000
0.008577,-0.464000,-0.416000
0.008578,-0.464000,-0.408000
0.008579,-0.456000,-0.408000
0.008580,-0.464000,-0.408000
0.008581,-0.456000,-0.400000
0.008582,-0.456000,-0.400000
0.008583,-0.456000,-0.392000
0.008584,-0.456000,-0.392000
0.008585,-0.448000,-0.384000
0.008586,-0.448000,-0.384000
0.008587,-0.448000,-0.384000
0.008588,-0.440000,-0.376000
0.008589,-0.440000,-0.376000
0.008590,-0.440000,-0.368000
0.008591,-0.440000,-0.368000
0.008592,-0.440000,-0.360000
0.008593,-0.432000,-0.352000
0.008594,-0.424000,-0.352000
0.008595,-0.424000,-0.344000
0.008596,-0.416000,-0.336000
0.008597,-0.424000,-0.336000
0.008598,-0.416000,-0.328000
0.008599,-0.408000,-0.328000
0.008600,-0.408000,-0.312000
0.008601,-0.400000,-0.312000
0.008602,-0.400000,-0.304000
0.008603,-0.392000,-0.304000
0.008604,-0.392000,-0.296000
0.008605,-0.384000,-0.288000
0.008606,-0.376000,-0.280000
0.008607,-0.376000,-0.272000
0.008608,-0.368000,-0.272000
0.008609,-0.368000,-0.264000
0.008610,-0.360000,-0.256000
0.008611,-0.352000,-0.248000
0.008612,-0.344000,-0.240000
0.008613,-0.336000,-0.232000
0.008614,-0.336000,-0.232000
0.008615,-0.328000,-0.216000
0.008616,-0.320000,-0.216000
0.008617,-0.312000,-0.208000
0.008618,-0.304000,-0.200000
0.008619,-0.296000,-0.192000
0.008620,-0.296000,-0.184000
0.008621,-0.288000,-0.176000
0.008622,-0.272000,-0.168000
0.008623,-0.272000,-0.168000
0.008624,-0.264000,-0.160000
0.008625,-0.256000,-0.152000
0.008626,-0.256000,-0.144000
0.008627,-0.240000,-0.128000
0.008628,-0.232000,-0.128000
0.008629,-0.232000,-0.120000
0.008630,-0.224000,-0.112000
0.008631,-0.208000,-0.104000
0.008632,-0.200000,-0.096000
0.008633,-0.200000,-0.088000
0.008634,-0.192000,-0.080000
0.008635,-0.176000,-0.064000
0.008636,-0.168000,-0.056000
0.008637,-0.160000,-0.056000
0.008638,-0.160000,-0.048000
0.008639,-0.144000,-0.040000
0.008640,-0.136000,-0.032000
0.008641,-0.136000,-0.016000
0.008642,-0.120000,-0.008000
0.008643,-0.112000,-0.008000
0.008644,-0.104000,0.008000
0.008645,-0.096000,0.016000
0.008646,-0.088000,0.024000
0.008647,-0.080000,0.032000
0.008648,-0.072000,0.040000
0.008649,-0.064000,0.048000
0.008650,-0.048000,0.056000
0.008651,-0.040000,0.064000
0.008652,-0.032000,0.072000
0.008653,-0.024000,0.080000
0.008654,-0.016000,0.088000
0.008655,-0.008000,0.096000
0.008656,0.000000,0.104000
0.008657,0.016000,0.112000
0.008658,0.024000,0.120000
0.008659,0.024000,0.128000
0.008660,0.032000,0.136000
0.008661,0.040000,0.144000
0.008662,0.048000,0.152000
0.008663,0.064000,0.160000
0.008664,0.072000,0.168000
0.008665,0.080000,0.176000
0.008666,0.088000,0.176000
0.008667,0.096000,0.192000
0.008668,0.104000,0.200000
0.008669,0.112000,0.208000
0.008670,0.120000,0.216000
0.008671,0.128000,0.216000
0.008672,0.136000,0.224000
0.008673,0.152000,0.232000
0.008674,0.160000,0.240000
0.008675,0.168000,0.240000
0.008676,0.168000,0.248000
0.008677,0.184000,0.256000
0.008678,0.184000,0.264000
0.008679,0.200000,0.264000
0.008680,0.200000,0.280000
0.008681,0.216000,0.280000
0.008682,0.224000,0.288000
0.008683,0.232000,0.296000
0.008684,0.240000,0.304000
0.008685,0.240000,0.304000
0.008686,0.248000,0.312000
0.008687,0.256000,0.320000
0.008688,0.264000,0.328000
0.008689,0.272000,0.328000
0.008690,0.280000,0.336000
0.008691,0.280000,0.336000
0.008692,0.296000,0.344000
0.008693,0.296000,0.352000
0.008694,0.304000,0.352000
0.008695,0.312000,0.360000
0.008696,0.320000,0.368000
0.008697,0.328000,0.368000
0.008698,0.328000,0.376000
0.008699,0.336000,0.376000
0.008700,0.352000,0.384000
0.008701,0.352000,0.384000
0.008702,0.352000,0.384000
0.008703,0.360000,0.392000
0.008704,0.368000,0.392000
0.008705,0.376000,0.400000
0.008706,0.376000,0.400000
0.008707,0.376000,0.400000
0.008708,0.384000,0.408000
0.008709,0.392000,0.408000
0.008710,0.392000,0.408000
0.008711,0.400000,0.416000
0.008712,0.408000,0.416000
0.008713,0.408000,0.424000
0.008714,0.416000,0.424000
0.008715,0.416000,0.424000
0.008716,0.424000,0.424000
0.008717,0.424000,0.424000
0.008718,0.432000,0.424000
0.008719,0.432000,0.432000
0.008720,0.432000,0.424000
0.008721,0.440000,0.432000
0.008722,0.440000,0.432000
0.008723,0.448000,0.432000
0.008724,0.448000,0.432000
0.008725,0.448000,0.432000
0.008726,0.448000,0.432000
0.008727,0.448000,0.440000
0.008728,0.456000,0.440000
0.008729,0.456000,0.432000
0.008730,0.464000,0.432000
0.008731,0.464000,0.432000
0.008732,0.464000,0.432000
0.008733,0.464000,0.432000
0.008734,0.464000,0.432000
0.008735,0.472000,0.432000
0.008736,0.464000,0.432000
0.008737,0.464000,0.424000
0.008738,0.464000,0.424000
0.008739,0.464000,0.424000
0.008740,0.464000,0.424000
0.008741,0.464000,0.424000
0.008742,0.464000,0.424000
0.008743,0.464000,0.408000
0.008744,0.464000,0.416000
0.008745,0.464000,0.416000
0.008746,0.464000,0.408000
0.008747,0.464000,0.408000
0.008748,0.464000,0.400000
0.008749,0.464000,0.400000
0.008750,0.456000,0.392000
0.008751,0.456000,0.392000
0.008752,0.456000,0.384000
0.008753,0.448000,0.384000
0.008754,0.448000,0.384000
0.008755,0.448000,0.376000
0.008756,0.448000,0.368000
0.008757,0.448000,0.368000
0.008758,0.448000,0.368000
0.008759,0.440000,0.360000
0.008760,0.432000,0.360000
0.008761,0.432000,0.344000
0.008762,0.432000,0.344000
0.008763,0.424000,0.344000
0.008764,0.424000,0.336000
0.008765,0.416000,0.328000
0.008766,0.408000,0.320000
0.008767,0.408000,0.320000
0.008768,0.408000,0.312000
0.008769,0.400000,0.304000
0.008770,0.400000,0.304000
0.008771,0.392000,0.296000
0.008772,0.384000,0.288000
0.008773,0.376000,0.280000
0.008774,0.376000,0.272000
0.008775,0.368000,0.264000
0.008776,0.368000,0.264000
0.008777,0.360000,0.256000
0.008778,0.352000,0.248000
0.008779,0.344000,0.240000
0.008780,0.344000,0.240000
0.008781,0.336000,0.232000
0.008782,0.328000,0.224000
0.008783,0.320000,0.216000
0.008784,0.312000,0.208000
0.008785,0.304000,0.200000
0.008786,0.304000,0.200000
0.008787,0.296000,0.184000
0.008788,0.288000,0.176000
0.008789,0.280000,0.176000
0.008790,0.272000,0.168000
0.008791,0.264000,0.152000
0.008792,0.256000,0.152000
0.008793,0.248000,0.136000
0.008794,0.240000,0.136000
0.008795,0.240000,0.128000
0.008796,0.232000,0.112000
0.008797,0.224000,0.112000
0.008798,0.216000,0.104000
0.008799,0.208000,0.096000
0.008800,0.200000,0.080000
0.008801,0.192000,0.072000
0.008802,0.176000,0.064000
0.008803,0.176000,0.056000
0.008804,0.160000,0.048000
0.008805,0.160000,0.048000
0.008806,0.152000,0.032000
0.008807,0.144000,0.024000
0.008808,0.128000,0.016000
0.008809,0.120000,0.008000
0.008810,0.112000,0.000000
0.008811,0.104000,-0.008000
0.008812,0.096000,-0.016000
0.008813,0.088000,-0.024000
0.008814,0.080000,-0.032000
0.008815,0.064000,-0.040000
0.008816,0.064000,-0.048000
0.008817,0.048000,-0.056000
0.008818,0.040000,-0.064000
0.008819,0.032000,-0.072000
0.008820,0.024000,-0.080000
0.008821,0.016000,-0.088000
0.008822,0.008000,-0.096000
0.008823,0.000000,-0.104000
0.008824,-0.008000,-0.112000
0.008825,-0.024000,-0.120000
0.008826,-0.032000,-0.128000
0.008827,-0.032000,-0.136000
0.008828,-0.048000,-0.144000
0.008829,-0.048000,-0.152000
0.008830,-0.064000,-0.160000
0.008831,-0.072000,-0.160000
0.008832,-0.080000,-0.176000
0.008833,-0.088000,-0.176000
0.008834,-0.088000,-0.184000
0.008835,-0.104000,-0.192000
0.008836,-0.112000,-0.200000
0.008837,-0.120000,-0.208000
0.008838,-0.128000,-0.216000
0.008839,-0.136000,-0.224000
0.008840,-0.144000,-0.232000
0.008841,-0.152000,-0.240000
0.008842,-0.160000,-0.240000
0.008843,-0.168000,-0.248000
0.008844,-0.176000,-0.256000
0.008845,-0.192000,-0.264000
0.008846,-0.192000,-0.264000
0.008847,-0.200000,-0.272000
0.008848,-0.208000,-0.280000
0.008849,-0.216000,-0.288000
0.008850,-0.232000,-0.296000
0.008851,-0.232000,-0.296000
0.008852,-0.240000,-0.304000
0.008853,-0.256000,-0.320000
0.008854,-0.256000,-0.320000
0.008855,-0.264000,-0.328000
0.008856,-0.272000,-0.328000
0.008857,-0.280000,-0.336000
0.008858,-0.288000,-0.344000
0.008859,-0.296000,-0.344000
0.008860,-0.304000,-0.352000
0.008861,-0.304000,-0.352000
0.008862,-0.312000,-0.360000
0.008863,-0.312000,-0.368000
0.008864,-0.328000,-0.368000
0.008865,-0.328000,-0.376000
0.008866,-0.336000,-0.376000
0.008867,-0.336000,-0.376000
0.008868,-0.344000,-0.384000
0.008869,-0.352000,-0.384000
0.008870,-0.360000,-0.392000
0.008871,-0.368000,-0.400000
0.008872,-0.376000,-0.400000
0.008873,-0.376000,-0.400000
0.008874,-0.376000,-0.400000
0.008875,-0.392000,-0.408000
0.008876,-0.392000,-0.408000
0.008877,-0.392000,-0.408000
0.008878,-0.400000,-0.416000
0.008879,-0.408000,-0.416000
0.008880,-0.408000,-0.424000
0.008881,-0.416000,-0.424000
0.008882,-0.416000,-0.424000
0.008883,-0.424000,-0.424000
0.008884,-0.424000,-0.424000
0.008885,-0.424000,-0.424000
0.008886,-0.440000,-0.424000
0.008887,-0.432000,-0.432000
0.008888,-0.440000,-0.432000
0.008889,-0.432000,-0.432000
0.008890,-0.440000,-0.432000
0.008891,-0.440000,-0.432000
0.008892,-0.448000,-0.432000
0.008893,-0.448000,-0.432000
0.008894,-0.448000,-0.440000
0.008895,-0.456000,-0.440000
0.008896,-0.456000,-0.432000
0.008897,-0.456000,-0.424000
0.008898,-0.456000,-0.432000
0.008899,-0.456000,-0.432000
0.008900,-0.464000,-0.432000
0.008901,-0.464000,-0.432000
0.008902,-0.456000,-0.432000
0.008903,-0.464000,-0.424000
0.008904,-0.464000,-0.424000
0.008905,-0.464000,-0.424000
0.008906,-0.464000,-0.424000
0.008907,-0.464000,-0.424000
0.008908,-0.464000,-0.416000
0.008909,-0.464000,-0.416000
0.008910,-0.464000,-0.416000
0.008911,-0.464000,-0.408000
0.008912,-0.464000,-0.408000
0.008913,-0.456000,-0.400000
0.008914,-0.464000,-0.400000
0.008915,-0.456000,-0.400000
0.008916,-0.456000,-0.392000
0.008917,-0.456000,-0.392000
0.008918,-0.456000,-0.392000
0.008919,-0.448000,-0.392000
0.008920,-0.448000,-0.384000
0.008921,-0.448000,-0.376000
0.008922,-0.440000,-0.376000
0.008923,-0.440000,-0.376000
0.008924,-0.440000,-0.368000
0.008925,-0.432000,-0.360000
0.008926,-0.432000,-0.352000
0.008927,-0.432000,-0.352000
0.008928,-0.432000,-0.344000
0.008929,-0.424000,-0.344000
0.008930,-0.416000,-0.336000
0.008931,-0.408000,-0.328000
0.008932,-0.408000,-0.320000
0.008933,-0.408000,-0.320000
0.008934,-0.408000,-0.312000
0.008935,-0.392000,-0.312000
0.008936,-0.392000,-0.304000
0.008937,-0.392000,-0.296000
0.008938,-0.384000,-0.288000
0.008939,-0.376000,-0.288000
0.008940,-0.368000,-0.280000
0.008941,-0.368000,-0.272000
0.008942,-0.360000,-0.264000
0.008943,-0.352000,-0.256000
0.008944,-0.352000,-0.248000
0.008945,-0.344000,-0.248000
0.008946,-0.344000,-0.240000
0.008947,-0.336000,-0.232000
0.008948,-0.320000,-0.224000
0.008949,-0.320000,-0.216000
0.008950,-0.312000,-0.208000
0.008951,-0.304000,-0.200000
0.008952,-0.304000,-0.192000
0.008953,-0.296000,-0.184000
0.008954,-0.288000,-0.176000
0.008955,-0.280000,-0.176000
0.008956,-0.272000,-0.160000
0.008957,-0.264000,-0.160000
0.008958,-0.256000,-0.152000
0.008959,-0.256000,-0.144000
0.008960,-0.248000,-0.136000
0.008961,-0.232000,-0.128000
0.008962,-0.232000,-0.120000
0.008963,-0.224000,-0.112000
0.008964,-0.216000,-0.104000
0.008965,-0.208000,-0.096000
0.008966,-0.192000,-0.080000
0.008967,-0.192000,-0.080000
0.008968,-0.184000,-0.080000
0.008969,-0.176000,-0.064000
0.008970,-0.160000,-0.056000
0.008971,-0.160000,-0.048000
0.008972,-0.144000,-0.040000
0.008973,-0.144000,-0.032000
0.008974,-0.136000,-0.024000
0.008975,-0.128000,-0.016000
0.008976,-0.120000,-0.008000
0.008977,-0.104000,0.000000
0.008978,-0.104000,0.008000
0.008979,-0.096000,0.016000
0.008980,-0.080000,0.024000
0.008981,-0.080000,0.032000
0.008982,-0.064000,0.040000
0.008983,-0.056000,0.056000
0.008984,-0.048000,0.056000
0.008985,-0.040000,0.064000
0.008986,-0.024000,0.080000
0.008987,-0.024000,0.080000
0.008988,-0.016000,0.096000
0.008989,-0.008000,0.096000
0.008990,0.008000,0.104000
0.008991,0.016000,0.112000
0.008992,0.024000,0.120000
0.008993,0.032000,0.128000
0.008994,0.040000,0.136000
0.008995,0.048000,0.152000
0.008996,0.064000,0.160000
0.008997,0.064000,0.160000
0.008998,0.072000,0.168000
0.008999,0.088000,0.176000
0.009000,0.096000,0.192000
0.009001,0.104000,0.200000
0.009002,0.112000,0.200000
0.009003,0.120000,0.208000
0.009004,0.128000,0.216000
0.009005,0.136000,0.224000
0.009006,0.144000,0.232000
0.009007,0.152000,0.240000
0.009008,0.168000,0.240000
0.009009,0.168000,0.248000
0.009010,0.184000,0.256000
0.009011,0.184000,0.264000
0.009012,0.200000,0.272000
0.009013,0.208000,0.280000
0.009014,0.208000,0.288000
0.009015,0.216000,0.288000
0.009016,0.224000,0.296000
0.009017,0.240000,0.304000
0.009018,0.240000,0.304000
0.009019,0.248000,0.312000
0.009020,0.256000,0.312000
0.009021,0.264000,0.328000
0.009022,0.272000,0.328000
0.009023,0.280000,0.336000
0.009024,0.280000,0.336000
0.009025,0.288000,0.344000
0.009026,0.296000,0.352000
0.009027,0.304000,0.352000
0.009028,0.312000,0.360000
0.009029,0.320000,0.360000
0.009030,0.328000,0.368000
0.009031,0.336000,0.368000
0.009032,0.336000,0.376000
0.009033,0.344000,0.376000
0.009034,0.352000,0.384000
0.009035,0.360000,0.384000
0.009036,0.360000,0.392000
0.009037,0.368000,0.392000
0.009038,0.376000,0.400000
0.009039,0.376000,0.400000
0.009040,0.384000,0.400000
0.009041,0.376000,0.408000
0.009042,0.392000,0.408000
0.009043,0.392000,0.408000
0.009044,0.400000,0.416000
0.009045,0.400000,0.416000
0.009046,0.408000,0.416000
0.009047,0.408000,0.424000
0.009048,0.416000,0.424000
0.009049,0.416000,0.424000
0.009050,0.424000,0.424000
0.009051,0.432000,0.432000
0.009052,0.432000,0.432000
0.009053,0.440000,0.432000
0.009054,0.440000,0.432000
0.009055,0.440000,0.432000
0.009056,0.440000,0.432000
0.009057,0.448000,0.424000
0.009058,0.448000,0.432000
0.009059,0.448000,0.432000
0.009060,0.448000,0.440000
0.009061,0.456000,0.432000
0.009062,0.464000,0.432000
0.009063,0.456000,0.440000
0.009064,0.456000,0.440000
0.009065,0.464000,0.432000
0.009066,0.464000,0.432000
0.009067,0.464000,0.432000
0.009068,0.464000,0.432000
0.009069,0.464000,0.424000
0.009070,0.464000,0.424000
0.009071,0.464000,0.424000
0.009072,0.464000,0.424000
0.009073,0.472000,0.424000
0.009074,0.464000,0.424000
0.009075,0.472000,0.416000
0.009076,0.464000,0.416000
0.009077,0.464000,0.408000
0.009078,0.464000,0.408000
0.009079,0.464000,0.408000
0.009080,0.464000,0.408000
0.009081,0.464000,0.408000
0.009082,0.456000,0.400000
0.009083,0.456000,0.400000
0.009084,0.456000,0.392000
0.009085,0.456000,0.384000
0.009086,0.456000,0.384000
0.009087,0.448000,0.376000
0.009088,0.448000,0.376000
0.009089,0.448000,0.376000
0.009090,0.448000,0.368000
0.009091,0.448000,0.368000
0.009092,0.440000,0.360000
0.009093,0.440000,0.360000
0.009094,0.432000,0.352000
0.009095,0.432000,0.344000
0.009096,0.424000,0.344000
0.009097,0.416000,0.336000
0.009098,0.416000,0.336000
0.009099,0.416000,0.328000
0.009100,0.408000,0.320000
0.009101,0.408000,0.312000
0.009102,0.400000,0.312000
0.009103,0.392000,0.304000
0.009104,0.392000,0.296000
0.009105,0.384000,0.288000
0.009106,0.384000,0.288000
0.009107,0.376000,0.280000
0.009108,0.376000,0.272000
0.009109,0.368000,0.264000
0.009110,0.360000,0.256000
0.009111,0.352000,0.248000
0.009112,0.352000,0.248000
0.009113,0.344000,0.240000
0.009114,0.336000,0.232000
0.009115,0.336000,0.224000
0.009116,0.320000,0.224000
0.009117,0.320000,0.216000
0.009118,0.312000,0.208000
0.009119,0.304000,0.200000
0.009120,0.296000,0.192000
0.009121,0.288000,0.184000
0.009122,0.280000,0.176000
0.009123,0.280000,0.168000
0.009124,0.272000,0.160000
0.009125,0.256000,0.152000
0.009126,0.256000,0.144000
0.009127,0.248000,0.136000
0.009128,0.240000,0.128000
0.009129,0.232000,0.120000
0.009130,0.224000,0.112000
0.009131,0.216000,0.104000
0.009132,0.208000,0.096000
0.009133,0.200000,0.088000
0.009134,0.192000,0.080000
0.009135,0.192000,0.072000
0.009136,0.168000,0.056000
0.009137,0.168000,0.056000
0.009138,0.160000,0.048000
0.009139,0.152000,0.040000
0.009140,0.144000,0.032000
0.009141,0.136000,0.024000
0.009142,0.128000,0.016000
0.009143,0.120000,0.008000
0.009144,0.112000,-0.008000
0.009145,0.104000,-0.008000
0.009146,0.096000,-0.016000
0.009147,0.088000,-0.032000
0.009148,0.072000,-0.040000
0.009149,0.064000,-0.048000
0.009150,0.056000,-0.056000
0.009151,0.048000,-0.056000
0.009152,0.040000,-0.064000
0.009153,0.032000,-0.080000
0.009154,0.024000,-0.088000
0.009155,0.008000,-0.096000
0.009156,0.008000,-0.104000
0.009157,-0.008000,-0.104000
0.009158,-0.016000,-0.120000
0.009159,-0.024000,-0.128000
0.009160,-0.032000,-0.128000
0.009161,-0.032000,-0.136000
0.009162,-0.048000,-0.144000
0.009163,-0.056000,-0.152000
0.009164,-0.064000,-0.160000
0.009165,-0.080000,-0.168000
0.009166,-0.088000,-0.176000
0.009167,-0.088000,-0.184000
0.009168,-0.096000,-0.192000
0.009169,-0.104000,-0.192000
0.009170,-0.112000,-0.200000
0.009171,-0.120000,-0.208000
0.009172,-0.136000,-0.216000
0.009173,-0.144000,-0.224000
0.009174,-0.152000,-0.232000
0.009175,-0.160000,-0.240000
0.009176,-0.168000,-0.248000
0.009177,-0.176000,-0.256000
0.009178,-0.176000,-0.264000
0.009179,-0.192000,-0.272000
0.009180,-0.200000,-0.272000
0.009181,-0.208000,-0.280000
0.009182,-0.216000,-0.288000
0.009183,-0.224000,-0.296000
0.009184,-0.232000,-0.296000
0.009185,-0.240000,-0.304000
0.009186,-0.248000,-0.312000
0.009187,-0.256000,-0.312000
0.009188,-0.264000,-0.320000
0.009189,-0.264000,-0.328000
0.009190,-0.272000,-0.336000
0.009191,-0.280000,-0.336000
0.009192,-0.288000,-0.344000
0.009193,-0.296000,-0.352000
0.009194,-0.304000,-0.352000
0.009195,-0.312000,-0.360000
0.009196,-0.320000,-0.360000
0.009197,-0.328000,-0.368000
0.009198,-0.328000,-0.376000
0.009199,-0.328000,-0.376000
0.009200,-0.344000,-0.376000
0.009201,-0.344000,-0.384000
0.009202,-0.352000,-0.384000
0.009203,-0.360000,-0.392000
0.009204,-0.368000,-0.400000
0.009205,-0.368000,-0.400000
0.009206,-0.376000,-0.400000
0.009207,-0.368000,-0.400000
0.009208,-0.384000,-0.408000
0.009209,-0.392000,-0.408000
0.009210,-0.400000,-0.416000
0.009211,-0.400000,-0.416000
0.009212,-0.400000,-0.416000
0.009213,-0.408000,-0.416000
0.009214,-0.408000,-0.416000
0.009215,-0.416000,-0.424000
0.009216,-0.424000,-0.424000
0.009217,-0.424000,-0.424000
0.009218,-0.424000,-0.424000
0.009219,-0.432000,-0.432000
0.009220,-0.432000,-0.432000
0.009221,-0.440000,-0.432000
0.009222,-0.432000,-0.432000
0.009223,-0.440000,-0.432000
0.009224,-0.440000,-0.432000
0.009225,-0.448000,-0.432000
0.009226,-0.448000,-0.432000
0.009227,-0.448000,-0.432000
0.009228,-0.456000,-0.432000
0.009229,-0.456000,-0.432000
0.009230,-0.456000,-0.432000
0.009231,-0.456000,-0.432000
0.009232,-0.456000,-0.432000
0.009233,-0.464000,-0.432000
0.009234,-0.464000,-0.432000
0.009235,-0.464000,-0.424000
0.009236,-0.464000,-0.424000
0.009237,-0.464000,-0.424000
0.009238,-0.464000,-0.424000
0.009239,-0.464000,-0.424000
0.009240,-0.464000,-0.416000
0.009241,-0.464000,-0.424000
0.009242,-0.464000,-0.416000
0.009243,-0.464000,-0.416000
0.009244,-0.464000,-0.408000
0.009245,-0.464000,-0.408000
0.009246,-0.464000,-0.408000
0.009247,-0.464000,-0.408000
0.009248,-0.464000,-0.400000
0.009249,-0.456000,-0.400000
