-0.042000,0.240000,0.080000
-0.041960,0.216000,0.080000
-0.041920,0.200000,0.080000
-0.041880,0.184000,0.080000
-0.041840,0.168000,0.080000
-0.041800,0.152000,0.080000
-0.041760,0.128000,0.080000
-0.041720,0.112000,0.080000
-0.041680,0.096000,0.080000
-0.041640,0.080000,0.080000
-0.041600,0.064000,0.080000
-0.041560,0.048000,0.080000
-0.041520,0.032000,0.080000
-0.041480,0.008000,0.080000
-0.041440,-0.008000,0.072000
-0.041400,-0.024000,0.072000
-0.041360,-0.048000,0.072000
-0.041320,-0.064000,0.080000
-0.041280,-0.080000,0.072000
-0.041240,-0.096000,0.072000
-0.041200,-0.112000,0.072000
-0.041160,-0.136000,0.064000
-0.041120,-0.152000,0.064000
-0.041080,-0.160000,0.064000
-0.041040,-0.176000,0.056000
-0.041000,-0.200000,0.056000
-0.040960,-0.208000,0.056000
-0.040920,-0.224000,0.056000
-0.040880,-0.240000,0.048000
-0.040840,-0.256000,0.048000
-0.040800,-0.272000,0.048000
-0.040760,-0.288000,0.048000
-0.040720,-0.304000,0.040000
-0.040680,-0.320000,0.040000
-0.040640,-0.328000,0.040000
-0.040600,-0.344000,0.032000
-0.040560,-0.360000,0.024000
-0.040520,-0.368000,0.032000
-0.040480,-0.376000,0.024000
-0.040440,-0.392000,0.016000
-0.040400,-0.400000,0.016000
-0.040360,-0.408000,0.016000
-0.040320,-0.416000,0.016000
-0.040280,-0.424000,0.008000
-0.040240,-0.432000,0.008000
-0.040200,-0.440000,0.008000
-0.040160,-0.440000,0.000000
-0.040120,-0.448000,0.000000
-0.040080,-0.456000,-0.008000
-0.040040,-0.456000,-0.008000
-0.040000,-0.464000,-0.016000
-0.039960,-0.464000,-0.008000
-0.039920,-0.464000,-0.016000
-0.039880,-0.464000,-0.024000
-0.039840,-0.464000,-0.024000
-0.039800,-0.472000,-0.024000
-0.039760,-0.472000,-0.032000
-0.039720,-0.464000,-0.032000
-0.039680,-0.464000,-0.032000
-0.039640,-0.464000,-0.040000
-0.039600,-0.464000,-0.048000
-0.039560,-0.456000,-0.048000
-0.039520,-0.456000,-0.048000
-0.039480,-0.448000,-0.048000
-0.039440,-0.440000,-0.048000
-0.039400,-0.440000,-0.048000
-0.039360,-0.432000,-0.056000
-0.039320,-0.424000,-0.056000
-0.039280,-0.416000,-0.056000
-0.039240,-0.408000,-0.056000
-0.039200,-0.400000,-0.064000
-0.039160,-0.384000,-0.064000
-0.039120,-0.376000,-0.064000
-0.039080,-0.368000,-0.072000
-0.039040,-0.360000,-0.072000
-0.039000,-0.344000,-0.072000
-0.038960,-0.328000,-0.072000
-0.038920,-0.320000,-0.072000
-0.038880,-0.296000,-0.072000
-0.038840,-0.296000,-0.072000
-0.038800,-0.272000,-0.072000
-0.038760,-0.264000,-0.080000
-0.038720,-0.248000,-0.080000
-0.038680,-0.232000,-0.080000
-0.038640,-0.216000,-0.080000
-0.038600,-0.200000,-0.080000
-0.038560,-0.184000,-0.080000
-0.038520,-0.168000,-0.080000
-0.038480,-0.152000,-0.080000
-0.038440,-0.136000,-0.080000
-0.038400,-0.120000,-0.080000
-0.038360,-0.104000,-0.080000
-0.038320,-0.080000,-0.080000
-0.038280,-0.064000,-0.080000
-0.038240,-0.048000,-0.080000
-0.038200,-0.024000,-0.064000
-0.038160,-0.008000,-0.080000
-0.038120,0.008000,-0.072000
-0.038080,0.024000,-0.072000
-0.038040,0.048000,-0.072000
-0.038000,0.056000,-0.072000
-0.037960,0.072000,-0.072000
-0.037920,0.096000,-0.072000
-0.037880,0.112000,-0.064000
-0.037840,0.128000,-0.064000
-0.037800,0.144000,-0.064000
-0.037760,0.160000,-0.056000
-0.037720,0.176000,-0.056000
-0.037680,0.200000,-0.056000
-0.037640,0.216000,-0.056000
-0.037600,0.232000,-0.056000
-0.037560,0.240000,-0.048000
-0.037520,0.256000,-0.048000
-0.037480,0.280000,-0.048000
-0.037440,0.288000,-0.048000
-0.037400,0.304000,-0.048000
-0.037360,0.320000,-0.040000
-0.037320,0.336000,-0.032000
-0.037280,0.344000,-0.032000
-0.037240,0.352000,-0.032000
-0.037200,0.368000,-0.024000
-0.037160,0.376000,-0.024000
-0.037120,0.384000,-0.024000
-0.037080,0.392000,-0.016000
-0.037040,0.408000,-0.016000
-0.037000,0.416000,-0.016000
-0.036960,0.424000,-0.008000
-0.036920,0.432000,-0.008000
-0.036880,0.440000,-0.008000
-0.036840,0.448000,0.000000
-0.036800,0.448000,0.000000
-0.036760,0.456000,0.008000
-0.036720,0.464000,0.016000
-0.036680,0.456000,0.016000
-0.036640,0.464000,0.016000
-0.036600,0.472000,0.016000
-0.036560,0.472000,0.024000
-0.036520,0.472000,0.024000
-0.036480,0.472000,0.024000
-0.036440,0.472000,0.032000
-0.036400,0.472000,0.032000
-0.036360,0.472000,0.032000
-0.036320,0.472000,0.040000
-0.036280,0.464000,0.040000
-0.036240,0.464000,0.040000
-0.036200,0.456000,0.048000
-0.036160,0.456000,0.048000
-0.036120,0.448000,0.048000
-0.036080,0.448000,0.048000
-0.036040,0.432000,0.056000
-0.036000,0.432000,0.056000
-0.035960,0.424000,0.056000
-0.035920,0.408000,0.064000
-0.035880,0.400000,0.064000
-0.035840,0.392000,0.072000
-0.035800,0.384000,0.072000
-0.035760,0.376000,0.064000
-0.035720,0.368000,0.072000
-0.035680,0.352000,0.072000
-0.035640,0.336000,0.072000
-0.035600,0.328000,0.080000
-0.035560,0.312000,0.072000
-0.035520,0.304000,0.080000
-0.035480,0.288000,0.080000
-0.035440,0.272000,0.080000
-0.035400,0.256000,0.072000
-0.035360,0.240000,0.080000
-0.035320,0.240000,0.080000
-0.035280,0.208000,0.080000
-0.035240,0.200000,0.080000
-0.035200,0.176000,0.080000
-0.035160,0.168000,0.080000
-0.035120,0.144000,0.080000
-0.035080,0.128000,0.080000
-0.035040,0.104000,0.080000
-0.035000,0.096000,0.088000
-0.034960,0.080000,0.080000
-0.034920,0.056000,0.080000
-0.034880,0.040000,0.072000
-0.034840,0.024000,0.080000
-0.034800,0.000000,0.072000
-0.034760,-0.016000,0.072000
-0.034720,-0.032000,0.072000
-0.034680,-0.048000,0.072000
-0.034640,-0.072000,0.080000
-0.034600,-0.088000,0.072000
-0.034560,-0.104000,0.064000
-0.034520,-0.120000,0.064000
-0.034480,-0.144000,0.064000
-0.034440,-0.152000,0.064000
-0.034400,-0.168000,0.064000
-0.034360,-0.184000,0.064000
-0.034320,-0.200000,0.056000
-0.034280,-0.216000,0.056000
-0.034240,-0.232000,0.056000
-0.034200,-0.248000,0.048000
-0.034160,-0.264000,0.048000
-0.034120,-0.280000,0.040000
-0.034080,-0.296000,0.040000
-0.034040,-0.304000,0.040000
-0.034000,-0.320000,0.040000
-0.033960,-0.336000,0.032000
-0.033920,-0.352000,0.032000
-0.033880,-0.360000,0.024000
-0.033840,-0.368000,0.024000
-0.033800,-0.384000,0.024000
-0.033760,-0.392000,0.024000
-0.033720,-0.400000,0.016000
-0.033680,-0.408000,0.016000
-0.033640,-0.424000,0.008000
-0.033600,-0.424000,0.008000
-0.033560,-0.432000,0.008000
-0.033520,-0.440000,0.000000
-0.033480,-0.448000,-0.008000
-0.033440,-0.448000,0.000000
-0.033400,-0.456000,-0.008000
-0.033360,-0.464000,-0.008000
-0.033320,-0.464000,-0.016000
-0.033280,-0.464000,-0.016000
-0.033240,-0.464000,-0.016000
-0.033200,-0.464000,-0.016000
-0.033160,-0.472000,-0.024000
-0.033120,-0.472000,-0.032000
-0.033080,-0.472000,-0.032000
-0.033040,-0.464000,-0.032000
-0.033000,-0.464000,-0.040000
-0.032960,-0.464000,-0.040000
-0.032920,-0.464000,-0.040000
-0.032880,-0.456000,-0.048000
-0.032840,-0.448000,-0.048000
-0.032800,-0.448000,-0.048000
-0.032760,-0.440000,-0.048000
-0.032720,-0.432000,-0.048000
-0.032680,-0.424000,-0.056000
-0.032640,-0.424000,-0.056000
-0.032600,-0.416000,-0.064000
-0.032560,-0.408000,-0.056000
-0.032520,-0.400000,-0.064000
-0.032480,-0.384000,-0.064000
-0.032440,-0.376000,-0.064000
-0.032400,-0.368000,-0.072000
-0.032360,-0.352000,-0.064000
-0.032320,-0.336000,-0.072000
-0.032280,-0.328000,-0.072000
-0.032240,-0.312000,-0.072000
-0.032200,-0.296000,-0.072000
-0.032160,-0.288000,-0.072000
-0.032120,-0.272000,-0.080000
-0.032080,-0.256000,-0.080000
-0.032040,-0.248000,-0.080000
-0.032000,-0.224000,-0.080000
-0.031960,-0.208000,-0.080000
-0.031920,-0.200000,-0.080000
-0.031880,-0.176000,-0.080000
-0.031840,-0.160000,-0.080000
-0.031800,-0.144000,-0.080000
-0.031760,-0.128000,-0.080000
-0.031720,-0.112000,-0.080000
-0.031680,-0.096000,-0.072000
-0.031640,-0.072000,-0.080000
-0.031600,-0.056000,-0.080000
-0.031560,-0.040000,-0.072000
-0.031520,-0.024000,-0.080000
-0.031480,-0.008000,-0.072000
-0.031440,0.008000,-0.072000
-0.031400,0.032000,-0.064000
-0.031360,0.048000,-0.072000
-0.031320,0.064000,-0.072000
-0.031280,0.088000,-0.072000
-0.031240,0.104000,-0.072000
-0.031200,0.120000,-0.064000
-0.031160,0.136000,-0.064000
-0.031120,0.152000,-0.064000
-0.031080,0.168000,-0.064000
-0.031040,0.184000,-0.056000
-0.031000,0.200000,-0.056000
-0.030960,0.216000,-0.056000
-0.030920,0.240000,-0.048000
-0.030880,0.248000,-0.048000
-0.030840,0.264000,-0.048000
-0.030800,0.280000,-0.048000
-0.030760,0.296000,-0.040000
-0.030720,0.312000,-0.040000
-0.030680,0.312000,-0.040000
-0.030640,0.336000,-0.032000
-0.030600,0.352000,-0.032000
-0.030560,0.360000,-0.032000
-0.030520,0.368000,-0.024000
-0.030480,0.376000,-0.024000
-0.030440,0.392000,-0.016000
-0.030400,0.400000,-0.016000
-0.030360,0.408000,-0.016000
-0.030320,0.416000,-0.016000
-0.030280,0.424000,-0.008000
-0.030240,0.432000,-0.008000
-0.030200,0.440000,0.000000
-0.030160,0.448000,0.000000
-0.030120,0.448000,0.000000
-0.030080,0.456000,0.008000
-0.030040,0.464000,0.016000
-0.030000,0.464000,0.016000
-0.029960,0.464000,0.016000
-0.029920,0.472000,0.016000
-0.029880,0.472000,0.024000
-0.029840,0.472000,0.024000
-0.029800,0.472000,0.024000
-0.029760,0.472000,0.032000
-0.029720,0.464000,0.040000
-0.029680,0.472000,0.040000
-0.029640,0.464000,0.040000
-0.029600,0.464000,0.040000
-0.029560,0.456000,0.040000
-0.029520,0.456000,0.048000
-0.029480,0.456000,0.048000
-0.029440,0.448000,0.056000
-0.029400,0.440000,0.056000
-0.029360,0.440000,0.056000
-0.029320,0.432000,0.056000
-0.029280,0.424000,0.056000
-0.029240,0.408000,0.056000
-0.029200,0.400000,0.064000
-0.029160,0.392000,0.064000
-0.029120,0.384000,0.064000
-0.029080,0.368000,0.064000
-0.029040,0.360000,0.072000
-0.029000,0.352000,0.072000
-0.028960,0.336000,0.072000
-0.028920,0.328000,0.072000
-0.028880,0.312000,0.080000
-0.028840,0.296000,0.072000
-0.028800,0.280000,0.080000
-0.028760,0.272000,0.080000
-0.028720,0.256000,0.080000
-0.028680,0.240000,0.080000
-0.028640,0.224000,0.080000
-0.028600,0.208000,0.080000
-0.028560,0.192000,0.080000
-0.028520,0.176000,0.080000
-0.028480,0.160000,0.080000
-0.028440,0.144000,0.080000
-0.028400,0.128000,0.080000
-0.028360,0.104000,0.080000
-0.028320,0.088000,0.080000
-0.028280,0.064000,0.088000
-0.028240,0.048000,0.080000
-0.028200,0.032000,0.080000
-0.028160,0.016000,0.080000
-0.028120,-0.008000,0.080000
-0.028080,-0.024000,0.072000
-0.028040,-0.040000,0.080000
-0.028000,-0.056000,0.072000
-0.027960,-0.072000,0.072000
-0.027920,-0.088000,0.072000
-0.027880,-0.104000,0.072000
-0.027840,-0.128000,0.064000
-0.027800,-0.136000,0.064000
-0.027760,-0.160000,0.064000
-0.027720,-0.176000,0.064000
-0.027680,-0.192000,0.056000
-0.027640,-0.208000,0.056000
-0.027600,-0.224000,0.048000
-0.027560,-0.240000,0.056000
-0.027520,-0.256000,0.048000
-0.027480,-0.272000,0.048000
-0.027440,-0.288000,0.040000
-0.027400,-0.296000,0.040000
-0.027360,-0.312000,0.040000
-0.027320,-0.328000,0.040000
-0.027280,-0.336000,0.032000
-0.027240,-0.352000,0.032000
-0.027200,-0.360000,0.024000
-0.027160,-0.368000,0.024000
-0.027120,-0.384000,0.024000
-0.027080,-0.392000,0.024000
-0.027040,-0.400000,0.016000
-0.027000,-0.408000,0.016000
-0.026960,-0.424000,0.016000
-0.026920,-0.432000,0.008000
-0.026880,-0.440000,0.000000
-0.026840,-0.448000,0.000000
-0.026800,-0.448000,-0.008000
-0.026760,-0.456000,-0.008000
-0.026720,-0.456000,-0.008000
-0.026680,-0.456000,-0.008000
-0.026640,-0.464000,-0.016000
-0.026600,-0.464000,-0.016000
-0.026560,-0.464000,-0.016000
-0.026520,-0.464000,-0.024000
-0.026480,-0.472000,-0.024000
-0.026440,-0.464000,-0.032000
-0.026400,-0.472000,-0.032000
-0.026360,-0.464000,-0.032000
-0.026320,-0.464000,-0.032000
-0.026280,-0.456000,-0.032000
-0.026240,-0.456000,-0.048000
-0.026200,-0.456000,-0.048000
-0.026160,-0.448000,-0.048000
-0.026120,-0.448000,-0.048000
-0.026080,-0.440000,-0.056000
-0.026040,-0.432000,-0.056000
-0.026000,-0.424000,-0.056000
-0.025960,-0.424000,-0.056000
-0.025920,-0.408000,-0.056000
-0.025880,-0.400000,-0.064000
-0.025840,-0.392000,-0.064000
-0.025800,-0.384000,-0.064000
-0.025760,-0.368000,-0.064000
-0.025720,-0.360000,-0.064000
-0.025680,-0.352000,-0.072000
-0.025640,-0.336000,-0.072000
-0.025600,-0.320000,-0.072000
-0.025560,-0.312000,-0.072000
-0.025520,-0.296000,-0.072000
-0.025480,-0.288000,-0.080000
-0.025440,-0.272000,-0.080000
-0.025400,-0.256000,-0.080000
-0.025360,-0.240000,-0.080000
-0.025320,-0.216000,-0.080000
-0.025280,-0.208000,-0.080000
-0.025240,-0.184000,-0.080000
-0.025200,-0.176000,-0.080000
-0.025160,-0.160000,-0.080000
-0.025120,-0.144000,-0.080000
-0.025080,-0.120000,-0.080000
-0.025040,-0.104000,-0.080000
-0.025000,-0.088000,-0.080000
-0.024960,-0.072000,-0.080000
-0.024920,-0.056000,-0.080000
-0.024880,-0.032000,-0.072000
-0.024840,-0.016000,-0.072000
-0.024800,0.000000,-0.072000
-0.024760,0.024000,-0.080000
-0.024720,0.032000,-0.072000
-0.024680,0.056000,-0.072000
-0.024640,0.072000,-0.072000
-0.024600,0.088000,-0.064000
-0.024560,0.104000,-0.064000
-0.024520,0.128000,-0.064000
-0.024480,0.144000,-0.064000
-0.024440,0.160000,-0.064000
-0.024400,0.176000,-0.056000
-0.024360,0.192000,-0.056000
-0.024320,0.208000,-0.056000
-0.024280,0.224000,-0.048000
-0.024240,0.240000,-0.056000
-0.024200,0.256000,-0.048000
-0.024160,0.272000,-0.040000
-0.024120,0.280000,-0.048000
-0.024080,0.304000,-0.040000
-0.024040,0.312000,-0.040000
-0.024000,0.328000,-0.032000
-0.023960,0.336000,-0.032000
-0.023920,0.352000,-0.032000
-0.023880,0.360000,-0.032000
-0.023840,0.376000,-0.024000
-0.023800,0.384000,-0.024000
-0.023760,0.392000,-0.016000
-0.023720,0.408000,-0.016000
-0.023680,0.416000,-0.008000
-0.023640,0.424000,-0.008000
-0.023600,0.432000,-0.008000
-0.023560,0.440000,-0.008000
-0.023520,0.440000,0.000000
-0.023480,0.448000,0.000000
-0.023440,0.448000,0.000000
-0.023400,0.464000,0.008000
-0.023360,0.464000,0.016000
-0.023320,0.472000,0.016000
-0.023280,0.472000,0.016000
-0.023240,0.472000,0.016000
-0.023200,0.472000,0.024000
-0.023160,0.480000,0.024000
-0.023120,0.472000,0.024000
-0.023080,0.472000,0.024000
-0.023040,0.472000,0.032000
-0.023000,0.472000,0.040000
-0.022960,0.464000,0.040000
-0.022920,0.464000,0.040000
-0.022880,0.464000,0.048000
-0.022840,0.456000,0.048000
-0.022800,0.456000,0.048000
-0.022760,0.448000,0.048000
-0.022720,0.440000,0.056000
-0.022680,0.432000,0.048000
-0.022640,0.424000,0.056000
-0.022600,0.416000,0.056000
-0.022560,0.408000,0.064000
-0.022520,0.400000,0.064000
-0.022480,0.392000,0.064000
-0.022440,0.376000,0.072000
-0.022400,0.368000,0.064000
-0.022360,0.360000,0.072000
-0.022320,0.344000,0.072000
-0.022280,0.328000,0.072000
-0.022240,0.312000,0.080000
-0.022200,0.312000,0.080000
-0.022160,0.288000,0.080000
-0.022120,0.272000,0.080000
-0.022080,0.264000,0.080000
-0.022040,0.248000,0.080000
-0.022000,0.232000,0.080000
-0.021960,0.216000,0.080000
-0.021920,0.200000,0.080000
-0.021880,0.184000,0.080000
-0.021840,0.168000,0.080000
-0.021800,0.152000,0.080000
-0.021760,0.136000,0.080000
-0.021720,0.112000,0.080000
-0.021680,0.096000,0.080000
-0.021640,0.088000,0.080000
-0.021600,0.064000,0.080000
-0.021560,0.048000,0.080000
-0.021520,0.032000,0.080000
-0.021480,0.008000,0.080000
-0.021440,-0.008000,0.080000
-0.021400,-0.024000,0.080000
-0.021360,-0.040000,0.072000
-0.021320,-0.056000,0.072000
-0.021280,-0.072000,0.072000
-0.021240,-0.096000,0.072000
-0.021200,-0.120000,0.072000
-0.021160,-0.136000,0.064000
-0.021120,-0.152000,0.064000
-0.021080,-0.168000,0.064000
-0.021040,-0.184000,0.064000
-0.021000,-0.200000,0.056000
-0.020960,-0.216000,0.056000
-0.020920,-0.232000,0.048000
-0.020880,-0.248000,0.048000
-0.020840,-0.256000,0.048000
-0.020800,-0.272000,0.048000
-0.020760,-0.288000,0.048000
-0.020720,-0.304000,0.040000
-0.020680,-0.320000,0.040000
-0.020640,-0.328000,0.032000
-0.020600,-0.344000,0.040000
-0.020560,-0.352000,0.024000
-0.020520,-0.368000,0.024000
-0.020480,-0.376000,0.024000
-0.020440,-0.392000,0.024000
-0.020400,-0.400000,0.024000
-0.020360,-0.408000,0.016000
-0.020320,-0.416000,0.008000
-0.020280,-0.424000,0.016000
-0.020240,-0.432000,0.008000
-0.020200,-0.440000,0.000000
-0.020160,-0.440000,0.000000
-0.020120,-0.448000,-0.008000
-0.020080,-0.456000,0.000000
-0.020040,-0.456000,-0.008000
-0.020000,-0.464000,-0.008000
-0.019960,-0.464000,-0.016000
-0.019920,-0.464000,-0.016000
-0.019880,-0.464000,-0.008000
-0.019840,-0.472000,-0.024000
-0.019800,-0.472000,-0.024000
-0.019760,-0.472000,-0.032000
-0.019720,-0.472000,-0.032000
-0.019680,-0.464000,-0.040000
-0.019640,-0.464000,-0.040000
-0.019600,-0.464000,-0.040000
-0.019560,-0.456000,-0.048000
-0.019520,-0.456000,-0.048000
-0.019480,-0.448000,-0.048000
-0.019440,-0.440000,-0.048000
-0.019400,-0.440000,-0.048000
-0.019360,-0.432000,-0.056000
-0.019320,-0.424000,-0.056000
-0.019280,-0.416000,-0.056000
-0.019240,-0.408000,-0.056000
-0.019200,-0.408000,-0.056000
-0.019160,-0.384000,-0.064000
-0.019120,-0.376000,-0.064000
-0.019080,-0.368000,-0.064000
-0.019040,-0.352000,-0.064000
-0.019000,-0.344000,-0.072000
-0.018960,-0.328000,-0.072000
-0.018920,-0.320000,-0.072000
-0.018880,-0.304000,-0.072000
-0.018840,-0.288000,-0.072000
-0.018800,-0.272000,-0.080000
-0.018760,-0.264000,-0.072000
-0.018720,-0.248000,-0.080000
-0.018680,-0.232000,-0.080000
-0.018640,-0.216000,-0.080000
-0.018600,-0.200000,-0.080000
-0.018560,-0.192000,-0.088000
-0.018520,-0.168000,-0.080000
-0.018480,-0.152000,-0.080000
-0.018440,-0.136000,-0.080000
-0.018400,-0.120000,-0.080000
-0.018360,-0.096000,-0.080000
-0.018320,-0.080000,-0.080000
-0.018280,-0.064000,-0.072000
-0.018240,-0.048000,-0.072000
-0.018200,-0.032000,-0.080000
-0.018160,-0.016000,-0.080000
-0.018120,0.008000,-0.072000
-0.018080,0.024000,-0.072000
-0.018040,0.040000,-0.072000
-0.018000,0.064000,-0.072000
-0.017960,0.080000,-0.064000
-0.017920,0.096000,-0.064000
-0.017880,0.112000,-0.064000
-0.017840,0.136000,-0.064000
-0.017800,0.152000,-0.064000
-0.017760,0.168000,-0.064000
-0.017720,0.184000,-0.056000
-0.017680,0.200000,-0.056000
-0.017640,0.216000,-0.048000
-0.017600,0.232000,-0.048000
-0.017560,0.248000,-0.048000
-0.017520,0.256000,-0.048000
-0.017480,0.280000,-0.040000
-0.017440,0.288000,-0.048000
-0.017400,0.304000,-0.040000
-0.017360,0.320000,-0.040000
-0.017320,0.328000,-0.032000
-0.017280,0.344000,-0.032000
-0.017240,0.360000,-0.032000
-0.017200,0.368000,-0.024000
-0.017160,0.376000,-0.024000
-0.017120,0.384000,-0.024000
-0.017080,0.392000,-0.024000
-0.017040,0.408000,-0.016000
-0.017000,0.416000,-0.016000
-0.016960,0.424000,-0.008000
-0.016920,0.432000,-0.008000
-0.016880,0.440000,0.000000
-0.016840,0.448000,0.000000
-0.016800,0.448000,0.008000
-0.016760,0.456000,0.008000
-0.016720,0.456000,0.016000
-0.016680,0.464000,0.016000
-0.016640,0.464000,0.016000
-0.016600,0.472000,0.024000
-0.016560,0.464000,0.024000
-0.016520,0.480000,0.024000
-0.016480,0.472000,0.024000
-0.016440,0.472000,0.032000
-0.016400,0.472000,0.032000
-0.016360,0.472000,0.040000
-0.016320,0.472000,0.032000
-0.016280,0.464000,0.040000
-0.016240,0.464000,0.040000
-0.016200,0.456000,0.048000
-0.016160,0.456000,0.048000
-0.016120,0.448000,0.048000
-0.016080,0.448000,0.056000
-0.016040,0.440000,0.056000
-0.016000,0.432000,0.056000
-0.015960,0.416000,0.056000
-0.015920,0.408000,0.064000
-0.015880,0.408000,0.064000
-0.015840,0.392000,0.064000
-0.015800,0.384000,0.072000
-0.015760,0.376000,0.072000
-0.015720,0.368000,0.072000
-0.015680,0.352000,0.072000
-0.015640,0.344000,0.072000
-0.015600,0.328000,0.080000
-0.015560,0.312000,0.080000
-0.015520,0.296000,0.072000
-0.015480,0.288000,0.080000
-0.015440,0.272000,0.080000
-0.015400,0.256000,0.080000
-0.015360,0.240000,0.080000
-0.015320,0.224000,0.080000
-0.015280,0.216000,0.080000
-0.015240,0.192000,0.080000
-0.015200,0.176000,0.080000
-0.015160,0.160000,0.080000
-0.015120,0.144000,0.080000
-0.015080,0.128000,0.080000
-0.015040,0.112000,0.080000
-0.015000,0.096000,0.080000
-0.014960,0.072000,0.080000
-0.014920,0.056000,0.080000
-0.014880,0.040000,0.080000
-0.014840,0.024000,0.080000
-0.014800,0.008000,0.080000
-0.014760,-0.016000,0.072000
-0.014720,-0.032000,0.080000
-0.014680,-0.048000,0.072000
-0.014640,-0.064000,0.072000
-0.014600,-0.088000,0.072000
-0.014560,-0.104000,0.064000
-0.014520,-0.120000,0.064000
-0.014480,-0.136000,0.064000
-0.014440,-0.152000,0.064000
-0.014400,-0.168000,0.056000
-0.014360,-0.184000,0.056000
-0.014320,-0.200000,0.056000
-0.014280,-0.208000,0.056000
-0.014240,-0.232000,0.048000
-0.014200,-0.248000,0.048000
-0.014160,-0.264000,0.040000
-0.014120,-0.280000,0.040000
-0.014080,-0.296000,0.040000
-0.014040,-0.312000,0.040000
-0.014000,-0.320000,0.040000
-0.013960,-0.328000,0.032000
-0.013920,-0.344000,0.040000
-0.013880,-0.360000,0.032000
-0.013840,-0.368000,0.024000
-0.013800,-0.376000,0.024000
-0.013760,-0.392000,0.024000
-0.013720,-0.400000,0.016000
-0.013680,-0.408000,0.016000
-0.013640,-0.416000,0.016000
-0.013600,-0.432000,0.016000
-0.013560,-0.432000,0.008000
-0.013520,-0.440000,0.000000
-0.013480,-0.448000,0.000000
-0.013440,-0.448000,0.000000
-0.013400,-0.456000,-0.008000
-0.013360,-0.456000,-0.008000
-0.013320,-0.464000,-0.008000
-0.013280,-0.464000,-0.016000
-0.013240,-0.472000,-0.016000
-0.013200,-0.472000,-0.024000
-0.013160,-0.472000,-0.032000
-0.013120,-0.472000,-0.024000
-0.013080,-0.464000,-0.032000
-0.013040,-0.472000,-0.032000
-0.013000,-0.472000,-0.032000
-0.012960,-0.464000,-0.040000
-0.012920,-0.464000,-0.040000
-0.012880,-0.456000,-0.040000
-0.012840,-0.448000,-0.048000
-0.012800,-0.448000,-0.048000
-0.012760,-0.440000,-0.056000
-0.012720,-0.432000,-0.056000
-0.012680,-0.432000,-0.056000
-0.012640,-0.424000,-0.056000
-0.012600,-0.408000,-0.056000
-0.012560,-0.408000,-0.056000
-0.012520,-0.400000,-0.056000
-0.012480,-0.392000,-0.064000
-0.012440,-0.376000,-0.064000
-0.012400,-0.368000,-0.072000
-0.012360,-0.352000,-0.072000
-0.012320,-0.336000,-0.072000
-0.012280,-0.328000,-0.072000
-0.012240,-0.312000,-0.072000
-0.012200,-0.304000,-0.072000
-0.012160,-0.288000,-0.072000
-0.012120,-0.272000,-0.080000
-0.012080,-0.256000,-0.080000
-0.012040,-0.240000,-0.080000
-0.012000,-0.224000,-0.080000
-0.011960,-0.208000,-0.080000
-0.011920,-0.192000,-0.080000
-0.011880,-0.176000,-0.080000
-0.011840,-0.160000,-0.080000
-0.011800,-0.144000,-0.080000
-0.011760,-0.128000,-0.080000
-0.011720,-0.112000,-0.080000
-0.011680,-0.096000,-0.080000
-0.011640,-0.080000,-0.080000
-0.011600,-0.056000,-0.080000
-0.011560,-0.040000,-0.072000
-0.011520,-0.024000,-0.072000
-0.011480,-0.008000,-0.080000
-0.011440,0.016000,-0.072000
-0.011400,0.032000,-0.072000
-0.011360,0.048000,-0.072000
-0.011320,0.064000,-0.072000
-0.011280,0.088000,-0.072000
-0.011240,0.104000,-0.064000
-0.011200,0.120000,-0.064000
-0.011160,0.136000,-0.056000
-0.011120,0.152000,-0.056000
-0.011080,0.168000,-0.056000
-0.011040,0.184000,-0.056000
-0.011000,0.200000,-0.056000
-0.010960,0.216000,-0.056000
-0.010920,0.240000,-0.048000
-0.010880,0.248000,-0.048000
-0.010840,0.264000,-0.048000
-0.010800,0.280000,-0.048000
-0.010760,0.296000,-0.048000
-0.010720,0.304000,-0.040000
-0.010680,0.320000,-0.040000
-0.010640,0.336000,-0.032000
-0.010600,0.344000,-0.032000
-0.010560,0.360000,-0.032000
-0.010520,0.368000,-0.024000
-0.010480,0.384000,-0.024000
-0.010440,0.392000,-0.024000
-0.010400,0.400000,-0.016000
-0.010360,0.408000,-0.016000
-0.010320,0.416000,-0.016000
-0.010280,0.424000,-0.008000
-0.010240,0.432000,0.000000
-0.010200,0.440000,0.000000
-0.010160,0.448000,0.000000
-0.010120,0.448000,0.008000
-0.010080,0.456000,0.008000
-0.010040,0.464000,0.016000
-0.010000,0.464000,0.008000
-0.009960,0.472000,0.016000
-0.009920,0.464000,0.024000
-0.009880,0.472000,0.024000
-0.009840,0.472000,0.024000
-0.009800,0.472000,0.032000
-0.009760,0.472000,0.032000
-0.009720,0.472000,0.032000
-0.009680,0.472000,0.040000
-0.009640,0.472000,0.040000
-0.009600,0.464000,0.040000
-0.009560,0.464000,0.040000
-0.009520,0.456000,0.048000
-0.009480,0.448000,0.048000
-0.009440,0.448000,0.056000
-0.009400,0.440000,0.056000
-0.009360,0.448000,0.064000
-0.009320,0.432000,0.056000
-0.009280,0.416000,0.056000
-0.009240,0.408000,0.064000
-0.009200,0.400000,0.064000
-0.009160,0.392000,0.064000
-0.009120,0.384000,0.064000
-0.009080,0.368000,0.072000
-0.009040,0.360000,0.072000
-0.009000,0.352000,0.072000
-0.008960,0.336000,0.072000
-0.008920,0.320000,0.080000
-0.008880,0.312000,0.080000
-0.008840,0.296000,0.072000
-0.008800,0.280000,0.080000
-0.008760,0.264000,0.080000
-0.008720,0.248000,0.080000
-0.008680,0.240000,0.088000
-0.008640,0.216000,0.080000
-0.008600,0.200000,0.080000
-0.008560,0.192000,0.080000
-0.008520,0.176000,0.080000
-0.008480,0.152000,0.080000
-0.008440,0.144000,0.080000
-0.008400,0.120000,0.080000
-0.008360,0.104000,0.080000
-0.008320,0.088000,0.080000
-0.008280,0.072000,0.080000
-0.008240,0.048000,0.072000
-0.008200,0.032000,0.080000
-0.008160,0.016000,0.072000
-0.008120,0.000000,0.072000
-0.008080,-0.024000,0.072000
-0.008040,-0.032000,0.072000
-0.008000,-0.048000,0.072000
-0.007960,-0.072000,0.072000
-0.007920,-0.088000,0.072000
-0.007880,-0.104000,0.072000
-0.007840,-0.128000,0.064000
-0.007800,-0.144000,0.064000
-0.007760,-0.160000,0.064000
-0.007720,-0.176000,0.064000
-0.007680,-0.192000,0.056000
-0.007640,-0.208000,0.056000
-0.007600,-0.224000,0.056000
-0.007560,-0.240000,0.048000
-0.007520,-0.256000,0.048000
-0.007480,-0.272000,0.048000
-0.007440,-0.280000,0.040000
-0.007400,-0.296000,0.040000
-0.007360,-0.304000,0.040000
-0.007320,-0.328000,0.032000
-0.007280,-0.336000,0.032000
-0.007240,-0.352000,0.032000
-0.007200,-0.360000,0.024000
-0.007160,-0.376000,0.024000
-0.007120,-0.392000,0.016000
-0.007080,-0.392000,0.016000
-0.007040,-0.408000,0.016000
-0.007000,-0.408000,0.016000
-0.006960,-0.424000,0.008000
-0.006920,-0.432000,0.008000
-0.006880,-0.432000,0.008000
-0.006840,-0.440000,0.000000
-0.006800,-0.448000,0.000000
-0.006760,-0.448000,0.000000
-0.006720,-0.456000,-0.008000
-0.006680,-0.464000,-0.008000
-0.006640,-0.464000,-0.008000
-0.006600,-0.464000,-0.016000
-0.006560,-0.464000,-0.016000
-0.006520,-0.464000,-0.024000
-0.006480,-0.472000,-0.024000
-0.006440,-0.472000,-0.032000
-0.006400,-0.464000,-0.032000
-0.006360,-0.464000,-0.040000
-0.006320,-0.464000,-0.032000
-0.006280,-0.464000,-0.040000
-0.006240,-0.464000,-0.040000
-0.006200,-0.456000,-0.040000
-0.006160,-0.448000,-0.048000
-0.006120,-0.448000,-0.048000
-0.006080,-0.432000,-0.048000
-0.006040,-0.432000,-0.048000
-0.006000,-0.424000,-0.056000
-0.005960,-0.416000,-0.056000
-0.005920,-0.408000,-0.064000
-0.005880,-0.400000,-0.064000
-0.005840,-0.392000,-0.064000
-0.005800,-0.384000,-0.064000
-0.005760,-0.368000,-0.064000
-0.005720,-0.360000,-0.072000
-0.005680,-0.352000,-0.072000
-0.005640,-0.336000,-0.072000
-0.005600,-0.320000,-0.072000
-0.005560,-0.312000,-0.072000
-0.005520,-0.296000,-0.072000
-0.005480,-0.280000,-0.080000
-0.005440,-0.264000,-0.080000
-0.005400,-0.256000,-0.080000
-0.005360,-0.240000,-0.072000
-0.005320,-0.224000,-0.080000
-0.005280,-0.208000,-0.080000
-0.005240,-0.192000,-0.080000
-0.005200,-0.168000,-0.080000
-0.005160,-0.160000,-0.080000
-0.005120,-0.136000,-0.080000
-0.005080,-0.120000,-0.080000
-0.005040,-0.104000,-0.080000
-0.005000,-0.088000,-0.080000
-0.004960,-0.072000,-0.080000
-0.004920,-0.048000,-0.072000
-0.004880,-0.032000,-0.080000
-0.004840,-0.016000,-0.080000
-0.004800,0.000000,-0.080000
-0.004760,0.024000,-0.072000
-0.004720,0.032000,-0.080000
-0.004680,0.056000,-0.072000
-0.004640,0.072000,-0.072000
-0.004600,0.088000,-0.072000
-0.004560,0.104000,-0.064000
-0.004520,0.120000,-0.064000
-0.004480,0.144000,-0.064000
-0.004440,0.160000,-0.064000
-0.004400,0.176000,-0.056000
-0.004360,0.192000,-0.056000
-0.004320,0.216000,-0.056000
-0.004280,0.224000,-0.056000
-0.004240,0.240000,-0.056000
-0.004200,0.256000,-0.048000
-0.004160,0.272000,-0.048000
-0.004120,0.288000,-0.048000
-0.004080,0.296000,-0.040000
-0.004040,0.312000,-0.040000
-0.004000,0.328000,-0.040000
-0.003960,0.336000,-0.032000
-0.003920,0.352000,-0.032000
-0.003880,0.368000,-0.032000
-0.003840,0.368000,-0.032000
-0.003800,0.384000,-0.024000
-0.003760,0.392000,-0.032000
-0.003720,0.408000,-0.016000
-0.003680,0.408000,-0.016000
-0.003640,0.424000,-0.008000
-0.003600,0.432000,-0.008000
-0.003560,0.432000,-0.008000
-0.003520,0.448000,0.000000
-0.003480,0.448000,0.000000
-0.003440,0.448000,0.008000
-0.003400,0.456000,0.008000
-0.003360,0.464000,0.008000
-0.003320,0.464000,0.016000
-0.003280,0.472000,0.016000
-0.003240,0.472000,0.016000
-0.003200,0.472000,0.024000
-0.003160,0.472000,0.024000
-0.003120,0.472000,0.032000
-0.003080,0.472000,0.032000
-0.003040,0.472000,0.032000
-0.003000,0.472000,0.040000
-0.002960,0.464000,0.040000
-0.002920,0.464000,0.048000
-0.002880,0.464000,0.048000
-0.002840,0.456000,0.048000
-0.002800,0.448000,0.048000
-0.002760,0.448000,0.056000
-0.002720,0.440000,0.056000
-0.002680,0.432000,0.056000
-0.002640,0.424000,0.056000
-0.002600,0.416000,0.056000
-0.002560,0.408000,0.064000
-0.002520,0.400000,0.064000
-0.002480,0.384000,0.064000
-0.002440,0.384000,0.064000
-0.002400,0.368000,0.072000
-0.002360,0.352000,0.072000
-0.002320,0.352000,0.072000
-0.002280,0.336000,0.072000
-0.002240,0.312000,0.072000
-0.002200,0.312000,0.080000
-0.002160,0.288000,0.080000
-0.002120,0.280000,0.080000
-0.002080,0.256000,0.080000
-0.002040,0.240000,0.080000
-0.002000,0.232000,0.080000
-0.001960,0.216000,0.080000
-0.001920,0.200000,0.080000
-0.001880,0.184000,0.088000
-0.001840,0.168000,0.080000
-0.001800,0.152000,0.080000
-0.001760,0.128000,0.080000
-0.001720,0.112000,0.080000
-0.001680,0.096000,0.080000
-0.001640,0.080000,0.080000
-0.001600,0.064000,0.080000
-0.001560,0.048000,0.080000
-0.001520,0.032000,0.072000
-0.001480,0.008000,0.080000
-0.001440,-0.008000,0.072000
-0.001400,-0.032000,0.080000
-0.001360,-0.048000,0.072000
-0.001320,-0.056000,0.072000
-0.001280,-0.080000,0.072000
-0.001240,-0.096000,0.064000
-0.001200,-0.112000,0.072000
-0.001160,-0.128000,0.064000
-0.001120,-0.144000,0.064000
-0.001080,-0.160000,0.064000
-0.001040,-0.184000,0.056000
-0.001000,-0.200000,0.064000
-0.000960,-0.216000,0.056000
-0.000920,-0.232000,0.056000
-0.000880,-0.240000,0.056000
-0.000840,-0.256000,0.048000
-0.000800,-0.280000,0.048000
-0.000760,-0.288000,0.048000
-0.000720,-0.304000,0.040000
-0.000680,-0.312000,0.040000
-0.000640,-0.328000,0.040000
-0.000600,-0.344000,0.032000
-0.000560,-0.352000,0.032000
-0.000520,-0.368000,0.024000
-0.000480,-0.376000,0.024000
-0.000440,-0.384000,0.016000
-0.000400,-0.400000,0.016000
-0.000360,-0.408000,0.016000
-0.000320,-0.416000,0.016000
-0.000280,-0.432000,0.008000
-0.000240,-0.432000,0.016000
-0.000200,-0.440000,0.000000
-0.000160,-0.448000,0.000000
-0.000120,-0.448000,0.000000
-0.000080,-0.456000,-0.008000
-0.000040,-0.464000,-0.008000
0.000000,-0.464000,-0.008000
0.000040,-0.464000,-0.016000
0.000080,-0.464000,-0.016000
0.000120,-0.464000,-0.024000
0.000160,-0.464000,-0.024000
0.000200,-0.472000,-0.024000
0.000240,-0.472000,-0.032000
0.000280,-0.464000,-0.032000
0.000320,-0.464000,-0.032000
0.000360,-0.464000,-0.040000
0.000400,-0.464000,-0.040000
0.000440,-0.456000,-0.040000
0.000480,-0.448000,-0.056000
0.000520,-0.448000,-0.048000
0.000560,-0.440000,-0.048000
0.000600,-0.440000,-0.056000
0.000640,-0.432000,-0.056000
0.000680,-0.424000,-0.056000
0.000720,-0.416000,-0.056000
0.000760,-0.408000,-0.064000
0.000800,-0.392000,-0.064000
0.000840,-0.392000,-0.064000
0.000880,-0.376000,-0.064000
0.000920,-0.368000,-0.072000
0.000960,-0.360000,-0.072000
0.001000,-0.344000,-0.072000
0.001040,-0.328000,-0.072000
0.001080,-0.320000,-0.072000
0.001120,-0.304000,-0.072000
0.001160,-0.296000,-0.072000
0.001200,-0.272000,-0.072000
0.001240,-0.264000,-0.072000
0.001280,-0.248000,-0.080000
0.001320,-0.232000,-0.080000
0.001360,-0.216000,-0.080000
0.001400,-0.200000,-0.080000
0.001440,-0.176000,-0.080000
0.001480,-0.168000,-0.080000
0.001520,-0.144000,-0.080000
0.001560,-0.136000,-0.080000
0.001600,-0.120000,-0.080000
0.001640,-0.096000,-0.080000
0.001680,-0.080000,-0.080000
0.001720,-0.064000,-0.080000
0.001760,-0.048000,-0.080000
0.001800,-0.032000,-0.080000
0.001840,-0.008000,-0.072000
0.001880,0.008000,-0.072000
0.001920,0.024000,-0.080000
0.001960,0.040000,-0.072000
0.002000,0.056000,-0.072000
0.002040,0.080000,-0.072000
0.002080,0.096000,-0.064000
0.002120,0.112000,-0.064000
0.002160,0.128000,-0.064000
0.002200,0.144000,-0.064000
0.002240,0.168000,-0.064000
0.002280,0.184000,-0.056000
0.002320,0.200000,-0.056000
0.002360,0.216000,-0.056000
0.002400,0.232000,-0.048000
0.002440,0.240000,-0.048000
0.002480,0.256000,-0.048000
0.002520,0.280000,-0.048000
0.002560,0.288000,-0.048000
0.002600,0.296000,-0.048000
0.002640,0.312000,-0.032000
0.002680,0.328000,-0.032000
0.002720,0.344000,-0.032000
0.002760,0.352000,-0.032000
0.002800,0.368000,-0.024000
0.002840,0.376000,-0.024000
0.002880,0.384000,-0.024000
0.002920,0.400000,-0.016000
0.002960,0.408000,-0.016000
0.003000,0.416000,-0.008000
0.003040,0.424000,-0.008000
0.003080,0.432000,-0.008000
0.003120,0.440000,-0.008000
0.003160,0.448000,0.000000
0.003200,0.448000,0.008000
0.003240,0.456000,0.008000
0.003280,0.464000,0.016000
0.003320,0.464000,0.008000
0.003360,0.472000,0.016000
0.003400,0.472000,0.016000
0.003440,0.472000,0.024000
0.003480,0.480000,0.024000
0.003520,0.472000,0.032000
0.003560,0.480000,0.032000
0.003600,0.480000,0.032000
0.003640,0.472000,0.040000
0.003680,0.472000,0.040000
0.003720,0.472000,0.040000
0.003760,0.464000,0.040000
0.003800,0.456000,0.048000
0.003840,0.456000,0.048000
0.003880,0.448000,0.056000
0.003920,0.448000,0.056000
0.003960,0.440000,0.056000
0.004000,0.432000,0.056000
0.004040,0.424000,0.064000
0.004080,0.416000,0.064000
0.004120,0.408000,0.064000
0.004160,0.392000,0.064000
0.004200,0.384000,0.064000
0.004240,0.376000,0.072000
0.004280,0.368000,0.072000
0.004320,0.352000,0.072000
0.004360,0.344000,0.072000
0.004400,0.328000,0.072000
0.004440,0.312000,0.080000
0.004480,0.304000,0.080000
0.004520,0.288000,0.072000
0.004560,0.272000,0.080000
0.004600,0.256000,0.080000
0.004640,0.240000,0.080000
0.004680,0.232000,0.080000
0.004720,0.216000,0.080000
0.004760,0.200000,0.080000
0.004800,0.176000,0.080000
0.004840,0.160000,0.088000
0.004880,0.144000,0.080000
0.004920,0.128000,0.080000
0.004960,0.104000,0.080000
0.005000,0.088000,0.080000
0.005040,0.072000,0.080000
0.005080,0.056000,0.080000
0.005120,0.040000,0.080000
0.005160,0.024000,0.080000
0.005200,0.000000,0.080000
0.005240,-0.016000,0.072000
0.005280,-0.032000,0.072000
0.005320,-0.048000,0.072000
0.005360,-0.064000,0.072000
0.005400,-0.080000,0.056000
0.005440,-0.096000,0.064000
0.005480,-0.120000,0.072000
0.005520,-0.136000,0.072000
0.005560,-0.152000,0.064000
0.005600,-0.168000,0.056000
0.005640,-0.184000,0.064000
0.005680,-0.200000,0.056000
0.005720,-0.216000,0.056000
0.005760,-0.232000,0.056000
0.005800,-0.248000,0.048000
0.005840,-0.264000,0.048000
0.005880,-0.280000,0.040000
0.005920,-0.296000,0.040000
0.005960,-0.312000,0.040000
0.006000,-0.320000,0.040000
0.006040,-0.328000,0.032000
0.006080,-0.352000,0.024000
0.006120,-0.360000,0.032000
0.006160,-0.368000,0.032000
0.006200,-0.376000,0.024000
0.006240,-0.392000,0.024000
0.006280,-0.408000,0.016000
0.006320,-0.408000,0.016000
0.006360,-0.416000,0.016000
0.006400,-0.424000,0.008000
0.006440,-0.432000,0.008000
0.006480,-0.440000,0.000000
0.006520,-0.448000,0.000000
0.006560,-0.448000,0.000000
0.006600,-0.456000,-0.008000
0.006640,-0.456000,-0.008000
0.006680,-0.464000,-0.016000
0.006720,-0.464000,-0.016000
0.006760,-0.464000,-0.016000
0.006800,-0.464000,-0.024000
0.006840,-0.464000,-0.024000
0.006880,-0.472000,-0.032000
0.006920,-0.464000,-0.032000
0.006960,-0.464000,-0.032000
0.007000,-0.464000,-0.040000
0.007040,-0.464000,-0.040000
0.007080,-0.464000,-0.040000
0.007120,-0.456000,-0.040000
0.007160,-0.448000,-0.040000
0.007200,-0.448000,-0.048000
0.007240,-0.440000,-0.056000
0.007280,-0.440000,-0.056000
0.007320,-0.432000,-0.056000
0.007360,-0.424000,-0.056000
0.007400,-0.416000,-0.056000
0.007440,-0.408000,-0.064000
0.007480,-0.392000,-0.064000
0.007520,-0.384000,-0.064000
0.007560,-0.376000,-0.064000
0.007600,-0.368000,-0.072000
0.007640,-0.352000,-0.072000
0.007680,-0.344000,-0.080000
0.007720,-0.328000,-0.072000
0.007760,-0.312000,-0.072000
0.007800,-0.296000,-0.072000
0.007840,-0.288000,-0.072000
0.007880,-0.272000,-0.072000
0.007920,-0.256000,-0.080000
0.007960,-0.240000,-0.072000
0.008000,-0.224000,-0.080000
0.008040,-0.216000,-0.080000
0.008080,-0.200000,-0.080000
0.008120,-0.176000,-0.080000
0.008160,-0.160000,-0.080000
0.008200,-0.144000,-0.080000
0.008240,-0.128000,-0.080000
0.008280,-0.112000,-0.080000
0.008320,-0.096000,-0.080000
0.008360,-0.080000,-0.080000
0.008400,-0.064000,-0.080000
0.008440,-0.040000,-0.080000
0.008480,-0.024000,-0.072000
0.008520,-0.008000,-0.080000
0.008560,0.016000,-0.064000
0.008600,0.032000,-0.072000
0.008640,0.048000,-0.072000
0.008680,0.064000,-0.072000
0.008720,0.088000,-0.064000
0.008760,0.104000,-0.072000
0.008800,0.112000,-0.064000
0.008840,0.136000,-0.064000
0.008880,0.152000,-0.056000
0.008920,0.168000,-0.056000
0.008960,0.184000,-0.056000
0.009000,0.208000,-0.056000
0.009040,0.216000,-0.048000
0.009080,0.240000,-0.048000
0.009120,0.248000,-0.048000
0.009160,0.264000,-0.048000
0.009200,0.280000,-0.048000
0.009240,0.296000,-0.040000
0.009280,0.312000,-0.040000
0.009320,0.320000,-0.040000
0.009360,0.336000,-0.032000
0.009400,0.344000,-0.032000
0.009440,0.360000,-0.032000
0.009480,0.368000,-0.024000
0.009520,0.376000,-0.024000
0.009560,0.392000,-0.024000
0.009600,0.400000,-0.016000
0.009640,0.408000,-0.008000
0.009680,0.416000,-0.008000
0.009720,0.424000,-0.008000
0.009760,0.440000,0.000000
0.009800,0.440000,0.000000
0.009840,0.448000,0.000000
0.009880,0.448000,0.000000
0.009920,0.456000,0.008000
0.009960,0.464000,0.016000
0.010000,0.464000,0.008000
0.010040,0.472000,0.016000
0.010080,0.472000,0.024000
0.010120,0.472000,0.016000
0.010160,0.472000,0.024000
0.010200,0.472000,0.024000
0.010240,0.472000,0.032000
0.010280,0.472000,0.040000
0.010320,0.472000,0.040000
0.010360,0.472000,0.040000
0.010400,0.464000,0.040000
0.010440,0.464000,0.048000
0.010480,0.456000,0.040000
0.010520,0.456000,0.048000
0.010560,0.448000,0.048000
0.010600,0.440000,0.048000
0.010640,0.432000,0.056000
0.010680,0.432000,0.056000
0.010720,0.424000,0.056000
0.010760,0.408000,0.056000
0.010800,0.408000,0.064000
0.010840,0.392000,0.064000
0.010880,0.384000,0.064000
0.010920,0.368000,0.072000
0.010960,0.360000,0.072000
0.011000,0.360000,0.080000
0.011040,0.336000,0.072000
0.011080,0.320000,0.072000
0.011120,0.312000,0.072000
0.011160,0.296000,0.080000
0.011200,0.280000,0.080000
0.011240,0.264000,0.080000
0.011280,0.256000,0.080000
0.011320,0.240000,0.080000
0.011360,0.224000,0.080000
0.011400,0.208000,0.080000
0.011440,0.184000,0.080000
0.011480,0.176000,0.080000
0.011520,0.152000,0.080000
0.011560,0.136000,0.080000
0.011600,0.128000,0.080000
0.011640,0.104000,0.080000
0.011680,0.088000,0.080000
0.011720,0.072000,0.080000
0.011760,0.048000,0.080000
0.011800,0.032000,0.088000
0.011840,0.016000,0.072000
0.011880,0.000000,0.072000
0.011920,-0.024000,0.080000
0.011960,-0.040000,0.072000
0.012000,-0.056000,0.072000
0.012040,-0.072000,0.072000
0.012080,-0.088000,0.072000
0.012120,-0.112000,0.072000
0.012160,-0.120000,0.064000
0.012200,-0.144000,0.064000
0.012240,-0.160000,0.064000
0.012280,-0.176000,0.064000
0.012320,-0.192000,0.056000
0.012360,-0.208000,0.056000
0.012400,-0.224000,0.056000
0.012440,-0.240000,0.048000
0.012480,-0.256000,0.056000
0.012520,-0.272000,0.048000
0.012560,-0.288000,0.048000
0.012600,-0.296000,0.040000
0.012640,-0.312000,0.040000
0.012680,-0.328000,0.040000
0.012720,-0.336000,0.032000
0.012760,-0.352000,0.032000
0.012800,-0.360000,0.032000
0.012840,-0.376000,0.024000
0.012880,-0.384000,0.024000
0.012920,-0.392000,0.016000
0.012960,-0.408000,0.016000
0.013000,-0.416000,0.016000
0.013040,-0.424000,0.008000
0.013080,-0.424000,0.008000
0.013120,-0.440000,0.008000
0.013160,-0.440000,0.000000
0.013200,-0.448000,-0.008000
0.013240,-0.448000,0.000000
0.013280,-0.456000,-0.008000
0.013320,-0.464000,-0.016000
0.013360,-0.464000,-0.008000
0.013400,-0.464000,-0.016000
0.013440,-0.472000,-0.016000
0.013480,-0.472000,-0.024000
0.013520,-0.464000,-0.032000
0.013560,-0.472000,-0.032000
0.013600,-0.472000,-0.032000
0.013640,-0.464000,-0.032000
0.013680,-0.464000,-0.040000
0.013720,-0.464000,-0.040000
0.013760,-0.456000,-0.040000
0.013800,-0.456000,-0.040000
0.013840,-0.448000,-0.048000
0.013880,-0.448000,-0.048000
0.013920,-0.440000,-0.048000
0.013960,-0.432000,-0.056000
0.014000,-0.424000,-0.056000
0.014040,-0.424000,-0.056000
0.014080,-0.408000,-0.056000
0.014120,-0.400000,-0.056000
0.014160,-0.392000,-0.064000
0.014200,-0.384000,-0.064000
0.014240,-0.368000,-0.064000
0.014280,-0.360000,-0.064000
0.014320,-0.352000,-0.072000
0.014360,-0.336000,-0.072000
0.014400,-0.320000,-0.072000
0.014440,-0.312000,-0.080000
0.014480,-0.296000,-0.072000
0.014520,-0.280000,-0.072000
0.014560,-0.264000,-0.080000
0.014600,-0.256000,-0.080000
0.014640,-0.240000,-0.080000
0.014680,-0.224000,-0.072000
0.014720,-0.200000,-0.080000
0.014760,-0.192000,-0.080000
0.014800,-0.176000,-0.080000
0.014840,-0.160000,-0.080000
0.014880,-0.136000,-0.080000
0.014920,-0.120000,-0.080000
0.014960,-0.104000,-0.080000
0.015000,-0.088000,-0.080000
0.015040,-0.072000,-0.080000
0.015080,-0.048000,-0.080000
0.015120,-0.040000,-0.080000
0.015160,-0.016000,-0.080000
0.015200,0.000000,-0.072000
0.015240,0.024000,-0.072000
0.015280,0.040000,-0.072000
0.015320,0.056000,-0.064000
0.015360,0.072000,-0.072000
0.015400,0.088000,-0.072000
0.015440,0.104000,-0.064000
0.015480,0.120000,-0.064000
0.015520,0.144000,-0.064000
0.015560,0.160000,-0.064000
0.015600,0.176000,-0.056000
0.015640,0.192000,-0.056000
0.015680,0.208000,-0.056000
0.015720,0.232000,-0.048000
0.015760,0.240000,-0.048000
0.015800,0.256000,-0.048000
0.015840,0.264000,-0.048000
0.015880,0.280000,-0.048000
0.015920,0.296000,-0.040000
0.015960,0.312000,-0.040000
0.016000,0.328000,-0.032000
0.016040,0.344000,-0.032000
0.016080,0.352000,-0.032000
0.016120,0.360000,-0.032000
0.016160,0.376000,-0.024000
0.016200,0.384000,-0.016000
0.016240,0.392000,-0.024000
0.016280,0.400000,-0.016000
0.016320,0.408000,-0.008000
0.016360,0.424000,-0.008000
0.016400,0.432000,-0.008000
0.016440,0.432000,0.000000
0.016480,0.448000,0.000000
0.016520,0.448000,0.000000
0.016560,0.456000,0.000000
0.016600,0.464000,0.016000
0.016640,0.464000,0.016000
0.016680,0.464000,0.016000
0.016720,0.472000,0.016000
0.016760,0.472000,0.024000
0.016800,0.472000,0.024000
0.016840,0.472000,0.024000
0.016880,0.472000,0.032000
0.016920,0.472000,0.032000
0.016960,0.472000,0.040000
0.017000,0.472000,0.040000
0.017040,0.472000,0.040000
0.017080,0.464000,0.048000
0.017120,0.456000,0.048000
0.017160,0.456000,0.048000
0.017200,0.448000,0.048000
0.017240,0.448000,0.056000
0.017280,0.440000,0.056000
0.017320,0.432000,0.056000
0.017360,0.424000,0.056000
0.017400,0.416000,0.056000
0.017440,0.408000,0.064000
0.017480,0.400000,0.064000
0.017520,0.392000,0.064000
0.017560,0.376000,0.072000
0.017600,0.368000,0.072000
0.017640,0.352000,0.072000
0.017680,0.344000,0.072000
0.017720,0.328000,0.072000
0.017760,0.320000,0.080000
0.017800,0.312000,0.080000
0.017840,0.288000,0.080000
0.017880,0.280000,0.080000
0.017920,0.264000,0.072000
0.017960,0.248000,0.080000
0.018000,0.232000,0.080000
0.018040,0.216000,0.080000
0.018080,0.200000,0.080000
0.018120,0.184000,0.080000
0.018160,0.168000,0.080000
0.018200,0.152000,0.080000
0.018240,0.136000,0.080000
0.018280,0.120000,0.080000
0.018320,0.104000,0.080000
0.018360,0.080000,0.080000
0.018400,0.064000,0.080000
0.018440,0.048000,0.080000
0.018480,0.024000,0.072000
0.018520,0.008000,0.080000
0.018560,-0.008000,0.080000
0.018600,-0.024000,0.072000
0.018640,-0.048000,0.072000
0.018680,-0.064000,0.072000
0.018720,-0.080000,0.072000
0.018760,-0.096000,0.072000
0.018800,-0.112000,0.072000
0.018840,-0.128000,0.064000
0.018880,-0.152000,0.064000
0.018920,-0.160000,0.064000
0.018960,-0.176000,0.056000
0.019000,-0.200000,0.056000
0.019040,-0.216000,0.056000
0.019080,-0.224000,0.048000
0.019120,-0.240000,0.056000
0.019160,-0.256000,0.048000
0.019200,-0.272000,0.048000
0.019240,-0.288000,0.040000
0.019280,-0.304000,0.040000
0.019320,-0.312000,0.040000
0.019360,-0.328000,0.032000
0.019400,-0.344000,0.032000
0.019440,-0.352000,0.032000
0.019480,-0.360000,0.024000
0.019520,-0.376000,0.024000
0.019560,-0.392000,0.024000
0.019600,-0.400000,0.024000
0.019640,-0.408000,0.016000
0.019680,-0.416000,0.016000
0.019720,-0.424000,0.008000
0.019760,-0.432000,0.008000
0.019800,-0.440000,0.008000
0.019840,-0.440000,0.000000
0.019880,-0.448000,0.000000
0.019920,-0.448000,-0.008000
0.019960,-0.456000,-0.016000
0.020000,-0.464000,-0.008000
0.020040,-0.464000,-0.016000
0.020080,-0.464000,-0.016000
0.020120,-0.472000,-0.024000
0.020160,-0.464000,-0.024000
0.020200,-0.472000,-0.024000
0.020240,-0.472000,-0.032000
0.020280,-0.464000,-0.032000
0.020320,-0.464000,-0.040000
0.020360,-0.464000,-0.040000
0.020400,-0.464000,-0.040000
0.020440,-0.456000,-0.048000
0.020480,-0.456000,-0.048000
0.020520,-0.448000,-0.048000
0.020560,-0.440000,-0.048000
0.020600,-0.440000,-0.048000
0.020640,-0.432000,-0.056000
0.020680,-0.424000,-0.048000
0.020720,-0.416000,-0.064000
0.020760,-0.408000,-0.064000
0.020800,-0.400000,-0.056000
0.020840,-0.384000,-0.064000
0.020880,-0.376000,-0.064000
0.020920,-0.368000,-0.064000
0.020960,-0.352000,-0.064000
0.021000,-0.344000,-0.072000
0.021040,-0.328000,-0.072000
0.021080,-0.320000,-0.080000
0.021120,-0.304000,-0.072000
0.021160,-0.296000,-0.072000
0.021200,-0.272000,-0.080000
0.021240,-0.264000,-0.080000
0.021280,-0.248000,-0.080000
0.021320,-0.232000,-0.080000
0.021360,-0.216000,-0.080000
0.021400,-0.200000,-0.080000
0.021440,-0.184000,-0.080000
0.021480,-0.160000,-0.080000
0.021520,-0.152000,-0.080000
0.021560,-0.136000,-0.080000
0.021600,-0.120000,-0.080000
0.021640,-0.096000,-0.080000
0.021680,-0.080000,-0.072000
0.021720,-0.064000,-0.080000
0.021760,-0.048000,-0.080000
0.021800,-0.032000,-0.072000
0.021840,-0.008000,-0.072000
0.021880,0.008000,-0.080000
0.021920,0.024000,-0.072000
0.021960,0.040000,-0.072000
0.022000,0.056000,-0.072000
0.022040,0.088000,-0.064000
0.022080,0.096000,-0.064000
0.022120,0.112000,-0.064000
0.022160,0.128000,-0.064000
0.022200,0.152000,-0.056000
0.022240,0.160000,-0.064000
0.022280,0.184000,-0.056000
0.022320,0.200000,-0.056000
0.022360,0.216000,-0.056000
0.022400,0.232000,-0.048000
0.022440,0.240000,-0.048000
0.022480,0.264000,-0.048000
0.022520,0.280000,-0.048000
0.022560,0.288000,-0.040000
0.022600,0.304000,-0.040000
0.022640,0.312000,-0.040000
0.022680,0.336000,-0.040000
0.022720,0.344000,-0.032000
0.022760,0.360000,-0.032000
0.022800,0.368000,-0.032000
0.022840,0.376000,-0.024000
0.022880,0.384000,-0.024000
0.022920,0.392000,-0.016000
0.022960,0.408000,-0.024000
0.023000,0.416000,-0.016000
0.023040,0.424000,-0.008000
0.023080,0.432000,-0.008000
0.023120,0.440000,0.000000
0.023160,0.448000,0.000000
0.023200,0.448000,0.008000
0.023240,0.456000,0.008000
0.023280,0.464000,0.008000
0.023320,0.464000,0.016000
0.023360,0.464000,0.016000
0.023400,0.464000,0.016000
0.023440,0.472000,0.016000
0.023480,0.472000,0.024000
0.023520,0.480000,0.032000
0.023560,0.472000,0.032000
0.023600,0.472000,0.032000
0.023640,0.472000,0.040000
0.023680,0.472000,0.040000
0.023720,0.464000,0.040000
0.023760,0.464000,0.040000
0.023800,0.456000,0.048000
0.023840,0.456000,0.048000
0.023880,0.448000,0.056000
0.023920,0.448000,0.048000
0.023960,0.440000,0.056000
0.024000,0.432000,0.056000
0.024040,0.424000,0.056000
0.024080,0.416000,0.056000
0.024120,0.408000,0.064000
0.024160,0.392000,0.064000
0.024200,0.384000,0.064000
0.024240,0.376000,0.072000
0.024280,0.360000,0.072000
0.024320,0.352000,0.072000
0.024360,0.336000,0.072000
0.024400,0.328000,0.080000
0.024440,0.312000,0.072000
0.024480,0.304000,0.072000
0.024520,0.288000,0.080000
0.024560,0.272000,0.080000
0.024600,0.256000,0.080000
0.024640,0.248000,0.080000
0.024680,0.224000,0.080000
0.024720,0.216000,0.080000
0.024760,0.192000,0.080000
0.024800,0.176000,0.080000
0.024840,0.160000,0.080000
0.024880,0.144000,0.080000
0.024920,0.128000,0.080000
0.024960,0.104000,0.080000
0.025000,0.096000,0.080000
0.025040,0.072000,0.080000
0.025080,0.056000,0.072000
0.025120,0.040000,0.080000
0.025160,0.024000,0.080000
0.025200,0.000000,0.080000
0.025240,-0.008000,0.080000
0.025280,-0.032000,0.072000
0.025320,-0.048000,0.072000
0.025360,-0.072000,0.072000
0.025400,-0.088000,0.064000
0.025440,-0.104000,0.064000
0.025480,-0.120000,0.072000
0.025520,-0.136000,0.064000
0.025560,-0.152000,0.064000
0.025600,-0.168000,0.064000
0.025640,-0.184000,0.056000
0.025680,-0.200000,0.056000
0.025720,-0.224000,0.056000
0.025760,-0.232000,0.056000
0.025800,-0.248000,0.048000
0.025840,-0.264000,0.056000
0.025880,-0.272000,0.048000
0.025920,-0.296000,0.040000
0.025960,-0.304000,0.040000
0.026000,-0.320000,0.040000
0.026040,-0.336000,0.040000
0.026080,-0.352000,0.032000
0.026120,-0.360000,0.024000
0.026160,-0.368000,0.024000
0.026200,-0.376000,0.024000
0.026240,-0.392000,0.016000
0.026280,-0.400000,0.016000
0.026320,-0.408000,0.008000
0.026360,-0.416000,0.016000
0.026400,-0.424000,0.008000
0.026440,-0.432000,0.008000
0.026480,-0.440000,0.000000
0.026520,-0.440000,0.000000
0.026560,-0.448000,-0.008000
0.026600,-0.456000,-0.008000
0.026640,-0.456000,-0.008000
0.026680,-0.464000,-0.016000
0.026720,-0.464000,-0.016000
0.026760,-0.464000,-0.016000
0.026800,-0.472000,-0.024000
0.026840,-0.472000,-0.024000
0.026880,-0.472000,-0.032000
0.026920,-0.464000,-0.032000
0.026960,-0.472000,-0.032000
0.027000,-0.464000,-0.032000
0.027040,-0.464000,-0.040000
0.027080,-0.456000,-0.040000
0.027120,-0.456000,-0.048000
0.027160,-0.456000,-0.048000
0.027200,-0.448000,-0.048000
0.027240,-0.440000,-0.048000
0.027280,-0.440000,-0.048000
0.027320,-0.432000,-0.056000
0.027360,-0.424000,-0.056000
0.027400,-0.416000,-0.056000
0.027440,-0.408000,-0.064000
0.027480,-0.392000,-0.064000
0.027520,-0.384000,-0.064000
0.027560,-0.376000,-0.064000
0.027600,-0.360000,-0.072000
0.027640,-0.352000,-0.064000
0.027680,-0.344000,-0.072000
0.027720,-0.328000,-0.072000
0.027760,-0.312000,-0.072000
0.027800,-0.296000,-0.072000
0.027840,-0.288000,-0.080000
0.027880,-0.272000,-0.072000
0.027920,-0.256000,-0.072000
0.027960,-0.240000,-0.080000
0.028000,-0.232000,-0.080000
0.028040,-0.208000,-0.080000
0.028080,-0.192000,-0.080000
0.028120,-0.176000,-0.080000
0.028160,-0.160000,-0.080000
0.028200,-0.152000,-0.080000
0.028240,-0.128000,-0.080000
0.028280,-0.104000,-0.080000
0.028320,-0.088000,-0.080000
0.028360,-0.072000,-0.080000
0.028400,-0.056000,-0.080000
0.028440,-0.040000,-0.080000
0.028480,-0.024000,-0.080000
0.028520,-0.008000,-0.080000
0.028560,0.008000,-0.072000
0.028600,0.032000,-0.072000
0.028640,0.048000,-0.072000
0.028680,0.064000,-0.072000
0.028720,0.088000,-0.064000
0.028760,0.096000,-0.064000
0.028800,0.112000,-0.064000
0.028840,0.136000,-0.064000
0.028880,0.152000,-0.064000
0.028920,0.168000,-0.056000
0.028960,0.184000,-0.064000
0.029000,0.208000,-0.056000
0.029040,0.224000,-0.056000
0.029080,0.240000,-0.048000
0.029120,0.248000,-0.048000
0.029160,0.264000,-0.048000
0.029200,0.280000,-0.048000
0.029240,0.296000,-0.040000
0.029280,0.312000,-0.040000
0.029320,0.320000,-0.040000
0.029360,0.336000,-0.032000
0.029400,0.344000,-0.032000
0.029440,0.360000,-0.032000
0.029480,0.376000,-0.024000
0.029520,0.376000,-0.024000
0.029560,0.392000,-0.024000
0.029600,0.400000,-0.016000
0.029640,0.416000,-0.016000
0.029680,0.424000,-0.008000
0.029720,0.432000,-0.008000
0.029760,0.432000,-0.008000
0.029800,0.448000,0.000000
0.029840,0.448000,0.000000
0.029880,0.456000,0.008000
0.029920,0.464000,0.008000
0.029960,0.464000,0.016000
0.030000,0.464000,0.016000
0.030040,0.464000,0.016000
0.030080,0.472000,0.024000
0.030120,0.472000,0.016000
0.030160,0.480000,0.032000
0.030200,0.472000,0.032000
0.030240,0.472000,0.032000
0.030280,0.472000,0.032000
0.030320,0.472000,0.040000
0.030360,0.464000,0.040000
0.030400,0.464000,0.040000
0.030440,0.464000,0.040000
0.030480,0.456000,0.040000
0.030520,0.456000,0.048000
0.030560,0.448000,0.048000
0.030600,0.448000,0.056000
0.030640,0.432000,0.056000
0.030680,0.432000,0.064000
0.030720,0.416000,0.056000
0.030760,0.416000,0.056000
0.030800,0.408000,0.064000
0.030840,0.392000,0.064000
0.030880,0.384000,0.064000
0.030920,0.368000,0.072000
0.030960,0.360000,0.072000
0.031000,0.352000,0.072000
0.031040,0.336000,0.072000
0.031080,0.328000,0.072000
0.031120,0.312000,0.080000
0.031160,0.296000,0.080000
0.031200,0.280000,0.080000
0.031240,0.264000,0.080000
0.031280,0.248000,0.080000
0.031320,0.240000,0.080000
0.031360,0.216000,0.088000
0.031400,0.208000,0.080000
0.031440,0.192000,0.080000
0.031480,0.176000,0.088000
0.031520,0.160000,0.080000
0.031560,0.136000,0.080000
0.031600,0.120000,0.080000
0.031640,0.104000,0.080000
0.031680,0.088000,0.080000
0.031720,0.072000,0.080000
0.031760,0.048000,0.080000
0.031800,0.032000,0.080000
0.031840,0.016000,0.072000
0.031880,-0.008000,0.072000
0.031920,-0.024000,0.072000
0.031960,-0.040000,0.080000
0.032000,-0.056000,0.072000
0.032040,-0.072000,0.080000
0.032080,-0.088000,0.072000
0.032120,-0.112000,0.064000
0.032160,-0.128000,0.064000
0.032200,-0.144000,0.064000
0.032240,-0.160000,0.064000
0.032280,-0.176000,0.064000
0.032320,-0.192000,0.056000
0.032360,-0.208000,0.056000
0.032400,-0.224000,0.056000
0.032440,-0.240000,0.056000
0.032480,-0.256000,0.048000
0.032520,-0.272000,0.040000
0.032560,-0.288000,0.040000
0.032600,-0.296000,0.040000
0.032640,-0.312000,0.040000
0.032680,-0.328000,0.032000
0.032720,-0.336000,0.032000
0.032760,-0.352000,0.032000
0.032800,-0.368000,0.032000
0.032840,-0.376000,0.024000
0.032880,-0.384000,0.024000
0.032920,-0.392000,0.024000
0.032960,-0.400000,0.016000
0.033000,-0.408000,0.016000
0.033040,-0.424000,0.008000
0.033080,-0.432000,0.000000
0.033120,-0.440000,0.000000
0.033160,-0.440000,0.000000
0.033200,-0.448000,0.000000
0.033240,-0.448000,0.000000
0.033280,-0.456000,-0.008000
0.033320,-0.464000,-0.008000
0.033360,-0.464000,-0.008000
0.033400,-0.464000,-0.008000
0.033440,-0.464000,-0.024000
0.033480,-0.464000,-0.024000
0.033520,-0.464000,-0.032000
0.033560,-0.464000,-0.032000
0.033600,-0.464000,-0.032000
0.033640,-0.464000,-0.032000
0.033680,-0.464000,-0.032000
0.033720,-0.464000,-0.040000
0.033760,-0.456000,-0.040000
0.033800,-0.456000,-0.040000
0.033840,-0.448000,-0.048000
0.033880,-0.448000,-0.048000
0.033920,-0.440000,-0.048000
0.033960,-0.432000,-0.056000
0.034000,-0.424000,-0.056000
0.034040,-0.424000,-0.056000
0.034080,-0.408000,-0.056000
0.034120,-0.400000,-0.056000
0.034160,-0.392000,-0.064000
0.034200,-0.384000,-0.056000
0.034240,-0.368000,-0.064000
0.034280,-0.360000,-0.072000
0.034320,-0.344000,-0.064000
0.034360,-0.336000,-0.072000
0.034400,-0.320000,-0.072000
0.034440,-0.312000,-0.072000
0.034480,-0.296000,-0.080000
0.034520,-0.280000,-0.080000
0.034560,-0.264000,-0.080000
0.034600,-0.256000,-0.080000
0.034640,-0.232000,-0.080000
0.034680,-0.224000,-0.080000
0.034720,-0.208000,-0.080000
0.034760,-0.184000,-0.080000
0.034800,-0.176000,-0.080000
0.034840,-0.160000,-0.080000
0.034880,-0.144000,-0.080000
0.034920,-0.120000,-0.080000
0.034960,-0.104000,-0.080000
0.035000,-0.088000,-0.080000
0.035040,-0.064000,-0.080000
0.035080,-0.048000,-0.080000
0.035120,-0.032000,-0.080000
0.035160,-0.016000,-0.072000
0.035200,0.008000,-0.072000
0.035240,0.016000,-0.072000
0.035280,0.032000,-0.072000
0.035320,0.048000,-0.072000
0.035360,0.064000,-0.072000
0.035400,0.088000,-0.064000
0.035440,0.104000,-0.072000
0.035480,0.128000,-0.064000
0.035520,0.144000,-0.064000
0.035560,0.160000,-0.064000
0.035600,0.176000,-0.056000
0.035640,0.200000,-0.056000
0.035680,0.208000,-0.056000
0.035720,0.224000,-0.056000
0.035760,0.240000,-0.056000
0.035800,0.256000,-0.048000
0.035840,0.272000,-0.048000
0.035880,0.280000,-0.040000
0.035920,0.296000,-0.040000
0.035960,0.312000,-0.040000
0.036000,0.328000,-0.040000
0.036040,0.336000,-0.032000
0.036080,0.352000,-0.032000
0.036120,0.360000,-0.032000
0.036160,0.376000,-0.024000
0.036200,0.384000,-0.024000
0.036240,0.392000,-0.016000
0.036280,0.392000,-0.008000
0.036320,0.408000,-0.016000
0.036360,0.416000,-0.008000
0.036400,0.432000,-0.008000
0.036440,0.432000,-0.008000
0.036480,0.448000,0.000000
0.036520,0.448000,0.000000
0.036560,0.456000,0.008000
0.036600,0.456000,0.008000
0.036640,0.464000,0.016000
0.036680,0.472000,0.016000
0.036720,0.472000,0.016000
0.036760,0.472000,0.024000
0.036800,0.472000,0.024000
0.036840,0.472000,0.024000
0.036880,0.472000,0.024000
0.036920,0.472000,0.032000
0.036960,0.472000,0.032000
0.037000,0.472000,0.040000
0.037040,0.464000,0.040000
0.037080,0.464000,0.040000
0.037120,0.456000,0.048000
0.037160,0.464000,0.048000
0.037200,0.448000,0.048000
0.037240,0.448000,0.048000
0.037280,0.440000,0.056000
0.037320,0.432000,0.056000
0.037360,0.424000,0.064000
0.037400,0.416000,0.056000
0.037440,0.408000,0.064000
0.037480,0.392000,0.064000
0.037520,0.384000,0.064000
0.037560,0.376000,0.072000
0.037600,0.368000,0.072000
0.037640,0.360000,0.072000
0.037680,0.344000,0.072000
0.037720,0.336000,0.080000
0.037760,0.320000,0.080000
0.037800,0.304000,0.080000
0.037840,0.288000,0.080000
0.037880,0.280000,0.072000
0.037920,0.264000,0.072000
0.037960,0.248000,0.080000
0.038000,0.232000,0.080000
0.038040,0.216000,0.080000
0.038080,0.208000,0.080000
0.038120,0.184000,0.080000
0.038160,0.168000,0.080000
0.038200,0.152000,0.080000
0.038240,0.128000,0.080000
0.038280,0.120000,0.080000
0.038320,0.096000,0.080000
0.038360,0.080000,0.080000
0.038400,0.064000,0.080000
0.038440,0.048000,0.080000
0.038480,0.032000,0.080000
0.038520,0.008000,0.080000
0.038560,-0.008000,0.080000
0.038600,-0.032000,0.080000
0.038640,-0.048000,0.072000
0.038680,-0.064000,0.072000
0.038720,-0.088000,0.072000
0.038760,-0.096000,0.072000
0.038800,-0.112000,0.064000
0.038840,-0.128000,0.072000
0.038880,-0.152000,0.056000
0.038920,-0.168000,0.056000
0.038960,-0.184000,0.056000
0.039000,-0.200000,0.056000
0.039040,-0.216000,0.048000
0.039080,-0.232000,0.056000
0.039120,-0.240000,0.048000
0.039160,-0.256000,0.048000
0.039200,-0.272000,0.048000
0.039240,-0.288000,0.040000
0.039280,-0.296000,0.040000
0.039320,-0.312000,0.040000
0.039360,-0.336000,0.040000
0.039400,-0.344000,0.032000
0.039440,-0.360000,0.032000
0.039480,-0.368000,0.024000
0.039520,-0.376000,0.024000
0.039560,-0.392000,0.016000
0.039600,-0.400000,0.016000
0.039640,-0.408000,0.016000
0.039680,-0.416000,0.016000
0.039720,-0.424000,0.008000
0.039760,-0.432000,0.008000
0.039800,-0.440000,0.000000
0.039840,-0.440000,0.000000
0.039880,-0.448000,-0.008000
0.039920,-0.456000,-0.008000
0.039960,-0.456000,-0.008000
0.040000,-0.464000,-0.008000
0.040040,-0.464000,-0.016000
0.040080,-0.464000,-0.016000
0.040120,-0.464000,-0.016000
0.040160,-0.472000,-0.024000
0.040200,-0.464000,-0.024000
0.040240,-0.472000,-0.032000
0.040280,-0.464000,-0.032000
0.040320,-0.464000,-0.040000
0.040360,-0.464000,-0.040000
0.040400,-0.464000,-0.040000
0.040440,-0.464000,-0.040000
0.040480,-0.456000,-0.040000
0.040520,-0.440000,-0.048000
0.040560,-0.448000,-0.048000
0.040600,-0.440000,-0.048000
0.040640,-0.432000,-0.056000
0.040680,-0.424000,-0.056000
0.040720,-0.416000,-0.056000
0.040760,-0.408000,-0.056000
0.040800,-0.400000,-0.064000
0.040840,-0.392000,-0.064000
0.040880,-0.376000,-0.064000
0.040920,-0.368000,-0.064000
0.040960,-0.360000,-0.064000
0.041000,-0.344000,-0.072000
0.041040,-0.328000,-0.072000
0.041080,-0.320000,-0.080000
0.041120,-0.304000,-0.072000
0.041160,-0.296000,-0.072000
0.041200,-0.280000,-0.080000
0.041240,-0.264000,-0.080000
0.041280,-0.248000,-0.080000
0.041320,-0.232000,-0.080000
0.041360,-0.216000,-0.080000
0.041400,-0.200000,-0.080000
0.041440,-0.184000,-0.080000
0.041480,-0.160000,-0.080000
0.041520,-0.152000,-0.080000
0.041560,-0.136000,-0.080000
0.041600,-0.120000,-0.080000
0.041640,-0.096000,-0.080000
0.041680,-0.080000,-0.080000
0.041720,-0.064000,-0.080000
0.041760,-0.040000,-0.080000
0.041800,-0.024000,-0.080000
0.041840,-0.008000,-0.072000
0.041880,0.008000,-0.080000
0.041920,0.024000,-0.080000
0.041960,0.040000,-0.072000
0.042000,0.064000,-0.072000
0.042040,0.080000,-0.064000
0.042080,0.096000,-0.064000
0.042120,0.112000,-0.064000
0.042160,0.128000,-0.064000
0.042200,0.152000,-0.064000
0.042240,0.168000,-0.064000
0.042280,0.184000,-0.056000
0.042320,0.200000,-0.056000
0.042360,0.216000,-0.056000
0.042400,0.232000,-0.056000
0.042440,0.240000,-0.048000
0.042480,0.256000,-0.040000
0.042520,0.272000,-0.048000
0.042560,0.288000,-0.040000
0.042600,0.304000,-0.040000
0.042640,0.312000,-0.032000
0.042680,0.328000,-0.040000
0.042720,0.344000,-0.032000
0.042760,0.352000,-0.032000
0.042800,0.368000,-0.024000
0.042840,0.376000,-0.024000
0.042880,0.392000,-0.016000
0.042920,0.392000,-0.024000
0.042960,0.408000,-0.016000
0.043000,0.416000,-0.016000
0.043040,0.424000,-0.008000
0.043080,0.432000,-0.008000
0.043120,0.440000,0.000000
0.043160,0.448000,0.000000
0.043200,0.448000,0.000000
0.043240,0.448000,0.008000
0.043280,0.456000,0.008000
0.043320,0.456000,0.016000
0.043360,0.472000,0.016000
0.043400,0.464000,0.016000
0.043440,0.472000,0.024000
0.043480,0.472000,0.024000
0.043520,0.472000,0.032000
0.043560,0.472000,0.032000
0.043600,0.472000,0.032000
0.043640,0.472000,0.032000
0.043680,0.472000,0.040000
0.043720,0.464000,0.040000
0.043760,0.464000,0.040000
0.043800,0.456000,0.040000
0.043840,0.448000,0.048000
0.043880,0.448000,0.056000
0.043920,0.448000,0.056000
0.043960,0.440000,0.056000
0.044000,0.432000,0.056000
0.044040,0.424000,0.056000
0.044080,0.408000,0.064000
0.044120,0.408000,0.064000
0.044160,0.392000,0.064000
0.044200,0.384000,0.064000
0.044240,0.376000,0.064000
0.044280,0.368000,0.072000
0.044320,0.352000,0.072000
0.044360,0.336000,0.080000
0.044400,0.328000,0.072000
0.044440,0.312000,0.080000
0.044480,0.296000,0.072000
0.044520,0.288000,0.080000
0.044560,0.272000,0.080000
0.044600,0.256000,0.080000
0.044640,0.240000,0.080000
0.044680,0.224000,0.080000
0.044720,0.216000,0.080000
0.044760,0.192000,0.080000
0.044800,0.184000,0.080000
0.044840,0.168000,0.080000
0.044880,0.144000,0.080000
0.044920,0.128000,0.080000
0.044960,0.104000,0.080000
0.045000,0.088000,0.080000
0.045040,0.072000,0.072000
0.045080,0.056000,0.080000
0.045120,0.040000,0.080000
0.045160,0.016000,0.072000
0.045200,0.000000,0.072000
0.045240,-0.016000,0.072000
0.045280,-0.032000,0.080000
0.045320,-0.048000,0.072000
0.045360,-0.064000,0.072000
0.045400,-0.088000,0.072000
0.045440,-0.104000,0.072000
0.045480,-0.120000,0.072000
0.045520,-0.144000,0.064000
0.045560,-0.160000,0.064000
0.045600,-0.168000,0.064000
0.045640,-0.184000,0.064000
0.045680,-0.200000,0.056000
0.045720,-0.216000,0.056000
0.045760,-0.232000,0.056000
0.045800,-0.248000,0.048000
0.045840,-0.264000,0.048000
0.045880,-0.280000,0.048000
0.045920,-0.296000,0.040000
0.045960,-0.304000,0.040000
0.046000,-0.320000,0.040000
0.046040,-0.336000,0.040000
0.046080,-0.344000,0.032000
0.046120,-0.352000,0.032000
0.046160,-0.368000,0.024000
0.046200,-0.376000,0.024000
0.046240,-0.392000,0.024000
0.046280,-0.400000,0.016000
0.046320,-0.408000,0.016000
0.046360,-0.424000,0.016000
0.046400,-0.432000,0.008000
0.046440,-0.432000,0.008000
0.046480,-0.440000,0.000000
0.046520,-0.448000,0.000000
0.046560,-0.448000,0.000000
0.046600,-0.456000,-0.008000
0.046640,-0.456000,-0.008000
0.046680,-0.464000,-0.008000
0.046720,-0.464000,-0.016000
0.046760,-0.464000,-0.024000
0.046800,-0.472000,-0.024000
0.046840,-0.472000,-0.024000
0.046880,-0.472000,-0.024000
0.046920,-0.464000,-0.032000
0.046960,-0.464000,-0.032000
0.047000,-0.464000,-0.040000
0.047040,-0.464000,-0.040000
0.047080,-0.456000,-0.040000
0.047120,-0.456000,-0.048000
0.047160,-0.448000,-0.048000
0.047200,-0.448000,-0.048000
0.047240,-0.440000,-0.048000
0.047280,-0.432000,-0.056000
0.047320,-0.432000,-0.056000
0.047360,-0.424000,-0.056000
0.047400,-0.416000,-0.056000
0.047440,-0.408000,-0.056000
0.047480,-0.392000,-0.064000
0.047520,-0.384000,-0.064000
0.047560,-0.368000,-0.072000
0.047600,-0.360000,-0.072000
0.047640,-0.352000,-0.064000
0.047680,-0.336000,-0.072000
0.047720,-0.328000,-0.072000
0.047760,-0.312000,-0.072000
0.047800,-0.296000,-0.072000
0.047840,-0.288000,-0.080000
0.047880,-0.272000,-0.080000
0.047920,-0.256000,-0.072000
0.047960,-0.240000,-0.080000
0.048000,-0.224000,-0.080000
0.048040,-0.208000,-0.080000
0.048080,-0.192000,-0.080000
0.048120,-0.176000,-0.080000
0.048160,-0.160000,-0.080000
0.048200,-0.144000,-0.080000
0.048240,-0.128000,-0.080000
0.048280,-0.112000,-0.080000
0.048320,-0.088000,-0.080000
0.048360,-0.072000,-0.080000
0.048400,-0.064000,-0.080000
0.048440,-0.040000,-0.080000
0.048480,-0.024000,-0.072000
0.048520,-0.008000,-0.072000
0.048560,0.008000,-0.072000
0.048600,0.032000,-0.072000
0.048640,0.048000,-0.072000
0.048680,0.064000,-0.072000
0.048720,0.088000,-0.064000
0.048760,0.104000,-0.064000
0.048800,0.120000,-0.064000
0.048840,0.144000,-0.064000
0.048880,0.160000,-0.056000
0.048920,0.176000,-0.064000
0.048960,0.192000,-0.056000
0.049000,0.200000,-0.056000
0.049040,0.224000,-0.048000
0.049080,0.240000,-0.048000
0.049120,0.248000,-0.048000
0.049160,0.264000,-0.048000
0.049200,0.280000,-0.048000
0.049240,0.296000,-0.040000
0.049280,0.312000,-0.040000
0.049320,0.320000,-0.032000
0.049360,0.336000,-0.032000
0.049400,0.352000,-0.032000
0.049440,0.360000,-0.032000
0.049480,0.368000,-0.024000
0.049520,0.376000,-0.024000
0.049560,0.392000,-0.016000
0.049600,0.400000,-0.016000
0.049640,0.408000,-0.016000
0.049680,0.424000,-0.016000
0.049720,0.432000,-0.008000
0.049760,0.432000,0.000000
0.049800,0.440000,0.000000
0.049840,0.448000,0.000000
0.049880,0.448000,0.000000
0.049920,0.464000,0.008000
0.049960,0.464000,0.016000
0.050000,0.464000,0.016000
0.050040,0.464000,0.016000
0.050080,0.472000,0.016000
0.050120,0.472000,0.024000
0.050160,0.472000,0.024000
0.050200,0.472000,0.024000
0.050240,0.472000,0.032000
0.050280,0.472000,0.032000
0.050320,0.464000,0.032000
0.050360,0.472000,0.040000
0.050400,0.464000,0.040000
0.050440,0.464000,0.048000
0.050480,0.456000,0.048000
0.050520,0.448000,0.048000
0.050560,0.448000,0.056000
0.050600,0.440000,0.056000
0.050640,0.432000,0.056000
0.050680,0.432000,0.064000
0.050720,0.416000,0.064000
0.050760,0.408000,0.056000
0.050800,0.400000,0.064000
0.050840,0.392000,0.064000
0.050880,0.384000,0.064000
0.050920,0.376000,0.072000
0.050960,0.360000,0.072000
0.051000,0.352000,0.072000
0.051040,0.336000,0.072000
0.051080,0.320000,0.080000
0.051120,0.312000,0.072000
0.051160,0.296000,0.080000
0.051200,0.280000,0.080000
0.051240,0.272000,0.080000
0.051280,0.248000,0.080000
0.051320,0.240000,0.080000
0.051360,0.224000,0.080000
0.051400,0.208000,0.080000
0.051440,0.184000,0.080000
0.051480,0.176000,0.080000
0.051520,0.160000,0.072000
0.051560,0.136000,0.080000
0.051600,0.120000,0.080000
0.051640,0.104000,0.080000
0.051680,0.088000,0.080000
0.051720,0.064000,0.080000
0.051760,0.048000,0.080000
0.051800,0.032000,0.080000
0.051840,0.016000,0.080000
0.051880,0.000000,0.072000
0.051920,-0.024000,0.080000
0.051960,-0.040000,0.072000
0.052000,-0.056000,0.072000
0.052040,-0.072000,0.064000
0.052080,-0.096000,0.064000
0.052120,-0.104000,0.072000
0.052160,-0.128000,0.072000
0.052200,-0.144000,0.064000
0.052240,-0.160000,0.064000
0.052280,-0.176000,0.056000
0.052320,-0.192000,0.064000
0.052360,-0.208000,0.056000
0.052400,-0.224000,0.056000
0.052440,-0.240000,0.056000
0.052480,-0.256000,0.048000
0.052520,-0.272000,0.048000
0.052560,-0.288000,0.040000
0.052600,-0.296000,0.040000
0.052640,-0.312000,0.040000
0.052680,-0.328000,0.040000
0.052720,-0.336000,0.040000
0.052760,-0.352000,0.032000
0.052800,-0.360000,0.032000
0.052840,-0.368000,0.032000
0.052880,-0.384000,0.024000
0.052920,-0.400000,0.016000
0.052960,-0.408000,0.016000
0.053000,-0.416000,0.016000
0.053040,-0.424000,0.016000
0.053080,-0.424000,0.008000
0.053120,-0.440000,0.008000
0.053160,-0.440000,0.000000
0.053200,-0.448000,0.000000
0.053240,-0.448000,-0.008000
0.053280,-0.456000,-0.008000
0.053320,-0.464000,-0.016000
0.053360,-0.464000,-0.016000
0.053400,-0.464000,-0.016000
0.053440,-0.464000,-0.016000
0.053480,-0.472000,-0.024000
0.053520,-0.472000,-0.032000
0.053560,-0.464000,-0.032000
0.053600,-0.472000,-0.032000
0.053640,-0.472000,-0.032000
0.053680,-0.464000,-0.032000
0.053720,-0.464000,-0.040000
0.053760,-0.464000,-0.040000
0.053800,-0.456000,-0.040000
0.053840,-0.448000,-0.048000
0.053880,-0.448000,-0.048000
0.053920,-0.440000,-0.048000
0.053960,-0.440000,-0.048000
0.054000,-0.424000,-0.056000
0.054040,-0.416000,-0.056000
0.054080,-0.408000,-0.064000
0.054120,-0.400000,-0.056000
0.054160,-0.392000,-0.064000
0.054200,-0.384000,-0.064000
0.054240,-0.368000,-0.064000
0.054280,-0.360000,-0.064000
0.054320,-0.344000,-0.072000
0.054360,-0.328000,-0.072000
0.054400,-0.320000,-0.072000
0.054440,-0.312000,-0.072000
0.054480,-0.296000,-0.072000
0.054520,-0.280000,-0.072000
0.054560,-0.264000,-0.080000
0.054600,-0.256000,-0.080000
0.054640,-0.232000,-0.072000
0.054680,-0.216000,-0.080000
0.054720,-0.208000,-0.080000
0.054760,-0.184000,-0.080000
0.054800,-0.168000,-0.080000
0.054840,-0.160000,-0.080000
0.054880,-0.136000,-0.080000
0.054920,-0.120000,-0.080000
0.054960,-0.104000,-0.080000
0.055000,-0.088000,-0.080000
0.055040,-0.072000,-0.080000
0.055080,-0.048000,-0.080000
0.055120,-0.032000,-0.080000
0.055160,-0.016000,-0.072000
0.055200,0.000000,-0.072000
0.055240,0.016000,-0.072000
0.055280,0.040000,-0.072000
0.055320,0.056000,-0.072000
0.055360,0.072000,-0.072000
0.055400,0.088000,-0.072000
0.055440,0.104000,-0.064000
0.055480,0.128000,-0.064000
0.055520,0.144000,-0.064000
0.055560,0.160000,-0.056000
0.055600,0.184000,-0.056000
0.055640,0.192000,-0.056000
0.055680,0.208000,-0.056000
0.055720,0.224000,-0.056000
0.055760,0.240000,-0.048000
0.055800,0.256000,-0.048000
0.055840,0.272000,-0.048000
0.055880,0.280000,-0.040000
0.055920,0.296000,-0.040000
0.055960,0.312000,-0.040000
0.056000,0.328000,-0.040000
0.056040,0.336000,-0.032000
0.056080,0.352000,-0.032000
0.056120,0.376000,-0.032000
0.056160,0.376000,-0.024000
0.056200,0.384000,-0.024000
0.056240,0.392000,-0.016000
0.056280,0.400000,-0.016000
0.056320,0.416000,-0.016000
0.056360,0.424000,-0.008000
0.056400,0.432000,-0.008000
0.056440,0.432000,0.000000
0.056480,0.448000,0.000000
0.056520,0.448000,0.000000
0.056560,0.456000,0.008000
0.056600,0.456000,0.008000
0.056640,0.464000,0.016000
0.056680,0.464000,0.016000
0.056720,0.472000,0.016000
0.056760,0.472000,0.016000
0.056800,0.472000,0.024000
0.056840,0.472000,0.024000
0.056880,0.480000,0.032000
0.056920,0.472000,0.040000
0.056960,0.472000,0.032000
0.057000,0.472000,0.040000
0.057040,0.464000,0.040000
0.057080,0.464000,0.040000
0.057120,0.464000,0.048000
0.057160,0.456000,0.056000
0.057200,0.448000,0.048000
0.057240,0.448000,0.056000
0.057280,0.440000,0.056000
0.057320,0.432000,0.056000
0.057360,0.432000,0.064000
0.057400,0.416000,0.056000
0.057440,0.408000,0.056000
0.057480,0.400000,0.064000
0.057520,0.384000,0.064000
0.057560,0.376000,0.064000
0.057600,0.368000,0.072000
0.057640,0.360000,0.072000
0.057680,0.344000,0.080000
0.057720,0.328000,0.072000
0.057760,0.312000,0.080000
0.057800,0.304000,0.080000
0.057840,0.296000,0.080000
0.057880,0.280000,0.080000
0.057920,0.264000,0.080000
0.057960,0.248000,0.080000
