0.005500,-0.192000,-0.176000
0.005502,-0.192000,-0.176000
0.005504,-0.200000,-0.176000
0.005506,-0.200000,-0.176000
0.005508,-0.200000,-0.176000
0.005510,-0.208000,-0.176000
0.005512,-0.200000,-0.176000
0.005514,-0.200000,-0.176000
0.005516,-0.200000,-0.176000
0.005518,-0.208000,-0.176000
0.005520,-0.216000,-0.176000
0.005522,-0.208000,-0.176000
0.005524,-0.216000,-0.184000
0.005526,-0.216000,-0.176000
0.005528,-0.216000,-0.176000
0.005530,-0.224000,-0.176000
0.005532,-0.224000,-0.176000
0.005534,-0.224000,-0.176000
0.005536,-0.224000,-0.176000
0.005538,-0.232000,-0.176000
0.005540,-0.232000,-0.184000
0.005542,-0.232000,-0.176000
0.005544,-0.240000,-0.176000
0.005546,-0.232000,-0.184000
0.005548,-0.240000,-0.184000
0.005550,-0.240000,-0.176000
0.005552,-0.240000,-0.176000
0.005554,-0.240000,-0.176000
0.005556,-0.248000,-0.184000
0.005558,-0.248000,-0.176000
0.005560,-0.248000,-0.176000
0.005562,-0.248000,-0.176000
0.005564,-0.248000,-0.184000
0.005566,-0.248000,-0.176000
0.005568,-0.248000,-0.184000
0.005570,-0.256000,-0.184000
0.005572,-0.256000,-0.176000
0.005574,-0.256000,-0.176000
0.005576,-0.264000,-0.176000
0.005578,-0.264000,-0.176000
0.005580,-0.264000,-0.184000
0.005582,-0.264000,-0.176000
0.005584,-0.264000,-0.184000
0.005586,-0.264000,-0.176000
0.005588,-0.272000,-0.184000
0.005590,-0.272000,-0.184000
0.005592,-0.272000,-0.176000
0.005594,-0.272000,-0.176000
0.005596,-0.272000,-0.176000
0.005598,-0.272000,-0.176000
0.005600,-0.272000,-0.176000
0.005602,-0.272000,-0.176000
0.005604,-0.280000,-0.176000
0.005606,-0.272000,-0.176000
0.005608,-0.280000,-0.176000
0.005610,-0.280000,-0.176000
0.005612,-0.280000,-0.176000
0.005614,-0.280000,-0.176000
0.005616,-0.288000,-0.176000
0.005618,-0.288000,-0.176000
0.005620,-0.288000,-0.176000
0.005622,-0.288000,-0.176000
0.005624,-0.288000,-0.176000
0.005626,-0.296000,-0.184000
0.005628,-0.288000,-0.168000
0.005630,-0.296000,-0.176000
0.005632,-0.296000,-0.176000
0.005634,-0.296000,-0.176000
0.005636,-0.296000,-0.168000
0.005638,-0.296000,-0.168000
0.005640,-0.296000,-0.176000
0.005642,-0.304000,-0.176000
0.005644,-0.296000,-0.168000
0.005646,-0.304000,-0.176000
0.005648,-0.304000,-0.168000
0.005650,-0.304000,-0.168000
0.005652,-0.304000,-0.168000
0.005654,-0.304000,-0.168000
0.005656,-0.304000,-0.168000
0.005658,-0.304000,-0.168000
0.005660,-0.304000,-0.168000
0.005662,-0.304000,-0.168000
0.005664,-0.304000,-0.168000
0.005666,-0.312000,-0.168000
0.005668,-0.304000,-0.168000
0.005670,-0.312000,-0.168000
0.005672,-0.312000,-0.160000
0.005674,-0.312000,-0.160000
0.005676,-0.312000,-0.160000
0.005678,-0.312000,-0.160000
0.005680,-0.304000,-0.160000
0.005682,-0.312000,-0.160000
0.005684,-0.312000,-0.160000
0.005686,-0.312000,-0.152000
0.005688,-0.312000,-0.160000
0.005690,-0.312000,-0.160000
0.005692,-0.312000,-0.160000
0.005694,-0.312000,-0.152000
0.005696,-0.312000,-0.152000
0.005698,-0.312000,-0.152000
0.005700,-0.312000,-0.152000
0.005702,-0.312000,-0.152000
0.005704,-0.312000,-0.152000
0.005706,-0.320000,-0.152000
0.005708,-0.320000,-0.152000
0.005710,-0.312000,-0.152000
0.005712,-0.320000,-0.152000
0.005714,-0.312000,-0.144000
0.005716,-0.312000,-0.144000
0.005718,-0.312000,-0.144000
0.005720,-0.320000,-0.144000
0.005722,-0.312000,-0.144000
0.005724,-0.312000,-0.144000
0.005726,-0.320000,-0.144000
0.005728,-0.312000,-0.136000
0.005730,-0.312000,-0.144000
0.005732,-0.312000,-0.136000
0.005734,-0.312000,-0.144000
0.005736,-0.312000,-0.136000
0.005738,-0.320000,-0.136000
0.005740,-0.312000,-0.136000
0.005742,-0.312000,-0.128000
0.005744,-0.312000,-0.136000
0.005746,-0.312000,-0.128000
0.005748,-0.312000,-0.128000
0.005750,-0.312000,-0.128000
0.005752,-0.312000,-0.128000
0.005754,-0.312000,-0.128000
0.005756,-0.320000,-0.128000
0.005758,-0.312000,-0.128000
0.005760,-0.312000,-0.128000
0.005762,-0.312000,-0.128000
0.005764,-0.312000,-0.120000
0.005766,-0.312000,-0.120000
0.005768,-0.312000,-0.120000
0.005770,-0.312000,-0.120000
0.005772,-0.312000,-0.120000
0.005774,-0.312000,-0.120000
0.005776,-0.312000,-0.120000
0.005778,-0.312000,-0.112000
0.005780,-0.312000,-0.112000
0.005782,-0.304000,-0.112000
0.005784,-0.304000,-0.112000
0.005786,-0.304000,-0.112000
0.005788,-0.304000,-0.104000
0.005790,-0.304000,-0.104000
0.005792,-0.304000,-0.104000
0.005794,-0.304000,-0.104000
0.005796,-0.296000,-0.104000
0.005798,-0.296000,-0.104000
0.005800,-0.296000,-0.104000
0.005802,-0.296000,-0.104000
0.005804,-0.296000,-0.104000
0.005806,-0.296000,-0.096000
0.005808,-0.296000,-0.096000
0.005810,-0.296000,-0.096000
0.005812,-0.296000,-0.096000
0.005814,-0.296000,-0.096000
0.005816,-0.288000,-0.088000
0.005818,-0.288000,-0.088000
0.005820,-0.288000,-0.088000
0.005822,-0.288000,-0.088000
0.005824,-0.288000,-0.088000
0.005826,-0.288000,-0.080000
0.005828,-0.288000,-0.080000
0.005830,-0.288000,-0.080000
0.005832,-0.280000,-0.080000
0.005834,-0.288000,-0.080000
0.005836,-0.272000,-0.080000
0.005838,-0.280000,-0.072000
0.005840,-0.272000,-0.072000
0.005842,-0.272000,-0.072000
0.005844,-0.272000,-0.080000
0.005846,-0.272000,-0.064000
0.005848,-0.272000,-0.064000
0.005850,-0.272000,-0.072000
0.005852,-0.272000,-0.064000
0.005854,-0.272000,-0.064000
0.005856,-0.264000,-0.064000
0.005858,-0.264000,-0.056000
0.005860,-0.272000,-0.064000
0.005862,-0.264000,-0.056000
0.005864,-0.264000,-0.056000
0.005866,-0.256000,-0.056000
0.005868,-0.256000,-0.056000
0.005870,-0.256000,-0.056000
0.005872,-0.256000,-0.048000
0.005874,-0.256000,-0.048000
0.005876,-0.256000,-0.048000
0.005878,-0.256000,-0.048000
0.005880,-0.256000,-0.048000
0.005882,-0.248000,-0.048000
0.005884,-0.256000,-0.048000
0.005886,-0.240000,-0.040000
0.005888,-0.248000,-0.048000
0.005890,-0.248000,-0.040000
0.005892,-0.240000,-0.040000
0.005894,-0.240000,-0.040000
0.005896,-0.240000,-0.032000
0.005898,-0.240000,-0.032000
0.005900,-0.240000,-0.032000
0.005902,-0.240000,-0.032000
0.005904,-0.232000,-0.032000
0.005906,-0.232000,-0.032000
0.005908,-0.224000,-0.024000
0.005910,-0.224000,-0.024000
0.005912,-0.224000,-0.024000
0.005914,-0.224000,-0.024000
0.005916,-0.216000,-0.024000
0.005918,-0.216000,-0.016000
0.005920,-0.216000,-0.016000
0.005922,-0.216000,-0.016000
0.005924,-0.216000,-0.016000
0.005926,-0.208000,-0.016000
0.005928,-0.208000,-0.008000
0.005930,-0.208000,-0.008000
0.005932,-0.208000,-0.008000
0.005934,-0.208000,-0.008000
0.005936,-0.200000,-0.008000
0.005938,-0.200000,-0.008000
0.005940,-0.200000,0.000000
0.005942,-0.200000,0.000000
0.005944,-0.192000,0.000000
0.005946,-0.192000,0.000000
0.005948,-0.192000,0.000000
0.005950,-0.184000,0.008000
0.005952,-0.184000,0.008000
0.005954,-0.176000,0.008000
0.005956,-0.176000,0.008000
0.005958,-0.176000,0.016000
0.005960,-0.176000,0.016000
0.005962,-0.176000,0.016000
0.005964,-0.176000,0.016000
0.005966,-0.168000,0.016000
0.005968,-0.168000,0.024000
0.005970,-0.160000,0.024000
0.005972,-0.160000,0.016000
0.005974,-0.160000,0.024000
0.005976,-0.160000,0.024000
0.005978,-0.160000,0.024000
0.005980,-0.152000,0.024000
0.005982,-0.152000,0.032000
0.005984,-0.144000,0.032000
0.005986,-0.152000,0.032000
0.005988,-0.144000,0.032000
0.005990,-0.144000,0.032000
0.005992,-0.144000,0.032000
0.005994,-0.144000,0.040000
0.005996,-0.136000,0.040000
0.005998,-0.136000,0.040000
0.006000,-0.136000,0.040000
0.006002,-0.120000,0.048000
0.006004,-0.128000,0.040000
0.006006,-0.128000,0.040000
0.006008,-0.128000,0.040000
0.006010,-0.120000,0.048000
0.006012,-0.120000,0.048000
0.006014,-0.120000,0.048000
0.006016,-0.112000,0.056000
0.006018,-0.112000,0.056000
0.006020,-0.104000,0.056000
0.006022,-0.104000,0.056000
0.006024,-0.104000,0.056000
0.006026,-0.104000,0.056000
0.006028,-0.104000,0.056000
0.006030,-0.096000,0.064000
0.006032,-0.096000,0.064000
0.006034,-0.096000,0.064000
0.006036,-0.088000,0.064000
0.006038,-0.088000,0.072000
0.006040,-0.088000,0.072000
0.006042,-0.088000,0.072000
0.006044,-0.080000,0.072000
0.006046,-0.080000,0.072000
0.006048,-0.072000,0.072000
0.006050,-0.072000,0.072000
0.006052,-0.072000,0.072000
0.006054,-0.072000,0.072000
0.006056,-0.064000,0.072000
0.006058,-0.064000,0.080000
0.006060,-0.064000,0.080000
0.006062,-0.056000,0.080000
0.006064,-0.048000,0.080000
0.006066,-0.048000,0.088000
0.006068,-0.048000,0.088000
0.006070,-0.048000,0.088000
0.006072,-0.040000,0.096000
0.006074,-0.040000,0.088000
0.006076,-0.040000,0.096000
0.006078,-0.040000,0.096000
0.006080,-0.032000,0.096000
0.006082,-0.032000,0.096000
0.006084,-0.032000,0.096000
0.006086,-0.024000,0.104000
0.006088,-0.024000,0.096000
0.006090,-0.016000,0.096000
0.006092,-0.016000,0.104000
0.006094,-0.024000,0.104000
0.006096,-0.016000,0.104000
0.006098,-0.008000,0.104000
0.006100,-0.008000,0.104000
0.006102,-0.008000,0.104000
0.006104,-0.008000,0.112000
0.006106,0.000000,0.112000
0.006108,0.000000,0.104000
0.006110,0.000000,0.112000
0.006112,0.008000,0.112000
0.006114,0.008000,0.120000
0.006116,0.016000,0.120000
0.006118,0.008000,0.112000
0.006120,0.016000,0.120000
0.006122,0.016000,0.128000
0.006124,0.024000,0.120000
0.006126,0.024000,0.128000
0.006128,0.024000,0.120000
0.006130,0.024000,0.120000
0.006132,0.032000,0.128000
0.006134,0.032000,0.128000
0.006136,0.032000,0.128000
0.006138,0.040000,0.136000
0.006140,0.040000,0.128000
0.006142,0.048000,0.128000
0.006144,0.048000,0.136000
0.006146,0.048000,0.136000
0.006148,0.048000,0.136000
0.006150,0.056000,0.136000
0.006152,0.056000,0.136000
0.006154,0.056000,0.144000
0.006156,0.064000,0.136000
0.006158,0.064000,0.136000
0.006160,0.064000,0.144000
0.006162,0.064000,0.136000
0.006164,0.072000,0.144000
0.006166,0.080000,0.144000
0.006168,0.080000,0.144000
0.006170,0.088000,0.152000
0.006172,0.088000,0.144000
0.006174,0.088000,0.152000
0.006176,0.088000,0.152000
0.006178,0.088000,0.152000
0.006180,0.096000,0.152000
0.006182,0.096000,0.152000
0.006184,0.104000,0.152000
0.006186,0.104000,0.152000
0.006188,0.104000,0.152000
0.006190,0.104000,0.152000
0.006192,0.104000,0.152000
0.006194,0.112000,0.152000
0.006196,0.112000,0.160000
0.006198,0.120000,0.160000
0.006200,0.112000,0.160000
0.006202,0.120000,0.160000
0.006204,0.128000,0.160000
0.006206,0.120000,0.160000
0.006208,0.128000,0.160000
0.006210,0.128000,0.160000
0.006212,0.128000,0.160000
0.006214,0.136000,0.160000
0.006216,0.136000,0.160000
0.006218,0.144000,0.168000
0.006220,0.144000,0.160000
0.006222,0.144000,0.168000
0.006224,0.144000,0.168000
0.006226,0.152000,0.168000
0.006228,0.152000,0.168000
0.006230,0.152000,0.168000
0.006232,0.152000,0.168000
0.006234,0.160000,0.168000
0.006236,0.160000,0.176000
0.006238,0.160000,0.168000
0.006240,0.160000,0.176000
0.006242,0.168000,0.168000
0.006244,0.168000,0.176000
0.006246,0.168000,0.168000
0.006248,0.168000,0.168000
0.006250,0.176000,0.176000
0.006252,0.176000,0.168000
0.006254,0.176000,0.176000
0.006256,0.184000,0.168000
0.006258,0.184000,0.176000
0.006260,0.184000,0.176000
0.006262,0.184000,0.176000
0.006264,0.200000,0.176000
0.006266,0.200000,0.176000
0.006268,0.192000,0.176000
0.006270,0.200000,0.176000
0.006272,0.200000,0.176000
0.006274,0.200000,0.176000
0.006276,0.200000,0.176000
0.006278,0.208000,0.184000
0.006280,0.208000,0.176000
0.006282,0.208000,0.176000
0.006284,0.216000,0.176000
0.006286,0.216000,0.184000
0.006288,0.216000,0.176000
0.006290,0.216000,0.184000
0.006292,0.216000,0.176000
0.006294,0.224000,0.184000
0.006296,0.224000,0.184000
0.006298,0.232000,0.184000
0.006300,0.224000,0.184000
0.006302,0.224000,0.184000
0.006304,0.232000,0.184000
0.006306,0.240000,0.184000
0.006308,0.240000,0.184000
0.006310,0.240000,0.184000
0.006312,0.240000,0.184000
0.006314,0.240000,0.184000
0.006316,0.240000,0.184000
0.006318,0.240000,0.184000
0.006320,0.248000,0.184000
0.006322,0.248000,0.184000
0.006324,0.248000,0.184000
0.006326,0.256000,0.192000
0.006328,0.248000,0.184000
0.006330,0.256000,0.184000
0.006332,0.248000,0.184000
0.006334,0.256000,0.184000
0.006336,0.256000,0.184000
0.006338,0.256000,0.184000
0.006340,0.264000,0.184000
0.006342,0.256000,0.184000
0.006344,0.264000,0.184000
0.006346,0.264000,0.184000
0.006348,0.264000,0.184000
0.006350,0.272000,0.184000
0.006352,0.272000,0.184000
0.006354,0.272000,0.184000
0.006356,0.272000,0.184000
0.006358,0.272000,0.184000
0.006360,0.272000,0.184000
0.006362,0.272000,0.184000
0.006364,0.280000,0.184000
0.006366,0.280000,0.184000
0.006368,0.288000,0.184000
0.006370,0.288000,0.184000
0.006372,0.280000,0.184000
0.006374,0.280000,0.184000
0.006376,0.288000,0.184000
0.006378,0.288000,0.176000
0.006380,0.280000,0.176000
0.006382,0.288000,0.184000
0.006384,0.288000,0.176000
0.006386,0.296000,0.176000
0.006388,0.296000,0.176000
0.006390,0.296000,0.184000
0.006392,0.296000,0.176000
0.006394,0.296000,0.176000
0.006396,0.296000,0.176000
0.006398,0.296000,0.176000
0.006400,0.296000,0.176000
0.006402,0.296000,0.176000
0.006404,0.296000,0.176000
0.006406,0.296000,0.176000
0.006408,0.304000,0.176000
0.006410,0.304000,0.176000
0.006412,0.304000,0.176000
0.006414,0.304000,0.176000
0.006416,0.312000,0.176000
0.006418,0.304000,0.176000
0.006420,0.312000,0.168000
0.006422,0.304000,0.176000
0.006424,0.312000,0.176000
0.006426,0.312000,0.176000
0.006428,0.312000,0.168000
0.006430,0.304000,0.168000
0.006432,0.312000,0.168000
0.006434,0.312000,0.168000
0.006436,0.312000,0.160000
0.006438,0.312000,0.168000
0.006440,0.312000,0.168000
0.006442,0.312000,0.168000
0.006444,0.312000,0.168000
0.006446,0.312000,0.168000
0.006448,0.312000,0.168000
0.006450,0.312000,0.168000
0.006452,0.312000,0.160000
0.006454,0.312000,0.160000
0.006456,0.312000,0.160000
0.006458,0.312000,0.160000
0.006460,0.312000,0.160000
0.006462,0.312000,0.160000
0.006464,0.320000,0.160000
0.006466,0.320000,0.160000
0.006468,0.312000,0.160000
0.006470,0.312000,0.152000
0.006472,0.312000,0.152000
0.006474,0.320000,0.152000
0.006476,0.320000,0.152000
0.006478,0.320000,0.152000
0.006480,0.320000,0.152000
0.006482,0.320000,0.152000
0.006484,0.320000,0.152000
0.006486,0.320000,0.152000
0.006488,0.320000,0.152000
0.006490,0.320000,0.152000
0.006492,0.320000,0.152000
0.006494,0.320000,0.144000
0.006496,0.320000,0.144000
0.006498,0.320000,0.144000
0.006500,0.312000,0.144000
0.006502,0.320000,0.144000
0.006504,0.320000,0.144000
0.006506,0.320000,0.136000
0.006508,0.320000,0.136000
0.006510,0.320000,0.136000
0.006512,0.320000,0.136000
0.006514,0.320000,0.136000
0.006516,0.320000,0.128000
0.006518,0.312000,0.128000
0.006520,0.320000,0.136000
0.006522,0.312000,0.128000
0.006524,0.312000,0.128000
0.006526,0.320000,0.128000
0.006528,0.312000,0.128000
0.006530,0.312000,0.128000
0.006532,0.312000,0.128000
0.006534,0.312000,0.128000
0.006536,0.312000,0.120000
0.006538,0.312000,0.120000
0.006540,0.312000,0.128000
0.006542,0.312000,0.120000
0.006544,0.312000,0.120000
0.006546,0.312000,0.120000
0.006548,0.312000,0.120000
0.006550,0.312000,0.112000
0.006552,0.312000,0.112000
0.006554,0.304000,0.112000
0.006556,0.312000,0.112000
0.006558,0.312000,0.112000
0.006560,0.312000,0.104000
0.006562,0.304000,0.112000
0.006564,0.304000,0.104000
0.006566,0.304000,0.112000
0.006568,0.304000,0.104000
0.006570,0.304000,0.104000
0.006572,0.304000,0.104000
0.006574,0.304000,0.104000
0.006576,0.304000,0.096000
0.006578,0.304000,0.096000
0.006580,0.296000,0.096000
0.006582,0.296000,0.096000
0.006584,0.296000,0.096000
0.006586,0.296000,0.096000
0.006588,0.296000,0.088000
0.006590,0.296000,0.088000
0.006592,0.296000,0.088000
0.006594,0.288000,0.088000
0.006596,0.296000,0.088000
0.006598,0.288000,0.080000
0.006600,0.296000,0.080000
0.006602,0.296000,0.080000
0.006604,0.288000,0.080000
0.006606,0.288000,0.080000
0.006608,0.288000,0.080000
0.006610,0.288000,0.080000
0.006612,0.288000,0.072000
0.006614,0.288000,0.080000
0.006616,0.280000,0.072000
0.006618,0.280000,0.072000
0.006620,0.280000,0.072000
0.006622,0.280000,0.072000
0.006624,0.280000,0.064000
0.006626,0.272000,0.064000
0.006628,0.272000,0.064000
0.006630,0.272000,0.064000
0.006632,0.272000,0.056000
0.006634,0.272000,0.056000
0.006636,0.272000,0.056000
0.006638,0.264000,0.056000
0.006640,0.264000,0.056000
0.006642,0.264000,0.056000
0.006644,0.256000,0.048000
0.006646,0.256000,0.048000
0.006648,0.256000,0.048000
0.006650,0.256000,0.048000
0.006652,0.256000,0.048000
0.006654,0.256000,0.048000
0.006656,0.248000,0.040000
0.006658,0.248000,0.040000
0.006660,0.248000,0.048000
0.006662,0.248000,0.040000
0.006664,0.240000,0.040000
0.006666,0.240000,0.040000
0.006668,0.240000,0.032000
0.006670,0.240000,0.032000
0.006672,0.240000,0.032000
0.006674,0.240000,0.032000
0.006676,0.232000,0.024000
0.006678,0.232000,0.032000
0.006680,0.232000,0.024000
0.006682,0.240000,0.024000
0.006684,0.232000,0.024000
0.006686,0.224000,0.016000
0.006688,0.224000,0.024000
0.006690,0.216000,0.024000
0.006692,0.216000,0.016000
0.006694,0.216000,0.016000
0.006696,0.216000,0.016000
0.006698,0.216000,0.016000
0.006700,0.216000,0.016000
0.006702,0.216000,0.016000
0.006704,0.208000,0.008000
0.006706,0.208000,0.008000
0.006708,0.208000,0.008000
0.006710,0.208000,0.008000
0.006712,0.200000,0.008000
0.006714,0.200000,0.000000
0.006716,0.200000,0.000000
0.006718,0.192000,0.000000
0.006720,0.192000,0.000000
0.006722,0.192000,0.000000
0.006724,0.192000,-0.008000
0.006726,0.184000,-0.008000
0.006728,0.184000,-0.008000
0.006730,0.184000,-0.008000
0.006732,0.184000,-0.008000
0.006734,0.176000,-0.016000
0.006736,0.176000,-0.016000
0.006738,0.176000,-0.016000
0.006740,0.176000,-0.016000
0.006742,0.168000,-0.024000
0.006744,0.168000,-0.024000
0.006746,0.168000,-0.024000
0.006748,0.168000,-0.024000
0.006750,0.160000,-0.032000
0.006752,0.160000,-0.024000
0.006754,0.152000,-0.032000
0.006756,0.152000,-0.040000
0.006758,0.152000,-0.032000
0.006760,0.144000,-0.032000
0.006762,0.144000,-0.040000
0.006764,0.144000,-0.040000
0.006766,0.144000,-0.040000
0.006768,0.136000,-0.040000
0.006770,0.136000,-0.040000
0.006772,0.128000,-0.048000
0.006774,0.128000,-0.040000
0.006776,0.128000,-0.048000
0.006778,0.128000,-0.048000
0.006780,0.128000,-0.048000
0.006782,0.120000,-0.048000
0.006784,0.120000,-0.048000
0.006786,0.112000,-0.056000
0.006788,0.112000,-0.056000
0.006790,0.112000,-0.056000
0.006792,0.104000,-0.056000
0.006794,0.104000,-0.056000
0.006796,0.104000,-0.056000
0.006798,0.104000,-0.056000
0.006800,0.104000,-0.056000
0.006802,0.096000,-0.064000
0.006804,0.096000,-0.064000
0.006806,0.096000,-0.064000
0.006808,0.096000,-0.064000
0.006810,0.088000,-0.072000
0.006812,0.088000,-0.072000
0.006814,0.088000,-0.064000
0.006816,0.080000,-0.072000
0.006818,0.080000,-0.080000
0.006820,0.072000,-0.080000
0.006822,0.072000,-0.072000
0.006824,0.072000,-0.080000
0.006826,0.064000,-0.080000
0.006828,0.064000,-0.080000
0.006830,0.064000,-0.080000
0.006832,0.064000,-0.080000
0.006834,0.064000,-0.080000
0.006836,0.056000,-0.088000
0.006838,0.056000,-0.080000
0.006840,0.048000,-0.088000
0.006842,0.048000,-0.088000
0.006844,0.048000,-0.088000
0.006846,0.040000,-0.096000
0.006848,0.040000,-0.088000
0.006850,0.040000,-0.096000
0.006852,0.032000,-0.096000
0.006854,0.032000,-0.096000
0.006856,0.032000,-0.104000
0.006858,0.032000,-0.104000
0.006860,0.024000,-0.104000
0.006862,0.016000,-0.104000
0.006864,0.024000,-0.104000
0.006866,0.016000,-0.104000
0.006868,0.008000,-0.104000
0.006870,0.016000,-0.104000
0.006872,0.008000,-0.104000
0.006874,0.008000,-0.104000
0.006876,0.008000,-0.112000
0.006878,0.000000,-0.112000
0.006880,0.000000,-0.112000
0.006882,-0.008000,-0.112000
0.006884,-0.008000,-0.120000
0.006886,-0.008000,-0.120000
0.006888,-0.016000,-0.120000
0.006890,-0.016000,-0.120000
0.006892,-0.024000,-0.120000
0.006894,-0.016000,-0.120000
0.006896,-0.024000,-0.120000
0.006898,-0.024000,-0.128000
0.006900,-0.024000,-0.128000
0.006902,-0.032000,-0.128000
0.006904,-0.032000,-0.128000
0.006906,-0.032000,-0.128000
0.006908,-0.040000,-0.128000
0.006910,-0.040000,-0.128000
0.006912,-0.040000,-0.128000
0.006914,-0.048000,-0.128000
0.006916,-0.048000,-0.128000
0.006918,-0.048000,-0.128000
0.006920,-0.048000,-0.136000
0.006922,-0.056000,-0.136000
0.006924,-0.056000,-0.136000
0.006926,-0.056000,-0.136000
0.006928,-0.064000,-0.136000
0.006930,-0.064000,-0.136000
0.006932,-0.072000,-0.144000
0.006934,-0.072000,-0.136000
0.006936,-0.072000,-0.136000
0.006938,-0.080000,-0.144000
0.006940,-0.080000,-0.144000
0.006942,-0.088000,-0.144000
0.006944,-0.088000,-0.144000
0.006946,-0.088000,-0.144000
0.006948,-0.088000,-0.152000
0.006950,-0.088000,-0.152000
0.006952,-0.096000,-0.144000
0.006954,-0.096000,-0.144000
0.006956,-0.096000,-0.152000
0.006958,-0.096000,-0.152000
0.006960,-0.104000,-0.152000
0.006962,-0.104000,-0.152000
0.006964,-0.104000,-0.152000
0.006966,-0.104000,-0.152000
0.006968,-0.112000,-0.152000
0.006970,-0.112000,-0.152000
0.006972,-0.120000,-0.160000
0.006974,-0.120000,-0.160000
0.006976,-0.120000,-0.160000
0.006978,-0.128000,-0.160000
0.006980,-0.128000,-0.160000
0.006982,-0.128000,-0.160000
0.006984,-0.128000,-0.168000
0.006986,-0.136000,-0.160000
0.006988,-0.136000,-0.160000
0.006990,-0.144000,-0.168000
0.006992,-0.144000,-0.160000
0.006994,-0.144000,-0.168000
0.006996,-0.144000,-0.160000
0.006998,-0.144000,-0.160000
0.007000,-0.152000,-0.168000
0.007002,-0.152000,-0.168000
0.007004,-0.160000,-0.168000
0.007006,-0.160000,-0.168000
0.007008,-0.160000,-0.168000
0.007010,-0.160000,-0.168000
0.007012,-0.160000,-0.168000
0.007014,-0.168000,-0.176000
0.007016,-0.168000,-0.168000
0.007018,-0.168000,-0.168000
0.007020,-0.176000,-0.176000
0.007022,-0.168000,-0.168000
0.007024,-0.176000,-0.176000
0.007026,-0.176000,-0.168000
0.007028,-0.176000,-0.176000
0.007030,-0.184000,-0.176000
0.007032,-0.184000,-0.176000
0.007034,-0.184000,-0.176000
0.007036,-0.192000,-0.176000
0.007038,-0.192000,-0.176000
0.007040,-0.192000,-0.176000
0.007042,-0.200000,-0.176000
0.007044,-0.200000,-0.176000
0.007046,-0.200000,-0.176000
0.007048,-0.200000,-0.168000
0.007050,-0.200000,-0.176000
0.007052,-0.200000,-0.176000
0.007054,-0.208000,-0.176000
0.007056,-0.208000,-0.176000
0.007058,-0.208000,-0.176000
0.007060,-0.216000,-0.176000
0.007062,-0.216000,-0.176000
0.007064,-0.216000,-0.176000
0.007066,-0.216000,-0.176000
0.007068,-0.224000,-0.176000
0.007070,-0.224000,-0.176000
0.007072,-0.224000,-0.176000
0.007074,-0.224000,-0.176000
0.007076,-0.224000,-0.176000
0.007078,-0.224000,-0.176000
0.007080,-0.232000,-0.176000
0.007082,-0.232000,-0.176000
0.007084,-0.232000,-0.176000
0.007086,-0.240000,-0.176000
0.007088,-0.240000,-0.176000
0.007090,-0.240000,-0.176000
0.007092,-0.240000,-0.176000
0.007094,-0.240000,-0.184000
0.007096,-0.240000,-0.184000
0.007098,-0.248000,-0.176000
0.007100,-0.248000,-0.176000
0.007102,-0.248000,-0.184000
0.007104,-0.248000,-0.176000
0.007106,-0.248000,-0.176000
0.007108,-0.256000,-0.176000
0.007110,-0.256000,-0.184000
0.007112,-0.256000,-0.176000
0.007114,-0.256000,-0.176000
0.007116,-0.256000,-0.168000
0.007118,-0.256000,-0.176000
0.007120,-0.264000,-0.176000
0.007122,-0.264000,-0.176000
0.007124,-0.264000,-0.176000
0.007126,-0.272000,-0.176000
0.007128,-0.264000,-0.176000
0.007130,-0.264000,-0.176000
0.007132,-0.272000,-0.176000
0.007134,-0.272000,-0.176000
0.007136,-0.272000,-0.176000
0.007138,-0.272000,-0.176000
0.007140,-0.272000,-0.176000
0.007142,-0.272000,-0.176000
0.007144,-0.280000,-0.176000
0.007146,-0.280000,-0.176000
0.007148,-0.280000,-0.176000
0.007150,-0.280000,-0.176000
0.007152,-0.280000,-0.176000
0.007154,-0.280000,-0.176000
0.007156,-0.288000,-0.176000
0.007158,-0.288000,-0.176000
0.007160,-0.288000,-0.176000
0.007162,-0.296000,-0.176000
0.007164,-0.296000,-0.176000
0.007166,-0.296000,-0.176000
0.007168,-0.288000,-0.176000
0.007170,-0.288000,-0.176000
0.007172,-0.296000,-0.176000
0.007174,-0.288000,-0.168000
0.007176,-0.296000,-0.176000
0.007178,-0.296000,-0.176000
0.007180,-0.296000,-0.176000
0.007182,-0.296000,-0.168000
0.007184,-0.296000,-0.168000
0.007186,-0.296000,-0.168000
0.007188,-0.296000,-0.176000
0.007190,-0.296000,-0.168000
0.007192,-0.296000,-0.168000
0.007194,-0.304000,-0.168000
0.007196,-0.304000,-0.168000
0.007198,-0.304000,-0.168000
0.007200,-0.304000,-0.168000
0.007202,-0.304000,-0.168000
0.007204,-0.304000,-0.168000
0.007206,-0.304000,-0.168000
0.007208,-0.304000,-0.160000
0.007210,-0.304000,-0.160000
0.007212,-0.312000,-0.168000
0.007214,-0.312000,-0.160000
0.007216,-0.312000,-0.168000
0.007218,-0.312000,-0.160000
0.007220,-0.312000,-0.160000
0.007222,-0.312000,-0.160000
0.007224,-0.312000,-0.160000
0.007226,-0.312000,-0.160000
0.007228,-0.312000,-0.160000
0.007230,-0.312000,-0.152000
0.007232,-0.312000,-0.160000
0.007234,-0.312000,-0.152000
0.007236,-0.312000,-0.152000
0.007238,-0.320000,-0.152000
0.007240,-0.312000,-0.152000
0.007242,-0.312000,-0.160000
0.007244,-0.312000,-0.152000
0.007246,-0.312000,-0.144000
0.007248,-0.312000,-0.152000
0.007250,-0.312000,-0.152000
0.007252,-0.312000,-0.144000
0.007254,-0.320000,-0.144000
0.007256,-0.312000,-0.144000
0.007258,-0.312000,-0.144000
0.007260,-0.312000,-0.144000
0.007262,-0.312000,-0.136000
0.007264,-0.312000,-0.144000
0.007266,-0.312000,-0.144000
0.007268,-0.312000,-0.144000
0.007270,-0.312000,-0.144000
0.007272,-0.312000,-0.136000
0.007274,-0.312000,-0.136000
0.007276,-0.320000,-0.136000
0.007278,-0.312000,-0.136000
0.007280,-0.320000,-0.136000
0.007282,-0.312000,-0.128000
0.007284,-0.320000,-0.136000
0.007286,-0.312000,-0.136000
0.007288,-0.312000,-0.128000
0.007290,-0.312000,-0.128000
0.007292,-0.312000,-0.128000
0.007294,-0.312000,-0.128000
0.007296,-0.312000,-0.128000
0.007298,-0.312000,-0.128000
0.007300,-0.312000,-0.128000
0.007302,-0.312000,-0.120000
0.007304,-0.312000,-0.128000
0.007306,-0.312000,-0.120000
0.007308,-0.312000,-0.120000
0.007310,-0.312000,-0.120000
0.007312,-0.312000,-0.120000
0.007314,-0.304000,-0.112000
0.007316,-0.304000,-0.120000
0.007318,-0.304000,-0.104000
0.007320,-0.312000,-0.112000
0.007322,-0.312000,-0.112000
0.007324,-0.304000,-0.112000
0.007326,-0.304000,-0.104000
0.007328,-0.304000,-0.104000
0.007330,-0.304000,-0.104000
0.007332,-0.304000,-0.104000
0.007334,-0.304000,-0.104000
0.007336,-0.296000,-0.104000
0.007338,-0.296000,-0.104000
0.007340,-0.296000,-0.104000
0.007342,-0.296000,-0.104000
0.007344,-0.296000,-0.096000
0.007346,-0.296000,-0.096000
0.007348,-0.296000,-0.096000
0.007350,-0.296000,-0.096000
0.007352,-0.288000,-0.096000
0.007354,-0.296000,-0.088000
0.007356,-0.288000,-0.088000
0.007358,-0.288000,-0.088000
0.007360,-0.288000,-0.088000
0.007362,-0.280000,-0.088000
0.007364,-0.288000,-0.088000
0.007366,-0.288000,-0.080000
0.007368,-0.288000,-0.080000
0.007370,-0.288000,-0.080000
0.007372,-0.280000,-0.080000
0.007374,-0.288000,-0.080000
0.007376,-0.280000,-0.080000
0.007378,-0.280000,-0.080000
0.007380,-0.280000,-0.080000
0.007382,-0.280000,-0.072000
0.007384,-0.272000,-0.072000
0.007386,-0.272000,-0.072000
0.007388,-0.272000,-0.072000
0.007390,-0.272000,-0.064000
0.007392,-0.272000,-0.064000
0.007394,-0.272000,-0.064000
0.007396,-0.264000,-0.064000
0.007398,-0.264000,-0.056000
0.007400,-0.272000,-0.056000
0.007402,-0.264000,-0.056000
0.007404,-0.264000,-0.056000
0.007406,-0.256000,-0.056000
0.007408,-0.264000,-0.056000
0.007410,-0.256000,-0.056000
0.007412,-0.264000,-0.056000
0.007414,-0.256000,-0.048000
0.007416,-0.256000,-0.048000
0.007418,-0.248000,-0.048000
0.007420,-0.248000,-0.048000
0.007422,-0.248000,-0.048000
0.007424,-0.248000,-0.040000
0.007426,-0.248000,-0.048000
0.007428,-0.240000,-0.040000
0.007430,-0.240000,-0.040000
0.007432,-0.240000,-0.040000
0.007434,-0.240000,-0.040000
0.007436,-0.240000,-0.040000
0.007438,-0.232000,-0.032000
0.007440,-0.232000,-0.032000
0.007442,-0.232000,-0.032000
0.007444,-0.232000,-0.032000
0.007446,-0.224000,-0.032000
0.007448,-0.224000,-0.024000
0.007450,-0.224000,-0.024000
0.007452,-0.224000,-0.024000
0.007454,-0.224000,-0.024000
0.007456,-0.216000,-0.016000
0.007458,-0.216000,-0.016000
0.007460,-0.216000,-0.016000
0.007462,-0.216000,-0.016000
0.007464,-0.216000,-0.016000
0.007466,-0.208000,-0.008000
0.007468,-0.208000,-0.008000
0.007470,-0.200000,-0.008000
0.007472,-0.208000,-0.008000
0.007474,-0.200000,-0.008000
0.007476,-0.200000,-0.008000
0.007478,-0.200000,0.000000
0.007480,-0.200000,0.000000
0.007482,-0.192000,0.000000
0.007484,-0.192000,0.000000
0.007486,-0.192000,0.008000
0.007488,-0.184000,0.000000
0.007490,-0.184000,0.008000
0.007492,-0.184000,0.008000
0.007494,-0.176000,0.008000
0.007496,-0.176000,0.008000
0.007498,-0.176000,0.008000
0.007500,-0.176000,0.008000
0.007502,-0.168000,0.016000
0.007504,-0.168000,0.016000
0.007506,-0.160000,0.016000
0.007508,-0.168000,0.024000
0.007510,-0.160000,0.024000
0.007512,-0.160000,0.024000
0.007514,-0.160000,0.024000
0.007516,-0.160000,0.024000
0.007518,-0.160000,0.024000
0.007520,-0.152000,0.024000
0.007522,-0.152000,0.024000
0.007524,-0.152000,0.024000
0.007526,-0.152000,0.032000
0.007528,-0.144000,0.040000
0.007530,-0.144000,0.032000
0.007532,-0.144000,0.040000
0.007534,-0.136000,0.040000
0.007536,-0.136000,0.040000
0.007538,-0.136000,0.040000
0.007540,-0.128000,0.040000
0.007542,-0.128000,0.040000
0.007544,-0.128000,0.040000
0.007546,-0.128000,0.040000
0.007548,-0.120000,0.048000
0.007550,-0.112000,0.056000
0.007552,-0.120000,0.056000
0.007554,-0.120000,0.056000
0.007556,-0.112000,0.056000
0.007558,-0.112000,0.056000
0.007560,-0.104000,0.056000
0.007562,-0.104000,0.056000
0.007564,-0.104000,0.056000
0.007566,-0.096000,0.064000
0.007568,-0.096000,0.064000
0.007570,-0.096000,0.064000
0.007572,-0.088000,0.064000
0.007574,-0.088000,0.064000
0.007576,-0.088000,0.064000
0.007578,-0.080000,0.072000
0.007580,-0.088000,0.064000
0.007582,-0.080000,0.072000
0.007584,-0.080000,0.072000
0.007586,-0.080000,0.072000
0.007588,-0.072000,0.080000
0.007590,-0.072000,0.080000
0.007592,-0.064000,0.080000
0.007594,-0.064000,0.080000
0.007596,-0.064000,0.080000
0.007598,-0.056000,0.080000
0.007600,-0.056000,0.080000
0.007602,-0.056000,0.080000
0.007604,-0.048000,0.088000
0.007606,-0.048000,0.088000
0.007608,-0.048000,0.088000
0.007610,-0.048000,0.096000
0.007612,-0.048000,0.088000
0.007614,-0.040000,0.088000
0.007616,-0.032000,0.096000
0.007618,-0.032000,0.096000
0.007620,-0.032000,0.096000
0.007622,-0.032000,0.096000
0.007624,-0.024000,0.096000
0.007626,-0.016000,0.104000
0.007628,-0.024000,0.104000
0.007630,-0.016000,0.104000
0.007632,-0.016000,0.104000
0.007634,-0.016000,0.104000
0.007636,-0.016000,0.104000
0.007638,-0.008000,0.112000
0.007640,-0.008000,0.104000
0.007642,0.000000,0.104000
0.007644,0.000000,0.112000
0.007646,0.000000,0.112000
0.007648,0.008000,0.112000
0.007650,0.000000,0.112000
0.007652,0.008000,0.112000
0.007654,0.008000,0.112000
0.007656,0.008000,0.120000
0.007658,0.016000,0.112000
0.007660,0.016000,0.120000
0.007662,0.024000,0.120000
0.007664,0.024000,0.120000
0.007666,0.024000,0.128000
0.007668,0.032000,0.128000
0.007670,0.032000,0.128000
0.007672,0.032000,0.128000
0.007674,0.040000,0.128000
0.007676,0.040000,0.128000
0.007678,0.048000,0.128000
0.007680,0.040000,0.128000
0.007682,0.048000,0.128000
0.007684,0.048000,0.128000
0.007686,0.056000,0.136000
0.007688,0.056000,0.136000
0.007690,0.056000,0.136000
0.007692,0.056000,0.136000
0.007694,0.064000,0.144000
0.007696,0.072000,0.144000
0.007698,0.064000,0.144000
0.007700,0.072000,0.144000
0.007702,0.072000,0.144000
0.007704,0.080000,0.144000
0.007706,0.080000,0.144000
0.007708,0.080000,0.144000
0.007710,0.080000,0.152000
0.007712,0.088000,0.152000
0.007714,0.088000,0.144000
0.007716,0.096000,0.152000
0.007718,0.096000,0.152000
0.007720,0.096000,0.144000
0.007722,0.104000,0.152000
0.007724,0.104000,0.152000
0.007726,0.104000,0.152000
0.007728,0.104000,0.152000
0.007730,0.104000,0.152000
0.007732,0.112000,0.152000
0.007734,0.112000,0.160000
0.007736,0.112000,0.160000
0.007738,0.120000,0.168000
0.007740,0.120000,0.160000
0.007742,0.120000,0.160000
0.007744,0.128000,0.160000
0.007746,0.128000,0.160000
0.007748,0.128000,0.168000
0.007750,0.128000,0.160000
0.007752,0.136000,0.168000
0.007754,0.128000,0.160000
0.007756,0.144000,0.168000
0.007758,0.136000,0.160000
0.007760,0.144000,0.168000
0.007762,0.144000,0.168000
0.007764,0.152000,0.168000
0.007766,0.152000,0.168000
0.007768,0.152000,0.168000
0.007770,0.152000,0.168000
0.007772,0.160000,0.168000
0.007774,0.160000,0.168000
0.007776,0.160000,0.168000
0.007778,0.168000,0.176000
0.007780,0.168000,0.168000
0.007782,0.176000,0.176000
0.007784,0.168000,0.168000
0.007786,0.176000,0.176000
0.007788,0.176000,0.176000
0.007790,0.176000,0.176000
0.007792,0.184000,0.176000
0.007794,0.184000,0.176000
0.007796,0.184000,0.184000
0.007798,0.184000,0.176000
0.007800,0.184000,0.176000
0.007802,0.192000,0.176000
0.007804,0.200000,0.176000
0.007806,0.200000,0.176000
0.007808,0.200000,0.176000
0.007810,0.200000,0.176000
0.007812,0.200000,0.184000
0.007814,0.200000,0.176000
0.007816,0.208000,0.176000
0.007818,0.208000,0.184000
0.007820,0.208000,0.176000
0.007822,0.216000,0.184000
0.007824,0.216000,0.176000
0.007826,0.216000,0.176000
0.007828,0.216000,0.176000
0.007830,0.216000,0.176000
0.007832,0.224000,0.184000
0.007834,0.224000,0.184000
0.007836,0.232000,0.184000
0.007838,0.232000,0.184000
0.007840,0.232000,0.184000
0.007842,0.232000,0.184000
0.007844,0.232000,0.176000
0.007846,0.232000,0.176000
0.007848,0.240000,0.184000
0.007850,0.240000,0.184000
0.007852,0.248000,0.184000
0.007854,0.240000,0.184000
0.007856,0.248000,0.184000
0.007858,0.240000,0.184000
0.007860,0.248000,0.184000
0.007862,0.240000,0.184000
0.007864,0.248000,0.184000
0.007866,0.248000,0.184000
0.007868,0.248000,0.184000
0.007870,0.256000,0.184000
0.007872,0.256000,0.184000
0.007874,0.248000,0.184000
0.007876,0.256000,0.184000
0.007878,0.256000,0.184000
0.007880,0.264000,0.184000
0.007882,0.264000,0.184000
0.007884,0.264000,0.184000
0.007886,0.264000,0.184000
0.007888,0.264000,0.184000
0.007890,0.264000,0.184000
0.007892,0.272000,0.184000
0.007894,0.264000,0.184000
0.007896,0.272000,0.184000
0.007898,0.280000,0.184000
0.007900,0.280000,0.184000
0.007902,0.280000,0.184000
0.007904,0.280000,0.176000
0.007906,0.280000,0.184000
0.007908,0.280000,0.184000
0.007910,0.280000,0.184000
0.007912,0.288000,0.184000
0.007914,0.280000,0.184000
0.007916,0.280000,0.184000
0.007918,0.288000,0.184000
0.007920,0.288000,0.176000
0.007922,0.288000,0.176000
0.007924,0.296000,0.176000
0.007926,0.296000,0.184000
0.007928,0.296000,0.176000
0.007930,0.304000,0.184000
0.007932,0.296000,0.176000
0.007934,0.296000,0.176000
0.007936,0.296000,0.176000
0.007938,0.296000,0.176000
0.007940,0.304000,0.176000
0.007942,0.304000,0.176000
0.007944,0.304000,0.176000
0.007946,0.304000,0.176000
0.007948,0.296000,0.176000
0.007950,0.304000,0.176000
0.007952,0.304000,0.176000
0.007954,0.304000,0.176000
0.007956,0.312000,0.176000
0.007958,0.304000,0.176000
0.007960,0.312000,0.176000
0.007962,0.312000,0.176000
0.007964,0.312000,0.176000
0.007966,0.312000,0.176000
0.007968,0.312000,0.168000
0.007970,0.312000,0.168000
0.007972,0.312000,0.168000
0.007974,0.312000,0.168000
0.007976,0.312000,0.168000
0.007978,0.312000,0.168000
0.007980,0.312000,0.168000
0.007982,0.312000,0.168000
0.007984,0.312000,0.160000
0.007986,0.312000,0.168000
0.007988,0.312000,0.168000
0.007990,0.320000,0.160000
0.007992,0.312000,0.160000
0.007994,0.320000,0.160000
0.007996,0.320000,0.160000
0.007998,0.312000,0.160000
0.008000,0.312000,0.160000
0.008002,0.312000,0.160000
0.008004,0.312000,0.160000
0.008006,0.312000,0.160000
0.008008,0.320000,0.160000
0.008010,0.320000,0.152000
0.008012,0.320000,0.152000
0.008014,0.320000,0.152000
0.008016,0.320000,0.152000
0.008018,0.320000,0.152000
0.008020,0.312000,0.152000
0.008022,0.320000,0.152000
0.008024,0.320000,0.152000
0.008026,0.320000,0.152000
0.008028,0.320000,0.152000
0.008030,0.320000,0.152000
0.008032,0.320000,0.144000
0.008034,0.320000,0.144000
0.008036,0.320000,0.144000
0.008038,0.312000,0.144000
0.008040,0.320000,0.144000
0.008042,0.320000,0.136000
0.008044,0.320000,0.136000
0.008046,0.320000,0.136000
0.008048,0.320000,0.144000
0.008050,0.320000,0.136000
0.008052,0.312000,0.136000
0.008054,0.320000,0.136000
0.008056,0.320000,0.136000
0.008058,0.312000,0.136000
0.008060,0.312000,0.128000
0.008062,0.312000,0.128000
0.008064,0.312000,0.128000
0.008066,0.320000,0.128000
0.008068,0.312000,0.128000
0.008070,0.320000,0.128000
0.008072,0.312000,0.128000
0.008074,0.312000,0.128000
0.008076,0.312000,0.120000
0.008078,0.312000,0.120000
0.008080,0.312000,0.120000
0.008082,0.312000,0.120000
0.008084,0.312000,0.120000
0.008086,0.312000,0.120000
0.008088,0.312000,0.112000
0.008090,0.312000,0.112000
0.008092,0.304000,0.112000
0.008094,0.312000,0.112000
0.008096,0.312000,0.112000
0.008098,0.312000,0.112000
0.008100,0.312000,0.104000
0.008102,0.304000,0.104000
0.008104,0.304000,0.104000
0.008106,0.304000,0.104000
0.008108,0.304000,0.104000
0.008110,0.312000,0.104000
0.008112,0.304000,0.104000
0.008114,0.304000,0.104000
0.008116,0.304000,0.104000
0.008118,0.304000,0.096000
0.008120,0.296000,0.096000
0.008122,0.296000,0.096000
0.008124,0.296000,0.096000
0.008126,0.296000,0.088000
0.008128,0.296000,0.088000
0.008130,0.296000,0.088000
0.008132,0.296000,0.088000
0.008134,0.296000,0.088000
0.008136,0.296000,0.088000
0.008138,0.296000,0.080000
0.008140,0.288000,0.088000
0.008142,0.288000,0.080000
0.008144,0.280000,0.080000
0.008146,0.280000,0.080000
0.008148,0.288000,0.080000
0.008150,0.280000,0.072000
0.008152,0.280000,0.072000
0.008154,0.280000,0.072000
0.008156,0.280000,0.072000
0.008158,0.280000,0.072000
0.008160,0.280000,0.064000
0.008162,0.272000,0.072000
0.008164,0.272000,0.064000
0.008166,0.272000,0.064000
0.008168,0.272000,0.064000
0.008170,0.272000,0.064000
0.008172,0.272000,0.056000
0.008174,0.272000,0.056000
0.008176,0.264000,0.056000
0.008178,0.264000,0.056000
0.008180,0.264000,0.056000
0.008182,0.256000,0.056000
0.008184,0.256000,0.048000
0.008186,0.256000,0.048000
0.008188,0.256000,0.048000
0.008190,0.256000,0.048000
0.008192,0.256000,0.040000
0.008194,0.256000,0.040000
0.008196,0.248000,0.040000
0.008198,0.248000,0.040000
0.008200,0.248000,0.040000
0.008202,0.240000,0.040000
0.008204,0.240000,0.040000
0.008206,0.240000,0.040000
0.008208,0.240000,0.040000
0.008210,0.240000,0.032000
0.008212,0.240000,0.032000
0.008214,0.232000,0.024000
0.008216,0.240000,0.032000
0.008218,0.232000,0.024000
0.008220,0.224000,0.024000
0.008222,0.232000,0.024000
0.008224,0.224000,0.024000
0.008226,0.224000,0.016000
0.008228,0.224000,0.024000
0.008230,0.216000,0.016000
0.008232,0.224000,0.016000
0.008234,0.216000,0.016000
0.008236,0.216000,0.016000
0.008238,0.216000,0.016000
0.008240,0.216000,0.016000
0.008242,0.208000,0.008000
0.008244,0.200000,0.008000
0.008246,0.200000,0.008000
0.008248,0.208000,0.000000
0.008250,0.200000,0.008000
0.008252,0.200000,0.000000
0.008254,0.200000,0.000000
0.008256,0.200000,0.000000
0.008258,0.200000,-0.008000
0.008260,0.192000,0.000000
0.008262,0.184000,-0.008000
0.008264,0.184000,-0.008000
0.008266,0.184000,-0.008000
0.008268,0.184000,-0.008000
0.008270,0.176000,-0.016000
0.008272,0.184000,-0.008000
0.008274,0.176000,-0.016000
0.008276,0.176000,-0.016000
0.008278,0.176000,-0.016000
0.008280,0.176000,-0.016000
0.008282,0.168000,-0.024000
0.008284,0.168000,-0.024000
0.008286,0.160000,-0.024000
0.008288,0.160000,-0.024000
0.008290,0.160000,-0.024000
0.008292,0.152000,-0.024000
0.008294,0.152000,-0.024000
0.008296,0.152000,-0.032000
0.008298,0.152000,-0.032000
0.008300,0.152000,-0.040000
0.008302,0.144000,-0.040000
0.008304,0.144000,-0.040000
0.008306,0.144000,-0.040000
0.008308,0.136000,-0.040000
0.008310,0.136000,-0.040000
0.008312,0.136000,-0.048000
0.008314,0.128000,-0.048000
0.008316,0.128000,-0.048000
0.008318,0.128000,-0.048000
0.008320,0.128000,-0.048000
0.008322,0.120000,-0.048000
0.008324,0.120000,-0.048000
0.008326,0.120000,-0.048000
0.008328,0.112000,-0.056000
0.008330,0.112000,-0.056000
0.008332,0.112000,-0.056000
0.008334,0.104000,-0.056000
0.008336,0.104000,-0.056000
0.008338,0.104000,-0.064000
0.008340,0.096000,-0.064000
0.008342,0.096000,-0.064000
0.008344,0.088000,-0.064000
0.008346,0.088000,-0.064000
0.008348,0.088000,-0.064000
0.008350,0.088000,-0.072000
0.008352,0.088000,-0.072000
0.008354,0.080000,-0.072000
0.008356,0.080000,-0.064000
0.008358,0.072000,-0.080000
0.008360,0.072000,-0.072000
0.008362,0.072000,-0.080000
0.008364,0.064000,-0.080000
0.008366,0.064000,-0.080000
0.008368,0.064000,-0.080000
0.008370,0.064000,-0.080000
0.008372,0.056000,-0.088000
0.008374,0.056000,-0.088000
0.008376,0.048000,-0.088000
0.008378,0.048000,-0.088000
0.008380,0.048000,-0.088000
0.008382,0.048000,-0.088000
0.008384,0.040000,-0.088000
0.008386,0.040000,-0.096000
0.008388,0.040000,-0.096000
0.008390,0.032000,-0.096000
0.008392,0.032000,-0.096000
0.008394,0.032000,-0.104000
0.008396,0.032000,-0.104000
0.008398,0.024000,-0.104000
0.008400,0.024000,-0.104000
0.008402,0.024000,-0.104000
0.008404,0.016000,-0.104000
0.008406,0.016000,-0.104000
0.008408,0.016000,-0.104000
0.008410,0.008000,-0.104000
0.008412,0.008000,-0.104000
0.008414,0.000000,-0.112000
0.008416,0.000000,-0.104000
0.008418,0.000000,-0.112000
0.008420,-0.008000,-0.112000
0.008422,-0.008000,-0.112000
0.008424,-0.008000,-0.112000
0.008426,-0.008000,-0.112000
0.008428,-0.016000,-0.120000
0.008430,-0.016000,-0.120000
0.008432,-0.016000,-0.120000
0.008434,-0.024000,-0.120000
0.008436,-0.024000,-0.128000
0.008438,-0.024000,-0.120000
0.008440,-0.032000,-0.120000
0.008442,-0.032000,-0.128000
0.008444,-0.032000,-0.128000
0.008446,-0.032000,-0.128000
0.008448,-0.040000,-0.128000
0.008450,-0.040000,-0.128000
0.008452,-0.048000,-0.128000
0.008454,-0.048000,-0.128000
0.008456,-0.048000,-0.128000
0.008458,-0.056000,-0.136000
0.008460,-0.048000,-0.128000
0.008462,-0.056000,-0.136000
0.008464,-0.064000,-0.136000
0.008466,-0.064000,-0.136000
0.008468,-0.064000,-0.144000
0.008470,-0.064000,-0.136000
0.008472,-0.072000,-0.144000
0.008474,-0.080000,-0.144000
0.008476,-0.072000,-0.136000
0.008478,-0.080000,-0.144000
0.008480,-0.088000,-0.144000
0.008482,-0.088000,-0.144000
0.008484,-0.088000,-0.144000
0.008486,-0.088000,-0.144000
0.008488,-0.088000,-0.144000
0.008490,-0.096000,-0.152000
0.008492,-0.096000,-0.152000
0.008494,-0.096000,-0.152000
0.008496,-0.096000,-0.152000
0.008498,-0.104000,-0.152000
0.008500,-0.104000,-0.152000
0.008502,-0.112000,-0.152000
0.008504,-0.112000,-0.152000
0.008506,-0.112000,-0.160000
0.008508,-0.112000,-0.160000
0.008510,-0.120000,-0.152000
0.008512,-0.120000,-0.160000
0.008514,-0.120000,-0.160000
0.008516,-0.120000,-0.160000
0.008518,-0.128000,-0.160000
0.008520,-0.128000,-0.160000
0.008522,-0.128000,-0.160000
0.008524,-0.136000,-0.160000
0.008526,-0.136000,-0.160000
0.008528,-0.136000,-0.160000
0.008530,-0.144000,-0.168000
0.008532,-0.144000,-0.168000
0.008534,-0.144000,-0.168000
0.008536,-0.152000,-0.168000
0.008538,-0.152000,-0.168000
0.008540,-0.160000,-0.168000
0.008542,-0.160000,-0.168000
0.008544,-0.160000,-0.168000
0.008546,-0.160000,-0.168000
0.008548,-0.160000,-0.168000
0.008550,-0.160000,-0.168000
0.008552,-0.168000,-0.168000
0.008554,-0.168000,-0.168000
0.008556,-0.168000,-0.168000
0.008558,-0.168000,-0.176000
0.008560,-0.168000,-0.168000
0.008562,-0.176000,-0.176000
0.008564,-0.176000,-0.176000
0.008566,-0.176000,-0.176000
0.008568,-0.184000,-0.176000
0.008570,-0.184000,-0.176000
0.008572,-0.184000,-0.176000
0.008574,-0.192000,-0.176000
0.008576,-0.192000,-0.176000
0.008578,-0.192000,-0.176000
0.008580,-0.200000,-0.176000
0.008582,-0.200000,-0.176000
0.008584,-0.200000,-0.176000
0.008586,-0.200000,-0.176000
0.008588,-0.200000,-0.176000
0.008590,-0.200000,-0.176000
0.008592,-0.208000,-0.176000
0.008594,-0.208000,-0.176000
0.008596,-0.208000,-0.176000
0.008598,-0.216000,-0.176000
0.008600,-0.216000,-0.176000
0.008602,-0.216000,-0.176000
0.008604,-0.216000,-0.176000
0.008606,-0.224000,-0.176000
0.008608,-0.216000,-0.176000
0.008610,-0.224000,-0.176000
0.008612,-0.224000,-0.176000
0.008614,-0.224000,-0.176000
0.008616,-0.232000,-0.176000
0.008618,-0.232000,-0.176000
0.008620,-0.232000,-0.176000
0.008622,-0.240000,-0.176000
0.008624,-0.232000,-0.184000
0.008626,-0.240000,-0.176000
0.008628,-0.240000,-0.184000
0.008630,-0.240000,-0.176000
0.008632,-0.240000,-0.176000
0.008634,-0.240000,-0.176000
0.008636,-0.248000,-0.184000
0.008638,-0.240000,-0.184000
0.008640,-0.248000,-0.176000
0.008642,-0.248000,-0.176000
0.008644,-0.256000,-0.176000
0.008646,-0.256000,-0.184000
0.008648,-0.256000,-0.176000
0.008650,-0.256000,-0.184000
0.008652,-0.264000,-0.184000
0.008654,-0.256000,-0.176000
0.008656,-0.256000,-0.176000
0.008658,-0.264000,-0.176000
0.008660,-0.264000,-0.176000
0.008662,-0.272000,-0.184000
0.008664,-0.272000,-0.184000
0.008666,-0.272000,-0.184000
0.008668,-0.264000,-0.184000
0.008670,-0.272000,-0.184000
0.008672,-0.272000,-0.176000
0.008674,-0.272000,-0.176000
0.008676,-0.272000,-0.176000
0.008678,-0.280000,-0.176000
0.008680,-0.272000,-0.176000
0.008682,-0.280000,-0.176000
0.008684,-0.280000,-0.176000
0.008686,-0.280000,-0.176000
0.008688,-0.272000,-0.176000
0.008690,-0.280000,-0.176000
0.008692,-0.288000,-0.176000
0.008694,-0.288000,-0.176000
0.008696,-0.288000,-0.176000
0.008698,-0.288000,-0.176000
0.008700,-0.296000,-0.176000
0.008702,-0.288000,-0.176000
0.008704,-0.296000,-0.176000
0.008706,-0.296000,-0.176000
0.008708,-0.296000,-0.176000
0.008710,-0.296000,-0.176000
0.008712,-0.296000,-0.168000
0.008714,-0.296000,-0.176000
0.008716,-0.296000,-0.176000
0.008718,-0.296000,-0.168000
0.008720,-0.304000,-0.168000
0.008722,-0.296000,-0.176000
0.008724,-0.296000,-0.168000
0.008726,-0.304000,-0.168000
0.008728,-0.296000,-0.168000
0.008730,-0.304000,-0.168000
0.008732,-0.304000,-0.168000
0.008734,-0.304000,-0.168000
0.008736,-0.304000,-0.168000
0.008738,-0.304000,-0.168000
0.008740,-0.304000,-0.168000
0.008742,-0.312000,-0.168000
0.008744,-0.312000,-0.160000
0.008746,-0.312000,-0.168000
0.008748,-0.312000,-0.168000
0.008750,-0.312000,-0.160000
0.008752,-0.304000,-0.160000
0.008754,-0.312000,-0.160000
0.008756,-0.312000,-0.160000
0.008758,-0.312000,-0.160000
0.008760,-0.312000,-0.160000
0.008762,-0.312000,-0.160000
0.008764,-0.312000,-0.152000
0.008766,-0.312000,-0.152000
0.008768,-0.312000,-0.152000
0.008770,-0.312000,-0.160000
0.008772,-0.312000,-0.152000
0.008774,-0.312000,-0.152000
0.008776,-0.312000,-0.152000
0.008778,-0.312000,-0.152000
0.008780,-0.312000,-0.152000
0.008782,-0.312000,-0.152000
0.008784,-0.312000,-0.152000
0.008786,-0.312000,-0.144000
0.008788,-0.320000,-0.144000
0.008790,-0.320000,-0.152000
0.008792,-0.312000,-0.144000
0.008794,-0.320000,-0.144000
0.008796,-0.320000,-0.144000
0.008798,-0.312000,-0.144000
0.008800,-0.312000,-0.144000
0.008802,-0.320000,-0.144000
0.008804,-0.320000,-0.144000
0.008806,-0.320000,-0.136000
0.008808,-0.312000,-0.136000
0.008810,-0.312000,-0.136000
0.008812,-0.312000,-0.136000
0.008814,-0.312000,-0.136000
0.008816,-0.312000,-0.136000
0.008818,-0.312000,-0.136000
0.008820,-0.312000,-0.128000
0.008822,-0.312000,-0.128000
0.008824,-0.312000,-0.128000
0.008826,-0.312000,-0.128000
0.008828,-0.312000,-0.128000
0.008830,-0.312000,-0.128000
0.008832,-0.312000,-0.128000
0.008834,-0.312000,-0.128000
0.008836,-0.312000,-0.128000
0.008838,-0.312000,-0.120000
0.008840,-0.312000,-0.128000
0.008842,-0.312000,-0.120000
0.008844,-0.312000,-0.120000
0.008846,-0.312000,-0.120000
0.008848,-0.312000,-0.120000
0.008850,-0.304000,-0.112000
0.008852,-0.304000,-0.120000
0.008854,-0.304000,-0.112000
0.008856,-0.304000,-0.112000
0.008858,-0.304000,-0.112000
0.008860,-0.304000,-0.112000
0.008862,-0.304000,-0.112000
0.008864,-0.304000,-0.104000
0.008866,-0.304000,-0.104000
0.008868,-0.304000,-0.104000
0.008870,-0.304000,-0.104000
0.008872,-0.304000,-0.104000
0.008874,-0.304000,-0.104000
0.008876,-0.296000,-0.104000
0.008878,-0.296000,-0.096000
0.008880,-0.296000,-0.104000
0.008882,-0.296000,-0.096000
0.008884,-0.296000,-0.096000
0.008886,-0.296000,-0.096000
0.008888,-0.296000,-0.096000
0.008890,-0.296000,-0.096000
0.008892,-0.296000,-0.088000
0.008894,-0.296000,-0.096000
0.008896,-0.296000,-0.088000
0.008898,-0.288000,-0.088000
0.008900,-0.288000,-0.088000
0.008902,-0.288000,-0.080000
0.008904,-0.288000,-0.088000
0.008906,-0.280000,-0.080000
0.008908,-0.288000,-0.080000
0.008910,-0.280000,-0.080000
0.008912,-0.280000,-0.080000
0.008914,-0.272000,-0.072000
0.008916,-0.280000,-0.080000
0.008918,-0.272000,-0.080000
0.008920,-0.280000,-0.072000
0.008922,-0.280000,-0.072000
0.008924,-0.272000,-0.072000
0.008926,-0.272000,-0.072000
0.008928,-0.272000,-0.064000
0.008930,-0.272000,-0.064000
0.008932,-0.272000,-0.064000
0.008934,-0.264000,-0.056000
0.008936,-0.264000,-0.064000
0.008938,-0.272000,-0.056000
0.008940,-0.264000,-0.056000
0.008942,-0.264000,-0.056000
0.008944,-0.264000,-0.056000
0.008946,-0.256000,-0.056000
0.008948,-0.256000,-0.048000
0.008950,-0.256000,-0.056000
0.008952,-0.248000,-0.048000
0.008954,-0.256000,-0.048000
0.008956,-0.256000,-0.048000
0.008958,-0.248000,-0.048000
0.008960,-0.248000,-0.048000
0.008962,-0.248000,-0.040000
0.008964,-0.248000,-0.040000
0.008966,-0.240000,-0.040000
0.008968,-0.248000,-0.048000
0.008970,-0.240000,-0.040000
0.008972,-0.248000,-0.040000
0.008974,-0.240000,-0.032000
0.008976,-0.232000,-0.032000
0.008978,-0.240000,-0.032000
0.008980,-0.232000,-0.032000
0.008982,-0.232000,-0.024000
0.008984,-0.232000,-0.032000
0.008986,-0.224000,-0.024000
0.008988,-0.224000,-0.024000
0.008990,-0.224000,-0.024000
0.008992,-0.224000,-0.024000
0.008994,-0.224000,-0.016000
0.008996,-0.216000,-0.024000
0.008998,-0.216000,-0.016000
0.009000,-0.216000,-0.016000
0.009002,-0.216000,-0.016000
0.009004,-0.208000,-0.008000
0.009006,-0.208000,-0.016000
0.009008,-0.200000,-0.008000
0.009010,-0.200000,-0.008000
0.009012,-0.208000,-0.008000
0.009014,-0.200000,-0.008000
0.009016,-0.200000,-0.008000
0.009018,-0.200000,0.000000
0.009020,-0.200000,0.000000
0.009022,-0.192000,0.000000
0.009024,-0.192000,0.000000
0.009026,-0.192000,0.000000
0.009028,-0.184000,0.008000
0.009030,-0.184000,0.000000
0.009032,-0.176000,0.008000
0.009034,-0.184000,0.016000
0.009036,-0.176000,0.008000
0.009038,-0.176000,0.016000
0.009040,-0.168000,0.016000
0.009042,-0.176000,0.016000
0.009044,-0.168000,0.024000
0.009046,-0.168000,0.016000
0.009048,-0.160000,0.024000
0.009050,-0.160000,0.024000
0.009052,-0.160000,0.024000
0.009054,-0.160000,0.016000
0.009056,-0.160000,0.024000
0.009058,-0.160000,0.024000
0.009060,-0.152000,0.032000
0.009062,-0.152000,0.024000
0.009064,-0.144000,0.032000
0.009066,-0.144000,0.032000
0.009068,-0.144000,0.032000
0.009070,-0.144000,0.040000
0.009072,-0.144000,0.040000
0.009074,-0.144000,0.040000
0.009076,-0.128000,0.040000
0.009078,-0.136000,0.040000
0.009080,-0.128000,0.040000
0.009082,-0.128000,0.048000
0.009084,-0.120000,0.048000
0.009086,-0.120000,0.048000
0.009088,-0.120000,0.048000
0.009090,-0.112000,0.048000
0.009092,-0.120000,0.048000
0.009094,-0.112000,0.056000
0.009096,-0.112000,0.056000
0.009098,-0.104000,0.056000
0.009100,-0.104000,0.056000
0.009102,-0.104000,0.056000
0.009104,-0.096000,0.064000
0.009106,-0.104000,0.064000
0.009108,-0.096000,0.064000
0.009110,-0.096000,0.064000
0.009112,-0.088000,0.064000
0.009114,-0.088000,0.072000
0.009116,-0.088000,0.064000
0.009118,-0.088000,0.072000
0.009120,-0.080000,0.072000
0.009122,-0.080000,0.072000
0.009124,-0.080000,0.080000
0.009126,-0.072000,0.080000
0.009128,-0.072000,0.080000
0.009130,-0.072000,0.072000
0.009132,-0.064000,0.080000
0.009134,-0.064000,0.080000
0.009136,-0.064000,0.080000
0.009138,-0.056000,0.080000
0.009140,-0.064000,0.080000
0.009142,-0.056000,0.080000
0.009144,-0.056000,0.088000
0.009146,-0.048000,0.088000
0.009148,-0.040000,0.088000
0.009150,-0.048000,0.088000
0.009152,-0.040000,0.096000
0.009154,-0.032000,0.096000
0.009156,-0.032000,0.096000
0.009158,-0.032000,0.096000
0.009160,-0.032000,0.096000
0.009162,-0.024000,0.096000
0.009164,-0.024000,0.096000
0.009166,-0.024000,0.096000
0.009168,-0.024000,0.104000
0.009170,-0.024000,0.104000
0.009172,-0.016000,0.104000
0.009174,-0.008000,0.104000
0.009176,-0.008000,0.104000
0.009178,-0.008000,0.104000
0.009180,-0.008000,0.112000
0.009182,-0.008000,0.112000
0.009184,0.000000,0.112000
0.009186,0.008000,0.112000
0.009188,0.008000,0.112000
0.009190,0.008000,0.112000
0.009192,0.008000,0.112000
0.009194,0.008000,0.120000
0.009196,0.016000,0.120000
0.009198,0.016000,0.120000
0.009200,0.016000,0.120000
0.009202,0.024000,0.120000
0.009204,0.024000,0.120000
0.009206,0.032000,0.128000
0.009208,0.032000,0.128000
0.009210,0.032000,0.128000
0.009212,0.032000,0.128000
0.009214,0.040000,0.128000
0.009216,0.040000,0.128000
0.009218,0.040000,0.128000
0.009220,0.040000,0.128000
0.009222,0.048000,0.136000
0.009224,0.056000,0.128000
0.009226,0.048000,0.136000
0.009228,0.056000,0.136000
0.009230,0.064000,0.136000
0.009232,0.064000,0.144000
0.009234,0.064000,0.136000
0.009236,0.064000,0.144000
0.009238,0.072000,0.144000
0.009240,0.072000,0.144000
0.009242,0.072000,0.144000
0.009244,0.080000,0.144000
0.009246,0.080000,0.152000
0.009248,0.080000,0.144000
0.009250,0.088000,0.152000
0.009252,0.088000,0.152000
0.009254,0.096000,0.152000
0.009256,0.096000,0.152000
0.009258,0.096000,0.152000
0.009260,0.096000,0.152000
0.009262,0.096000,0.152000
0.009264,0.104000,0.152000
0.009266,0.112000,0.152000
0.009268,0.104000,0.152000
0.009270,0.112000,0.152000
0.009272,0.112000,0.160000
0.009274,0.112000,0.160000
0.009276,0.112000,0.160000
0.009278,0.120000,0.160000
0.009280,0.120000,0.160000
0.009282,0.128000,0.168000
0.009284,0.128000,0.160000
0.009286,0.136000,0.160000
0.009288,0.128000,0.160000
0.009290,0.136000,0.160000
0.009292,0.136000,0.160000
0.009294,0.136000,0.168000
0.009296,0.144000,0.160000
0.009298,0.144000,0.168000
0.009300,0.144000,0.168000
0.009302,0.152000,0.168000
0.009304,0.152000,0.168000
0.009306,0.152000,0.168000
0.009308,0.152000,0.168000
0.009310,0.160000,0.168000
0.009312,0.160000,0.168000
0.009314,0.160000,0.168000
0.009316,0.168000,0.176000
0.009318,0.168000,0.176000
0.009320,0.168000,0.176000
0.009322,0.176000,0.176000
0.009324,0.176000,0.176000
0.009326,0.176000,0.168000
0.009328,0.176000,0.176000
0.009330,0.184000,0.176000
0.009332,0.184000,0.176000
0.009334,0.184000,0.176000
0.009336,0.192000,0.176000
0.009338,0.184000,0.176000
0.009340,0.192000,0.176000
0.009342,0.192000,0.176000
0.009344,0.200000,0.176000
0.009346,0.200000,0.176000
0.009348,0.200000,0.176000
0.009350,0.200000,0.184000
0.009352,0.208000,0.184000
0.009354,0.208000,0.176000
0.009356,0.208000,0.176000
0.009358,0.208000,0.176000
0.009360,0.216000,0.184000
0.009362,0.216000,0.184000
0.009364,0.216000,0.176000
0.009366,0.216000,0.184000
0.009368,0.224000,0.176000
0.009370,0.224000,0.176000
0.009372,0.224000,0.176000
0.009374,0.224000,0.184000
0.009376,0.224000,0.184000
0.009378,0.232000,0.184000
0.009380,0.232000,0.184000
0.009382,0.232000,0.184000
0.009384,0.240000,0.184000
0.009386,0.240000,0.184000
0.009388,0.240000,0.184000
0.009390,0.240000,0.184000
0.009392,0.240000,0.184000
0.009394,0.240000,0.184000
0.009396,0.248000,0.184000
0.009398,0.240000,0.184000
0.009400,0.248000,0.184000
0.009402,0.248000,0.184000
0.009404,0.248000,0.184000
0.009406,0.248000,0.184000
0.009408,0.248000,0.184000
0.009410,0.256000,0.176000
0.009412,0.256000,0.184000
0.009414,0.256000,0.184000
0.009416,0.264000,0.184000
0.009418,0.256000,0.184000
0.009420,0.256000,0.184000
0.009422,0.264000,0.184000
0.009424,0.264000,0.184000
0.009426,0.264000,0.184000
0.009428,0.272000,0.184000
0.009430,0.272000,0.184000
0.009432,0.280000,0.184000
0.009434,0.272000,0.184000
0.009436,0.280000,0.184000
0.009438,0.280000,0.184000
0.009440,0.280000,0.184000
0.009442,0.280000,0.184000
0.009444,0.280000,0.184000
0.009446,0.280000,0.184000
0.009448,0.288000,0.184000
0.009450,0.288000,0.184000
0.009452,0.288000,0.184000
0.009454,0.288000,0.184000
0.009456,0.288000,0.184000
0.009458,0.288000,0.176000
0.009460,0.288000,0.184000
0.009462,0.288000,0.176000
0.009464,0.296000,0.184000
0.009466,0.296000,0.176000
0.009468,0.296000,0.176000
0.009470,0.296000,0.176000
0.009472,0.296000,0.176000
0.009474,0.296000,0.176000
0.009476,0.296000,0.184000
0.009478,0.296000,0.176000
0.009480,0.296000,0.176000
0.009482,0.304000,0.176000
0.009484,0.296000,0.176000
0.009486,0.296000,0.176000
0.009488,0.304000,0.176000
0.009490,0.304000,0.176000
0.009492,0.304000,0.176000
0.009494,0.304000,0.176000
0.009496,0.312000,0.168000
0.009498,0.312000,0.176000
0.009500,0.304000,0.176000
0.009502,0.312000,0.168000
0.009504,0.312000,0.176000
0.009506,0.312000,0.168000
0.009508,0.312000,0.168000
0.009510,0.312000,0.168000
0.009512,0.312000,0.168000
0.009514,0.312000,0.168000
0.009516,0.312000,0.168000
0.009518,0.312000,0.168000
0.009520,0.312000,0.168000
0.009522,0.312000,0.168000
0.009524,0.312000,0.168000
0.009526,0.312000,0.168000
0.009528,0.312000,0.168000
0.009530,0.312000,0.168000
0.009532,0.320000,0.168000
0.009534,0.312000,0.160000
0.009536,0.320000,0.160000
0.009538,0.312000,0.160000
0.009540,0.320000,0.160000
0.009542,0.320000,0.160000
0.009544,0.320000,0.160000
0.009546,0.320000,0.152000
0.009548,0.312000,0.152000
0.009550,0.320000,0.160000
0.009552,0.320000,0.152000
0.009554,0.320000,0.152000
0.009556,0.320000,0.152000
0.009558,0.320000,0.152000
0.009560,0.328000,0.152000
0.009562,0.320000,0.152000
0.009564,0.320000,0.152000
0.009566,0.320000,0.144000
0.009568,0.312000,0.152000
0.009570,0.320000,0.144000
0.009572,0.320000,0.144000
0.009574,0.320000,0.144000
0.009576,0.320000,0.144000
0.009578,0.320000,0.144000
0.009580,0.312000,0.136000
0.009582,0.320000,0.136000
0.009584,0.320000,0.144000
0.009586,0.320000,0.136000
0.009588,0.320000,0.136000
0.009590,0.320000,0.136000
0.009592,0.312000,0.136000
0.009594,0.320000,0.136000
0.009596,0.320000,0.136000
0.009598,0.320000,0.128000
0.009600,0.312000,0.136000
0.009602,0.312000,0.128000
0.009604,0.312000,0.128000
0.009606,0.320000,0.128000
0.009608,0.312000,0.128000
0.009610,0.312000,0.128000
0.009612,0.312000,0.128000
0.009614,0.312000,0.128000
0.009616,0.312000,0.120000
0.009618,0.320000,0.120000
0.009620,0.312000,0.112000
0.009622,0.312000,0.120000
0.009624,0.312000,0.120000
0.009626,0.312000,0.120000
0.009628,0.312000,0.120000
0.009630,0.312000,0.112000
0.009632,0.312000,0.112000
0.009634,0.312000,0.112000
0.009636,0.312000,0.112000
0.009638,0.304000,0.104000
0.009640,0.304000,0.104000
0.009642,0.304000,0.104000
0.009644,0.304000,0.104000
0.009646,0.304000,0.104000
0.009648,0.296000,0.104000
0.009650,0.304000,0.104000
0.009652,0.296000,0.096000
0.009654,0.304000,0.104000
0.009656,0.304000,0.096000
0.009658,0.304000,0.096000
0.009660,0.296000,0.096000
0.009662,0.296000,0.088000
0.009664,0.296000,0.088000
0.009666,0.296000,0.088000
0.009668,0.288000,0.088000
0.009670,0.296000,0.088000
0.009672,0.296000,0.088000
0.009674,0.296000,0.088000
0.009676,0.296000,0.088000
0.009678,0.288000,0.080000
0.009680,0.296000,0.080000
0.009682,0.288000,0.080000
0.009684,0.280000,0.080000
0.009686,0.280000,0.080000
0.009688,0.288000,0.080000
0.009690,0.288000,0.072000
0.009692,0.280000,0.072000
0.009694,0.280000,0.072000
0.009696,0.280000,0.072000
0.009698,0.280000,0.072000
0.009700,0.280000,0.064000
0.009702,0.280000,0.064000
0.009704,0.280000,0.064000
0.009706,0.272000,0.064000
0.009708,0.272000,0.056000
0.009710,0.272000,0.056000
0.009712,0.264000,0.056000
0.009714,0.264000,0.056000
0.009716,0.264000,0.056000
0.009718,0.264000,0.056000
0.009720,0.256000,0.048000
0.009722,0.256000,0.048000
0.009724,0.256000,0.048000
0.009726,0.256000,0.048000
0.009728,0.256000,0.048000
0.009730,0.256000,0.048000
0.009732,0.256000,0.048000
0.009734,0.248000,0.048000
0.009736,0.248000,0.040000
0.009738,0.248000,0.040000
0.009740,0.240000,0.040000
0.009742,0.248000,0.040000
0.009744,0.240000,0.032000
0.009746,0.240000,0.032000
0.009748,0.240000,0.032000
0.009750,0.240000,0.032000
0.009752,0.232000,0.032000
0.009754,0.232000,0.024000
0.009756,0.232000,0.024000
0.009758,0.232000,0.024000
0.009760,0.232000,0.024000
0.009762,0.224000,0.024000
0.009764,0.224000,0.024000
0.009766,0.224000,0.024000
0.009768,0.216000,0.024000
0.009770,0.216000,0.016000
0.009772,0.216000,0.016000
0.009774,0.216000,0.016000
0.009776,0.216000,0.016000
0.009778,0.208000,0.008000
0.009780,0.208000,0.008000
0.009782,0.208000,0.008000
0.009784,0.208000,0.008000
0.009786,0.200000,0.008000
0.009788,0.208000,0.008000
0.009790,0.200000,0.000000
0.009792,0.200000,0.000000
0.009794,0.192000,0.000000
0.009796,0.192000,-0.008000
0.009798,0.192000,-0.008000
0.009800,0.192000,-0.008000
0.009802,0.184000,-0.008000
0.009804,0.184000,-0.008000
0.009806,0.184000,-0.008000
0.009808,0.184000,-0.008000
0.009810,0.176000,-0.008000
0.009812,0.184000,-0.016000
0.009814,0.176000,-0.016000
0.009816,0.176000,-0.016000
0.009818,0.168000,-0.024000
0.009820,0.176000,-0.016000
0.009822,0.168000,-0.024000
0.009824,0.160000,-0.024000
0.009826,0.160000,-0.032000
0.009828,0.160000,-0.024000
0.009830,0.160000,-0.032000
0.009832,0.152000,-0.032000
0.009834,0.152000,-0.032000
0.009836,0.152000,-0.032000
0.009838,0.144000,-0.032000
0.009840,0.144000,-0.032000
0.009842,0.144000,-0.032000
0.009844,0.144000,-0.040000
0.009846,0.144000,-0.040000
0.009848,0.136000,-0.040000
0.009850,0.136000,-0.040000
0.009852,0.128000,-0.048000
0.009854,0.128000,-0.048000
0.009856,0.128000,-0.048000
0.009858,0.128000,-0.048000
0.009860,0.120000,-0.048000
0.009862,0.120000,-0.048000
0.009864,0.120000,-0.056000
0.009866,0.112000,-0.056000
0.009868,0.112000,-0.056000
0.009870,0.112000,-0.056000
0.009872,0.104000,-0.056000
0.009874,0.104000,-0.056000
0.009876,0.104000,-0.056000
0.009878,0.104000,-0.056000
0.009880,0.096000,-0.064000
0.009882,0.096000,-0.064000
0.009884,0.088000,-0.064000
0.009886,0.088000,-0.064000
0.009888,0.088000,-0.064000
0.009890,0.088000,-0.072000
0.009892,0.088000,-0.072000
0.009894,0.080000,-0.072000
0.009896,0.080000,-0.072000
0.009898,0.072000,-0.080000
0.009900,0.064000,-0.080000
0.009902,0.064000,-0.080000
0.009904,0.064000,-0.080000
0.009906,0.064000,-0.088000
0.009908,0.064000,-0.080000
0.009910,0.056000,-0.080000
0.009912,0.056000,-0.088000
0.009914,0.048000,-0.080000
0.009916,0.048000,-0.088000
0.009918,0.048000,-0.088000
0.009920,0.048000,-0.088000
0.009922,0.040000,-0.096000
0.009924,0.040000,-0.096000
0.009926,0.032000,-0.096000
0.009928,0.032000,-0.096000
0.009930,0.032000,-0.096000
0.009932,0.032000,-0.104000
0.009934,0.024000,-0.104000
0.009936,0.032000,-0.096000
0.009938,0.024000,-0.104000
0.009940,0.016000,-0.104000
0.009942,0.016000,-0.104000
0.009944,0.016000,-0.104000
0.009946,0.008000,-0.104000
0.009948,0.008000,-0.104000
0.009950,0.008000,-0.104000
0.009952,0.008000,-0.104000
0.009954,0.000000,-0.112000
0.009956,0.000000,-0.112000
0.009958,-0.008000,-0.112000
0.009960,-0.008000,-0.112000
0.009962,-0.008000,-0.112000
0.009964,-0.008000,-0.120000
0.009966,-0.008000,-0.120000
0.009968,-0.016000,-0.120000
0.009970,-0.024000,-0.120000
0.009972,-0.024000,-0.120000
0.009974,-0.024000,-0.120000
0.009976,-0.024000,-0.120000
0.009978,-0.032000,-0.120000
0.009980,-0.032000,-0.128000
0.009982,-0.032000,-0.128000
0.009984,-0.032000,-0.128000
0.009986,-0.040000,-0.128000
0.009988,-0.040000,-0.128000
0.009990,-0.048000,-0.128000
0.009992,-0.048000,-0.128000
0.009994,-0.048000,-0.136000
0.009996,-0.048000,-0.128000
0.009998,-0.056000,-0.136000
0.010000,-0.056000,-0.136000
0.010002,-0.056000,-0.136000
0.010004,-0.064000,-0.144000
0.010006,-0.064000,-0.144000
0.010008,-0.064000,-0.136000
0.010010,-0.064000,-0.144000
0.010012,-0.072000,-0.144000
0.010014,-0.072000,-0.144000
0.010016,-0.080000,-0.144000
0.010018,-0.080000,-0.144000
0.010020,-0.080000,-0.144000
0.010022,-0.088000,-0.144000
0.010024,-0.088000,-0.144000
0.010026,-0.088000,-0.144000
0.010028,-0.088000,-0.144000
0.010030,-0.096000,-0.144000
0.010032,-0.096000,-0.152000
0.010034,-0.096000,-0.152000
0.010036,-0.104000,-0.152000
0.010038,-0.104000,-0.152000
0.010040,-0.104000,-0.152000
0.010042,-0.104000,-0.152000
0.010044,-0.112000,-0.160000
0.010046,-0.112000,-0.152000
0.010048,-0.120000,-0.152000
0.010050,-0.120000,-0.160000
0.010052,-0.120000,-0.160000
0.010054,-0.120000,-0.160000
0.010056,-0.128000,-0.160000
0.010058,-0.128000,-0.160000
0.010060,-0.136000,-0.160000
0.010062,-0.136000,-0.160000
0.010064,-0.136000,-0.168000
0.010066,-0.136000,-0.160000
0.010068,-0.144000,-0.168000
0.010070,-0.144000,-0.160000
0.010072,-0.144000,-0.168000
0.010074,-0.144000,-0.168000
0.010076,-0.152000,-0.168000
0.010078,-0.152000,-0.168000
0.010080,-0.152000,-0.168000
0.010082,-0.160000,-0.168000
0.010084,-0.160000,-0.168000
0.010086,-0.160000,-0.168000
0.010088,-0.160000,-0.168000
0.010090,-0.160000,-0.168000
0.010092,-0.160000,-0.168000
0.010094,-0.168000,-0.168000
0.010096,-0.168000,-0.168000
0.010098,-0.168000,-0.168000
0.010100,-0.168000,-0.176000
0.010102,-0.176000,-0.168000
0.010104,-0.176000,-0.176000
0.010106,-0.184000,-0.176000
0.010108,-0.176000,-0.176000
0.010110,-0.184000,-0.168000
0.010112,-0.184000,-0.176000
0.010114,-0.184000,-0.176000
0.010116,-0.192000,-0.176000
0.010118,-0.184000,-0.176000
0.010120,-0.200000,-0.176000
0.010122,-0.200000,-0.176000
0.010124,-0.200000,-0.176000
0.010126,-0.200000,-0.176000
0.010128,-0.200000,-0.176000
0.010130,-0.200000,-0.176000
0.010132,-0.208000,-0.176000
0.010134,-0.208000,-0.176000
0.010136,-0.216000,-0.176000
0.010138,-0.216000,-0.176000
0.010140,-0.216000,-0.176000
0.010142,-0.216000,-0.176000
0.010144,-0.216000,-0.176000
0.010146,-0.216000,-0.176000
0.010148,-0.224000,-0.176000
0.010150,-0.224000,-0.176000
0.010152,-0.232000,-0.184000
0.010154,-0.232000,-0.176000
0.010156,-0.232000,-0.176000
0.010158,-0.232000,-0.176000
0.010160,-0.232000,-0.176000
0.010162,-0.232000,-0.176000
0.010164,-0.240000,-0.176000
0.010166,-0.240000,-0.184000
0.010168,-0.240000,-0.184000
0.010170,-0.240000,-0.184000
0.010172,-0.248000,-0.184000
0.010174,-0.248000,-0.184000
0.010176,-0.248000,-0.176000
0.010178,-0.248000,-0.176000
0.010180,-0.248000,-0.184000
0.010182,-0.256000,-0.184000
0.010184,-0.256000,-0.184000
0.010186,-0.256000,-0.176000
0.010188,-0.256000,-0.184000
0.010190,-0.256000,-0.184000
0.010192,-0.264000,-0.176000
0.010194,-0.256000,-0.176000
0.010196,-0.264000,-0.176000
0.010198,-0.264000,-0.176000
0.010200,-0.264000,-0.176000
0.010202,-0.264000,-0.176000
0.010204,-0.264000,-0.176000
0.010206,-0.272000,-0.184000
0.010208,-0.272000,-0.176000
0.010210,-0.272000,-0.176000
0.010212,-0.272000,-0.176000
0.010214,-0.272000,-0.176000
0.010216,-0.272000,-0.176000
0.010218,-0.280000,-0.176000
0.010220,-0.280000,-0.176000
0.010222,-0.280000,-0.176000
0.010224,-0.272000,-0.176000
0.010226,-0.280000,-0.176000
0.010228,-0.288000,-0.176000
0.010230,-0.288000,-0.176000
0.010232,-0.288000,-0.176000
0.010234,-0.288000,-0.176000
0.010236,-0.288000,-0.176000
0.010238,-0.288000,-0.176000
0.010240,-0.288000,-0.176000
0.010242,-0.296000,-0.176000
0.010244,-0.296000,-0.176000
0.010246,-0.296000,-0.168000
0.010248,-0.288000,-0.176000
0.010250,-0.296000,-0.176000
0.010252,-0.296000,-0.176000
0.010254,-0.296000,-0.176000
0.010256,-0.296000,-0.176000
0.010258,-0.296000,-0.168000
0.010260,-0.296000,-0.168000
0.010262,-0.304000,-0.168000
0.010264,-0.296000,-0.176000
0.010266,-0.304000,-0.168000
0.010268,-0.304000,-0.168000
0.010270,-0.304000,-0.168000
0.010272,-0.304000,-0.168000
0.010274,-0.304000,-0.168000
0.010276,-0.304000,-0.168000
0.010278,-0.304000,-0.168000
0.010280,-0.304000,-0.160000
0.010282,-0.312000,-0.168000
0.010284,-0.304000,-0.168000
0.010286,-0.312000,-0.168000
0.010288,-0.312000,-0.168000
0.010290,-0.312000,-0.160000
0.010292,-0.312000,-0.168000
0.010294,-0.312000,-0.160000
0.010296,-0.312000,-0.160000
0.010298,-0.312000,-0.160000
0.010300,-0.312000,-0.160000
0.010302,-0.312000,-0.160000
0.010304,-0.312000,-0.152000
0.010306,-0.312000,-0.160000
0.010308,-0.312000,-0.152000
0.010310,-0.312000,-0.160000
0.010312,-0.312000,-0.160000
0.010314,-0.312000,-0.152000
0.010316,-0.312000,-0.152000
0.010318,-0.312000,-0.152000
0.010320,-0.312000,-0.152000
0.010322,-0.312000,-0.152000
0.010324,-0.312000,-0.152000
0.010326,-0.312000,-0.144000
0.010328,-0.312000,-0.144000
0.010330,-0.312000,-0.144000
0.010332,-0.312000,-0.144000
0.010334,-0.312000,-0.144000
0.010336,-0.312000,-0.144000
0.010338,-0.312000,-0.144000
0.010340,-0.312000,-0.144000
0.010342,-0.320000,-0.144000
0.010344,-0.312000,-0.144000
0.010346,-0.312000,-0.144000
0.010348,-0.312000,-0.136000
0.010350,-0.312000,-0.136000
0.010352,-0.312000,-0.136000
0.010354,-0.312000,-0.136000
0.010356,-0.312000,-0.136000
0.010358,-0.320000,-0.136000
0.010360,-0.312000,-0.136000
0.010362,-0.312000,-0.128000
0.010364,-0.312000,-0.128000
0.010366,-0.312000,-0.128000
0.010368,-0.312000,-0.128000
0.010370,-0.312000,-0.128000
0.010372,-0.312000,-0.128000
0.010374,-0.312000,-0.128000
0.010376,-0.312000,-0.120000
0.010378,-0.304000,-0.120000
0.010380,-0.312000,-0.120000
0.010382,-0.312000,-0.120000
0.010384,-0.304000,-0.120000
0.010386,-0.312000,-0.120000
0.010388,-0.312000,-0.120000
0.010390,-0.304000,-0.112000
0.010392,-0.312000,-0.120000
0.010394,-0.304000,-0.112000
0.010396,-0.304000,-0.112000
0.010398,-0.304000,-0.112000
0.010400,-0.304000,-0.112000
0.010402,-0.304000,-0.104000
0.010404,-0.304000,-0.104000
0.010406,-0.304000,-0.104000
0.010408,-0.296000,-0.104000
0.010410,-0.304000,-0.104000
0.010412,-0.296000,-0.104000
0.010414,-0.296000,-0.104000
0.010416,-0.296000,-0.104000
0.010418,-0.296000,-0.096000
0.010420,-0.296000,-0.096000
0.010422,-0.296000,-0.096000
0.010424,-0.296000,-0.096000
0.010426,-0.296000,-0.096000
0.010428,-0.296000,-0.096000
0.010430,-0.296000,-0.096000
0.010432,-0.296000,-0.088000
0.010434,-0.296000,-0.088000
0.010436,-0.296000,-0.088000
0.010438,-0.288000,-0.088000
0.010440,-0.288000,-0.088000
0.010442,-0.288000,-0.080000
0.010444,-0.288000,-0.080000
0.010446,-0.280000,-0.080000
0.010448,-0.280000,-0.080000
0.010450,-0.280000,-0.080000
0.010452,-0.280000,-0.080000
0.010454,-0.280000,-0.080000
0.010456,-0.280000,-0.080000
0.010458,-0.280000,-0.080000
0.010460,-0.272000,-0.072000
0.010462,-0.280000,-0.072000
0.010464,-0.272000,-0.072000
0.010466,-0.272000,-0.064000
0.010468,-0.272000,-0.064000
0.010470,-0.272000,-0.072000
0.010472,-0.272000,-0.064000
0.010474,-0.264000,-0.056000
0.010476,-0.264000,-0.056000
0.010478,-0.264000,-0.056000
0.010480,-0.264000,-0.056000
0.010482,-0.264000,-0.056000
0.010484,-0.264000,-0.056000
0.010486,-0.256000,-0.056000
0.010488,-0.256000,-0.048000
0.010490,-0.256000,-0.048000
0.010492,-0.256000,-0.048000
0.010494,-0.248000,-0.048000
0.010496,-0.256000,-0.048000
0.010498,-0.248000,-0.048000
