0.007875,0.056000,0.088000
0.007875,0.056000,0.096000
0.007875,0.072000,0.104000
0.007875,0.064000,0.104000
0.007875,0.064000,0.112000
0.007876,0.056000,0.104000
0.007876,0.064000,0.112000
0.007876,0.064000,0.112000
0.007876,0.072000,0.112000
0.007876,0.080000,0.112000
0.007876,0.080000,0.112000
0.007876,0.080000,0.128000
0.007876,0.080000,0.120000
0.007876,0.088000,0.136000
0.007876,0.088000,0.128000
0.007876,0.096000,0.128000
0.007877,0.096000,0.136000
0.007877,0.096000,0.136000
0.007877,0.104000,0.136000
0.007877,0.088000,0.144000
0.007877,0.112000,0.144000
0.007877,0.112000,0.144000
0.007877,0.112000,0.144000
0.007877,0.112000,0.152000
0.007877,0.104000,0.152000
0.007878,0.112000,0.160000
0.007878,0.120000,0.160000
0.007878,0.120000,0.160000
0.007878,0.128000,0.168000
0.007878,0.128000,0.168000
0.007878,0.136000,0.152000
0.007878,0.128000,0.168000
0.007878,0.128000,0.168000
0.007878,0.136000,0.168000
0.007878,0.136000,0.176000
0.007879,0.128000,0.176000
0.007879,0.152000,0.184000
0.007879,0.152000,0.184000
0.007879,0.144000,0.192000
0.007879,0.152000,0.192000
0.007879,0.152000,0.192000
0.007879,0.160000,0.192000
0.007879,0.152000,0.192000
0.007879,0.160000,0.200000
0.007879,0.168000,0.200000
0.007879,0.168000,0.200000
0.007880,0.168000,0.208000
0.007880,0.168000,0.208000
0.007880,0.176000,0.216000
0.007880,0.176000,0.200000
0.007880,0.184000,0.216000
0.007880,0.192000,0.208000
0.007880,0.184000,0.216000
0.007880,0.192000,0.232000
0.007880,0.184000,0.224000
0.007881,0.192000,0.224000
0.007881,0.184000,0.224000
0.007881,0.192000,0.232000
0.007881,0.200000,0.232000
0.007881,0.192000,0.224000
0.007881,0.200000,0.224000
0.007881,0.200000,0.240000
0.007881,0.208000,0.240000
0.007881,0.208000,0.256000
0.007881,0.216000,0.240000
0.007881,0.216000,0.256000
0.007882,0.216000,0.240000
0.007882,0.224000,0.248000
0.007882,0.216000,0.248000
0.007882,0.224000,0.248000
0.007882,0.224000,0.256000
0.007882,0.216000,0.264000
0.007882,0.232000,0.264000
0.007882,0.240000,0.264000
0.007882,0.232000,0.264000
0.007883,0.232000,0.272000
0.007883,0.232000,0.272000
0.007883,0.240000,0.280000
0.007883,0.256000,0.272000
0.007883,0.256000,0.280000
0.007883,0.248000,0.280000
0.007883,0.264000,0.280000
0.007883,0.256000,0.288000
0.007883,0.264000,0.288000
0.007883,0.256000,0.288000
0.007883,0.264000,0.288000
0.007884,0.264000,0.288000
0.007884,0.272000,0.288000
0.007884,0.264000,0.296000
0.007884,0.264000,0.304000
0.007884,0.272000,0.288000
0.007884,0.264000,0.304000
0.007884,0.280000,0.304000
0.007884,0.280000,0.312000
0.007884,0.288000,0.304000
0.007885,0.280000,0.304000
0.007885,0.280000,0.312000
0.007885,0.288000,0.312000
0.007885,0.280000,0.312000
0.007885,0.288000,0.320000
0.007885,0.296000,0.320000
0.007885,0.288000,0.320000
0.007885,0.304000,0.320000
0.007885,0.304000,0.328000
0.007885,0.304000,0.328000
0.007886,0.296000,0.320000
0.007886,0.304000,0.336000
0.007886,0.304000,0.328000
0.007886,0.312000,0.328000
0.007886,0.312000,0.336000
0.007886,0.312000,0.336000
0.007886,0.320000,0.336000
0.007886,0.312000,0.344000
0.007886,0.320000,0.352000
0.007886,0.320000,0.344000
0.007886,0.312000,0.352000
0.007887,0.328000,0.352000
0.007887,0.320000,0.352000
0.007887,0.336000,0.360000
0.007887,0.328000,0.352000
0.007887,0.328000,0.360000
0.007887,0.336000,0.360000
0.007887,0.336000,0.368000
0.007887,0.336000,0.360000
0.007887,0.328000,0.368000
0.007888,0.328000,0.360000
0.007888,0.352000,0.376000
0.007888,0.352000,0.376000
0.007888,0.344000,0.368000
0.007888,0.352000,0.368000
0.007888,0.352000,0.368000
0.007888,0.352000,0.368000
0.007888,0.352000,0.384000
0.007888,0.360000,0.376000
0.007888,0.360000,0.384000
0.007888,0.360000,0.376000
0.007889,0.360000,0.384000
0.007889,0.360000,0.384000
0.007889,0.376000,0.384000
0.007889,0.360000,0.392000
0.007889,0.368000,0.392000
0.007889,0.368000,0.392000
0.007889,0.368000,0.392000
0.007889,0.376000,0.400000
0.007889,0.368000,0.392000
0.007890,0.376000,0.400000
0.007890,0.376000,0.392000
0.007890,0.392000,0.408000
0.007890,0.384000,0.400000
0.007890,0.384000,0.400000
0.007890,0.392000,0.400000
0.007890,0.384000,0.400000
0.007890,0.392000,0.416000
0.007890,0.392000,0.408000
0.007890,0.392000,0.416000
0.007890,0.392000,0.416000
0.007891,0.400000,0.408000
0.007891,0.392000,0.416000
0.007891,0.392000,0.416000
0.007891,0.400000,0.416000
0.007891,0.400000,0.424000
0.007891,0.408000,0.424000
0.007891,0.400000,0.416000
0.007891,0.408000,0.424000
0.007891,0.408000,0.424000
0.007891,0.408000,0.432000
0.007892,0.416000,0.424000
0.007892,0.408000,0.432000
0.007892,0.416000,0.424000
0.007892,0.416000,0.424000
0.007892,0.416000,0.440000
0.007892,0.424000,0.440000
0.007892,0.424000,0.440000
0.007892,0.424000,0.432000
0.007892,0.416000,0.432000
0.007893,0.424000,0.432000
0.007893,0.432000,0.440000
0.007893,0.440000,0.440000
0.007893,0.440000,0.432000
0.007893,0.432000,0.448000
0.007893,0.432000,0.448000
0.007893,0.432000,0.448000
0.007893,0.432000,0.448000
0.007893,0.432000,0.440000
0.007893,0.448000,0.448000
0.007893,0.440000,0.456000
0.007894,0.448000,0.456000
0.007894,0.448000,0.448000
0.007894,0.432000,0.456000
0.007894,0.432000,0.448000
0.007894,0.440000,0.448000
0.007894,0.448000,0.456000
0.007894,0.440000,0.448000
0.007894,0.440000,0.448000
0.007894,0.448000,0.456000
0.007895,0.456000,0.456000
0.007895,0.456000,0.464000
0.007895,0.456000,0.464000
0.007895,0.448000,0.456000
0.007895,0.456000,0.456000
0.007895,0.464000,0.464000
0.007895,0.448000,0.464000
0.007895,0.464000,0.464000
0.007895,0.456000,0.464000
0.007895,0.464000,0.464000
0.007895,0.456000,0.464000
0.007896,0.464000,0.472000
0.007896,0.464000,0.472000
0.007896,0.472000,0.472000
0.007896,0.464000,0.464000
0.007896,0.456000,0.472000
0.007896,0.472000,0.480000
0.007896,0.464000,0.480000
0.007896,0.472000,0.472000
0.007896,0.472000,0.472000
0.007897,0.472000,0.472000
0.007897,0.472000,0.480000
0.007897,0.480000,0.472000
0.007897,0.480000,0.472000
0.007897,0.480000,0.480000
0.007897,0.480000,0.480000
0.007897,0.480000,0.480000
0.007897,0.472000,0.480000
0.007897,0.480000,0.480000
0.007897,0.480000,0.488000
0.007898,0.488000,0.488000
0.007898,0.488000,0.488000
0.007898,0.488000,0.488000
0.007898,0.488000,0.480000
0.007898,0.480000,0.480000
0.007898,0.480000,0.488000
0.007898,0.496000,0.480000
0.007898,0.488000,0.480000
0.007898,0.488000,0.488000
0.007898,0.488000,0.488000
0.007898,0.496000,0.496000
0.007899,0.488000,0.488000
0.007899,0.496000,0.480000
0.007899,0.488000,0.488000
0.007899,0.504000,0.488000
0.007899,0.488000,0.496000
0.007899,0.496000,0.488000
0.007899,0.496000,0.488000
0.007899,0.496000,0.488000
0.007899,0.496000,0.488000
0.007900,0.488000,0.496000
0.007900,0.496000,0.496000
0.007900,0.496000,0.488000
0.007900,0.496000,0.488000
0.007900,0.496000,0.488000
0.007900,0.504000,0.488000
0.007900,0.512000,0.496000
0.007900,0.504000,0.496000
0.007900,0.504000,0.496000
0.007900,0.496000,0.496000
0.007900,0.504000,0.496000
0.007901,0.496000,0.496000
0.007901,0.488000,0.504000
0.007901,0.512000,0.496000
0.007901,0.496000,0.504000
0.007901,0.504000,0.496000
0.007901,0.504000,0.496000
0.007901,0.512000,0.496000
0.007901,0.496000,0.488000
0.007901,0.512000,0.488000
0.007902,0.504000,0.488000
0.007902,0.512000,0.504000
0.007902,0.504000,0.496000
0.007902,0.504000,0.488000
0.007902,0.512000,0.496000
0.007902,0.512000,0.496000
0.007902,0.520000,0.504000
0.007902,0.504000,0.496000
0.007902,0.504000,0.488000
0.007902,0.504000,0.504000
0.007902,0.504000,0.496000
0.007903,0.512000,0.496000
0.007903,0.512000,0.488000
0.007903,0.504000,0.488000
0.007903,0.504000,0.504000
0.007903,0.504000,0.496000
0.007903,0.504000,0.488000
0.007903,0.504000,0.496000
0.007903,0.504000,0.496000
0.007903,0.504000,0.504000
0.007904,0.512000,0.496000
0.007904,0.512000,0.496000
0.007904,0.504000,0.496000
0.007904,0.504000,0.504000
0.007904,0.504000,0.488000
0.007904,0.504000,0.488000
0.007904,0.512000,0.488000
0.007904,0.512000,0.488000
0.007904,0.512000,0.488000
0.007904,0.512000,0.496000
0.007905,0.512000,0.488000
0.007905,0.504000,0.496000
0.007905,0.512000,0.496000
0.007905,0.512000,0.488000
0.007905,0.512000,0.488000
0.007905,0.512000,0.496000
0.007905,0.520000,0.496000
0.007905,0.512000,0.488000
0.007905,0.512000,0.488000
0.007905,0.512000,0.480000
0.007905,0.504000,0.496000
0.007906,0.504000,0.480000
0.007906,0.512000,0.488000
0.007906,0.504000,0.488000
0.007906,0.504000,0.488000
0.007906,0.496000,0.480000
0.007906,0.512000,0.488000
0.007906,0.504000,0.480000
0.007906,0.504000,0.488000
0.007906,0.504000,0.488000
0.007907,0.512000,0.480000
0.007907,0.512000,0.488000
0.007907,0.512000,0.488000
0.007907,0.512000,0.480000
0.007907,0.504000,0.480000
0.007907,0.504000,0.480000
0.007907,0.496000,0.488000
0.007907,0.496000,0.488000
0.007907,0.496000,0.472000
0.007907,0.496000,0.480000
0.007907,0.504000,0.488000
0.007908,0.504000,0.472000
0.007908,0.504000,0.480000
0.007908,0.504000,0.480000
0.007908,0.496000,0.472000
0.007908,0.504000,0.488000
0.007908,0.496000,0.472000
0.007908,0.496000,0.472000
0.007908,0.504000,0.472000
0.007908,0.512000,0.480000
0.007909,0.504000,0.472000
0.007909,0.504000,0.464000
0.007909,0.496000,0.472000
0.007909,0.504000,0.480000
0.007909,0.496000,0.464000
0.007909,0.496000,0.464000
0.007909,0.496000,0.472000
0.007909,0.488000,0.464000
0.007909,0.496000,0.464000
0.007909,0.488000,0.472000
0.007909,0.488000,0.464000
0.007910,0.488000,0.464000
0.007910,0.488000,0.472000
0.007910,0.488000,0.472000
0.007910,0.488000,0.456000
0.007910,0.496000,0.464000
0.007910,0.488000,0.456000
0.007910,0.488000,0.456000
0.007910,0.496000,0.464000
0.007910,0.488000,0.456000
0.007911,0.488000,0.456000
0.007911,0.472000,0.456000
0.007911,0.472000,0.440000
0.007911,0.472000,0.456000
0.007911,0.488000,0.448000
0.007911,0.488000,0.456000
0.007911,0.488000,0.448000
0.007911,0.472000,0.448000
0.007911,0.480000,0.448000
0.007911,0.472000,0.440000
0.007912,0.472000,0.440000
0.007912,0.480000,0.448000
0.007912,0.480000,0.440000
0.007912,0.472000,0.440000
0.007912,0.480000,0.440000
0.007912,0.480000,0.448000
0.007912,0.472000,0.440000
0.007912,0.464000,0.440000
0.007912,0.472000,0.440000
0.007912,0.464000,0.432000
0.007912,0.472000,0.440000
0.007913,0.464000,0.432000
0.007913,0.464000,0.432000
0.007913,0.456000,0.432000
0.007913,0.456000,0.424000
0.007913,0.464000,0.432000
0.007913,0.456000,0.432000
0.007913,0.464000,0.424000
0.007913,0.456000,0.432000
0.007913,0.464000,0.424000
0.007914,0.456000,0.424000
0.007914,0.456000,0.416000
0.007914,0.456000,0.416000
0.007914,0.448000,0.408000
0.007914,0.456000,0.408000
0.007914,0.448000,0.416000
0.007914,0.448000,0.408000
0.007914,0.448000,0.408000
0.007914,0.456000,0.408000
0.007914,0.448000,0.408000
0.007914,0.448000,0.408000
0.007915,0.440000,0.408000
0.007915,0.440000,0.400000
0.007915,0.448000,0.400000
0.007915,0.448000,0.400000
0.007915,0.440000,0.400000
0.007915,0.432000,0.392000
0.007915,0.432000,0.392000
0.007915,0.432000,0.384000
0.007915,0.432000,0.392000
0.007916,0.432000,0.384000
0.007916,0.424000,0.384000
0.007916,0.432000,0.392000
0.007916,0.432000,0.384000
0.007916,0.424000,0.392000
0.007916,0.424000,0.384000
0.007916,0.424000,0.384000
0.007916,0.424000,0.376000
0.007916,0.416000,0.384000
0.007916,0.424000,0.376000
0.007916,0.416000,0.376000
0.007917,0.408000,0.384000
0.007917,0.408000,0.368000
0.007917,0.424000,0.376000
0.007917,0.408000,0.384000
0.007917,0.408000,0.368000
0.007917,0.408000,0.368000
0.007917,0.400000,0.360000
0.007917,0.408000,0.368000
0.007917,0.400000,0.368000
0.007917,0.400000,0.360000
0.007918,0.392000,0.352000
0.007918,0.392000,0.352000
0.007918,0.400000,0.360000
0.007918,0.400000,0.352000
0.007918,0.400000,0.352000
0.007918,0.392000,0.352000
0.007918,0.392000,0.344000
0.007918,0.384000,0.344000
0.007918,0.392000,0.344000
0.007919,0.384000,0.336000
0.007919,0.376000,0.336000
0.007919,0.384000,0.336000
0.007919,0.384000,0.336000
0.007919,0.376000,0.336000
0.007919,0.376000,0.344000
0.007919,0.376000,0.328000
0.007919,0.368000,0.336000
0.007919,0.360000,0.328000
0.007919,0.368000,0.328000
0.007919,0.360000,0.312000
0.007920,0.368000,0.328000
0.007920,0.360000,0.320000
0.007920,0.360000,0.320000
0.007920,0.368000,0.320000
0.007920,0.352000,0.312000
0.007920,0.360000,0.312000
0.007920,0.352000,0.304000
0.007920,0.352000,0.304000
0.007920,0.344000,0.304000
0.007921,0.352000,0.296000
0.007921,0.344000,0.296000
0.007921,0.344000,0.296000
0.007921,0.336000,0.304000
0.007921,0.336000,0.288000
0.007921,0.336000,0.288000
0.007921,0.344000,0.296000
0.007921,0.336000,0.280000
0.007921,0.328000,0.288000
0.007921,0.328000,0.280000
0.007921,0.336000,0.280000
0.007922,0.320000,0.288000
0.007922,0.328000,0.280000
0.007922,0.328000,0.272000
0.007922,0.320000,0.280000
0.007922,0.320000,0.264000
0.007922,0.320000,0.272000
0.007922,0.320000,0.272000
0.007922,0.320000,0.272000
0.007922,0.328000,0.264000
0.007923,0.320000,0.264000
0.007923,0.304000,0.264000
0.007923,0.304000,0.256000
0.007923,0.304000,0.264000
0.007923,0.304000,0.256000
0.007923,0.304000,0.248000
0.007923,0.296000,0.248000
0.007923,0.288000,0.256000
0.007923,0.296000,0.240000
0.007923,0.296000,0.240000
0.007923,0.296000,0.248000
0.007924,0.288000,0.232000
0.007924,0.272000,0.232000
0.007924,0.288000,0.232000
0.007924,0.280000,0.224000
0.007924,0.288000,0.224000
0.007924,0.280000,0.224000
0.007924,0.280000,0.224000
0.007924,0.264000,0.216000
0.007924,0.272000,0.224000
0.007924,0.272000,0.216000
0.007925,0.264000,0.208000
0.007925,0.264000,0.208000
0.007925,0.264000,0.216000
0.007925,0.264000,0.208000
0.007925,0.256000,0.200000
0.007925,0.256000,0.200000
0.007925,0.248000,0.200000
0.007925,0.248000,0.192000
0.007925,0.240000,0.200000
0.007926,0.248000,0.192000
0.007926,0.248000,0.192000
0.007926,0.240000,0.184000
0.007926,0.248000,0.184000
0.007926,0.240000,0.184000
0.007926,0.232000,0.184000
0.007926,0.232000,0.176000
0.007926,0.232000,0.176000
0.007926,0.224000,0.176000
0.007926,0.232000,0.176000
0.007926,0.224000,0.184000
0.007927,0.216000,0.168000
0.007927,0.216000,0.168000
0.007927,0.224000,0.176000
0.007927,0.216000,0.160000
0.007927,0.208000,0.160000
0.007927,0.208000,0.160000
0.007927,0.208000,0.152000
0.007927,0.200000,0.152000
0.007927,0.208000,0.160000
0.007928,0.200000,0.152000
0.007928,0.192000,0.136000
0.007928,0.192000,0.136000
0.007928,0.184000,0.136000
0.007928,0.184000,0.136000
0.007928,0.184000,0.136000
0.007928,0.184000,0.136000
0.007928,0.184000,0.128000
0.007928,0.184000,0.120000
0.007928,0.184000,0.120000
0.007928,0.168000,0.128000
0.007929,0.184000,0.128000
0.007929,0.176000,0.120000
0.007929,0.160000,0.112000
0.007929,0.176000,0.120000
0.007929,0.160000,0.112000
0.007929,0.160000,0.112000
0.007929,0.160000,0.096000
0.007929,0.160000,0.112000
0.007929,0.152000,0.096000
0.007930,0.152000,0.096000
0.007930,0.152000,0.096000
0.007930,0.152000,0.096000
0.007930,0.152000,0.096000
0.007930,0.144000,0.088000
0.007930,0.136000,0.088000
0.007930,0.144000,0.096000
0.007930,0.128000,0.080000
0.007930,0.136000,0.080000
0.007930,0.120000,0.072000
0.007931,0.120000,0.072000
0.007931,0.120000,0.064000
0.007931,0.120000,0.072000
0.007931,0.128000,0.064000
0.007931,0.112000,0.064000
0.007931,0.112000,0.056000
0.007931,0.104000,0.056000
0.007931,0.104000,0.056000
0.007931,0.104000,0.056000
0.007931,0.112000,0.048000
0.007931,0.096000,0.048000
0.007932,0.104000,0.056000
0.007932,0.104000,0.040000
0.007932,0.096000,0.040000
0.007932,0.096000,0.040000
0.007932,0.096000,0.040000
0.007932,0.088000,0.032000
0.007932,0.080000,0.032000
0.007932,0.080000,0.032000
0.007932,0.088000,0.032000
0.007933,0.072000,0.016000
0.007933,0.072000,0.016000
0.007933,0.056000,0.024000
0.007933,0.072000,0.024000
0.007933,0.064000,0.016000
0.007933,0.072000,0.008000
0.007933,0.056000,0.016000
0.007933,0.064000,0.008000
0.007933,0.056000,0.000000
0.007933,0.056000,0.000000
0.007933,0.056000,0.000000
0.007934,0.048000,-0.008000
0.007934,0.040000,-0.008000
0.007934,0.040000,-0.008000
0.007934,0.040000,-0.008000
0.007934,0.040000,-0.016000
0.007934,0.024000,-0.016000
0.007934,0.032000,-0.008000
0.007934,0.024000,-0.024000
0.007934,0.024000,-0.016000
0.007935,0.032000,-0.032000
0.007935,0.024000,-0.024000
0.007935,0.032000,-0.024000
0.007935,0.024000,-0.032000
0.007935,0.008000,-0.040000
0.007935,0.016000,-0.040000
0.007935,0.008000,-0.040000
0.007935,0.000000,-0.032000
0.007935,0.008000,-0.040000
0.007935,0.000000,-0.048000
0.007935,0.000000,-0.040000
0.007936,-0.008000,-0.056000
0.007936,-0.008000,-0.056000
0.007936,-0.008000,-0.064000
0.007936,-0.008000,-0.064000
0.007936,-0.008000,-0.064000
0.007936,-0.016000,-0.064000
0.007936,-0.016000,-0.064000
0.007936,-0.016000,-0.064000
0.007936,-0.024000,-0.064000
0.007937,-0.024000,-0.072000
0.007937,-0.032000,-0.080000
0.007937,-0.024000,-0.072000
0.007937,-0.040000,-0.088000
0.007937,-0.040000,-0.080000
0.007937,-0.048000,-0.088000
0.007937,-0.040000,-0.088000
0.007937,-0.048000,-0.088000
0.007937,-0.048000,-0.096000
0.007937,-0.056000,-0.096000
0.007938,-0.056000,-0.104000
0.007938,-0.056000,-0.104000
0.007938,-0.064000,-0.104000
0.007938,-0.064000,-0.112000
0.007938,-0.064000,-0.104000
0.007938,-0.064000,-0.112000
0.007938,-0.072000,-0.112000
0.007938,-0.072000,-0.120000
0.007938,-0.072000,-0.120000
0.007938,-0.080000,-0.120000
0.007938,-0.080000,-0.120000
0.007939,-0.080000,-0.128000
0.007939,-0.080000,-0.136000
0.007939,-0.088000,-0.136000
0.007939,-0.088000,-0.128000
0.007939,-0.096000,-0.136000
0.007939,-0.088000,-0.136000
0.007939,-0.096000,-0.136000
0.007939,-0.104000,-0.144000
0.007939,-0.104000,-0.136000
0.007940,-0.096000,-0.144000
0.007940,-0.096000,-0.152000
0.007940,-0.112000,-0.144000
0.007940,-0.104000,-0.152000
0.007940,-0.112000,-0.160000
0.007940,-0.112000,-0.160000
0.007940,-0.112000,-0.160000
0.007940,-0.128000,-0.168000
0.007940,-0.120000,-0.160000
0.007940,-0.128000,-0.160000
0.007940,-0.128000,-0.168000
0.007941,-0.136000,-0.168000
0.007941,-0.144000,-0.176000
0.007941,-0.128000,-0.176000
0.007941,-0.144000,-0.176000
0.007941,-0.144000,-0.192000
0.007941,-0.144000,-0.184000
0.007941,-0.144000,-0.184000
0.007941,-0.144000,-0.192000
0.007941,-0.144000,-0.184000
0.007942,-0.152000,-0.192000
0.007942,-0.152000,-0.192000
0.007942,-0.152000,-0.184000
0.007942,-0.160000,-0.200000
0.007942,-0.160000,-0.208000
0.007942,-0.168000,-0.208000
0.007942,-0.168000,-0.208000
0.007942,-0.168000,-0.208000
0.007942,-0.168000,-0.200000
0.007942,-0.176000,-0.216000
0.007942,-0.184000,-0.216000
0.007943,-0.184000,-0.224000
0.007943,-0.176000,-0.216000
0.007943,-0.184000,-0.224000
0.007943,-0.176000,-0.224000
0.007943,-0.184000,-0.216000
0.007943,-0.184000,-0.232000
0.007943,-0.200000,-0.232000
0.007943,-0.192000,-0.232000
0.007943,-0.200000,-0.232000
0.007944,-0.200000,-0.240000
0.007944,-0.200000,-0.240000
0.007944,-0.208000,-0.240000
0.007944,-0.208000,-0.248000
0.007944,-0.208000,-0.248000
0.007944,-0.208000,-0.256000
0.007944,-0.208000,-0.248000
0.007944,-0.216000,-0.256000
0.007944,-0.216000,-0.248000
0.007944,-0.216000,-0.256000
0.007945,-0.224000,-0.256000
0.007945,-0.224000,-0.256000
0.007945,-0.224000,-0.256000
0.007945,-0.240000,-0.272000
0.007945,-0.232000,-0.264000
0.007945,-0.240000,-0.272000
0.007945,-0.232000,-0.272000
0.007945,-0.240000,-0.264000
0.007945,-0.240000,-0.272000
0.007945,-0.248000,-0.280000
0.007945,-0.248000,-0.280000
0.007946,-0.256000,-0.288000
0.007946,-0.248000,-0.280000
0.007946,-0.256000,-0.280000
0.007946,-0.248000,-0.288000
0.007946,-0.256000,-0.288000
0.007946,-0.264000,-0.296000
0.007946,-0.264000,-0.288000
0.007946,-0.264000,-0.296000
0.007946,-0.272000,-0.296000
0.007947,-0.264000,-0.304000
0.007947,-0.272000,-0.296000
0.007947,-0.272000,-0.296000
0.007947,-0.272000,-0.312000
0.007947,-0.280000,-0.304000
0.007947,-0.272000,-0.304000
0.007947,-0.272000,-0.312000
0.007947,-0.280000,-0.312000
0.007947,-0.288000,-0.320000
0.007947,-0.288000,-0.312000
0.007947,-0.304000,-0.320000
0.007948,-0.304000,-0.320000
0.007948,-0.296000,-0.328000
0.007948,-0.304000,-0.328000
0.007948,-0.296000,-0.320000
0.007948,-0.304000,-0.336000
0.007948,-0.304000,-0.328000
0.007948,-0.304000,-0.328000
0.007948,-0.304000,-0.336000
0.007948,-0.304000,-0.344000
0.007949,-0.312000,-0.336000
0.007949,-0.312000,-0.336000
0.007949,-0.320000,-0.336000
0.007949,-0.328000,-0.344000
0.007949,-0.328000,-0.344000
0.007949,-0.328000,-0.344000
0.007949,-0.320000,-0.344000
0.007949,-0.328000,-0.352000
0.007949,-0.328000,-0.344000
0.007949,-0.328000,-0.360000
0.007949,-0.328000,-0.360000
0.007950,-0.336000,-0.360000
0.007950,-0.336000,-0.360000
0.007950,-0.328000,-0.368000
0.007950,-0.336000,-0.360000
0.007950,-0.344000,-0.368000
0.007950,-0.344000,-0.368000
0.007950,-0.336000,-0.368000
0.007950,-0.352000,-0.368000
0.007950,-0.344000,-0.368000
0.007950,-0.352000,-0.376000
0.007951,-0.344000,-0.376000
0.007951,-0.352000,-0.376000
0.007951,-0.352000,-0.368000
0.007951,-0.360000,-0.376000
0.007951,-0.352000,-0.376000
0.007951,-0.360000,-0.384000
0.007951,-0.360000,-0.384000
0.007951,-0.368000,-0.384000
0.007951,-0.368000,-0.384000
0.007952,-0.360000,-0.392000
0.007952,-0.368000,-0.384000
0.007952,-0.368000,-0.384000
0.007952,-0.360000,-0.384000
0.007952,-0.368000,-0.392000
0.007952,-0.368000,-0.392000
0.007952,-0.368000,-0.392000
0.007952,-0.376000,-0.392000
0.007952,-0.384000,-0.400000
0.007952,-0.376000,-0.408000
0.007952,-0.384000,-0.400000
0.007953,-0.392000,-0.400000
0.007953,-0.384000,-0.408000
0.007953,-0.384000,-0.408000
0.007953,-0.392000,-0.408000
0.007953,-0.384000,-0.408000
0.007953,-0.392000,-0.416000
0.007953,-0.384000,-0.408000
0.007953,-0.392000,-0.416000
0.007953,-0.408000,-0.424000
0.007954,-0.392000,-0.424000
0.007954,-0.400000,-0.424000
0.007954,-0.400000,-0.424000
0.007954,-0.400000,-0.432000
0.007954,-0.400000,-0.424000
0.007954,-0.400000,-0.440000
0.007954,-0.408000,-0.432000
0.007954,-0.416000,-0.432000
0.007954,-0.408000,-0.432000
0.007954,-0.408000,-0.432000
0.007954,-0.408000,-0.432000
0.007955,-0.416000,-0.432000
0.007955,-0.424000,-0.440000
0.007955,-0.424000,-0.432000
0.007955,-0.424000,-0.440000
0.007955,-0.424000,-0.440000
0.007955,-0.424000,-0.440000
0.007955,-0.424000,-0.440000
0.007955,-0.416000,-0.448000
0.007955,-0.432000,-0.440000
0.007956,-0.432000,-0.448000
0.007956,-0.432000,-0.440000
0.007956,-0.424000,-0.448000
0.007956,-0.440000,-0.448000
0.007956,-0.432000,-0.440000
0.007956,-0.440000,-0.448000
0.007956,-0.440000,-0.448000
0.007956,-0.440000,-0.448000
0.007956,-0.448000,-0.456000
0.007956,-0.440000,-0.456000
0.007957,-0.432000,-0.448000
0.007957,-0.448000,-0.448000
0.007957,-0.448000,-0.448000
0.007957,-0.448000,-0.456000
0.007957,-0.440000,-0.456000
0.007957,-0.448000,-0.456000
0.007957,-0.456000,-0.456000
0.007957,-0.456000,-0.472000
0.007957,-0.456000,-0.464000
0.007957,-0.464000,-0.464000
0.007957,-0.464000,-0.464000
0.007958,-0.464000,-0.472000
0.007958,-0.456000,-0.464000
0.007958,-0.464000,-0.464000
0.007958,-0.448000,-0.472000
0.007958,-0.456000,-0.472000
0.007958,-0.464000,-0.472000
0.007958,-0.464000,-0.472000
0.007958,-0.464000,-0.480000
0.007958,-0.472000,-0.456000
0.007959,-0.480000,-0.480000
0.007959,-0.464000,-0.472000
0.007959,-0.480000,-0.464000
0.007959,-0.472000,-0.464000
0.007959,-0.472000,-0.472000
0.007959,-0.472000,-0.480000
0.007959,-0.472000,-0.480000
0.007959,-0.472000,-0.480000
0.007959,-0.480000,-0.480000
0.007959,-0.472000,-0.480000
0.007959,-0.480000,-0.472000
0.007960,-0.472000,-0.480000
0.007960,-0.480000,-0.488000
0.007960,-0.480000,-0.488000
0.007960,-0.480000,-0.480000
0.007960,-0.480000,-0.480000
0.007960,-0.488000,-0.480000
0.007960,-0.480000,-0.480000
0.007960,-0.488000,-0.488000
0.007960,-0.488000,-0.480000
0.007961,-0.480000,-0.480000
0.007961,-0.488000,-0.496000
0.007961,-0.488000,-0.488000
0.007961,-0.488000,-0.488000
0.007961,-0.488000,-0.488000
0.007961,-0.496000,-0.488000
0.007961,-0.488000,-0.488000
0.007961,-0.488000,-0.496000
0.007961,-0.496000,-0.488000
0.007961,-0.488000,-0.480000
0.007961,-0.496000,-0.496000
0.007962,-0.488000,-0.488000
0.007962,-0.488000,-0.488000
0.007962,-0.488000,-0.488000
0.007962,-0.496000,-0.480000
0.007962,-0.496000,-0.488000
0.007962,-0.488000,-0.496000
0.007962,-0.504000,-0.488000
0.007962,-0.504000,-0.496000
0.007962,-0.504000,-0.496000
0.007963,-0.504000,-0.488000
0.007963,-0.504000,-0.496000
0.007963,-0.488000,-0.496000
0.007963,-0.496000,-0.496000
0.007963,-0.496000,-0.496000
0.007963,-0.504000,-0.496000
0.007963,-0.504000,-0.496000
0.007963,-0.488000,-0.496000
0.007963,-0.496000,-0.488000
0.007963,-0.504000,-0.504000
0.007964,-0.504000,-0.496000
0.007964,-0.512000,-0.496000
0.007964,-0.504000,-0.504000
0.007964,-0.504000,-0.496000
0.007964,-0.512000,-0.512000
0.007964,-0.504000,-0.496000
0.007964,-0.512000,-0.496000
0.007964,-0.496000,-0.496000
0.007964,-0.496000,-0.504000
0.007964,-0.496000,-0.488000
0.007964,-0.496000,-0.504000
0.007965,-0.512000,-0.504000
0.007965,-0.504000,-0.496000
0.007965,-0.504000,-0.496000
0.007965,-0.512000,-0.488000
0.007965,-0.504000,-0.488000
0.007965,-0.504000,-0.496000
0.007965,-0.512000,-0.496000
0.007965,-0.504000,-0.496000
0.007965,-0.512000,-0.496000
0.007966,-0.504000,-0.496000
0.007966,-0.504000,-0.504000
0.007966,-0.504000,-0.488000
0.007966,-0.504000,-0.496000
0.007966,-0.520000,-0.496000
0.007966,-0.512000,-0.496000
0.007966,-0.512000,-0.496000
0.007966,-0.512000,-0.504000
0.007966,-0.512000,-0.504000
0.007966,-0.504000,-0.496000
0.007966,-0.512000,-0.496000
0.007967,-0.504000,-0.488000
0.007967,-0.504000,-0.488000
0.007967,-0.504000,-0.496000
0.007967,-0.512000,-0.496000
0.007967,-0.512000,-0.488000
0.007967,-0.504000,-0.504000
0.007967,-0.512000,-0.496000
0.007967,-0.520000,-0.488000
0.007967,-0.512000,-0.496000
0.007968,-0.512000,-0.504000
0.007968,-0.504000,-0.488000
0.007968,-0.504000,-0.496000
0.007968,-0.512000,-0.496000
0.007968,-0.512000,-0.496000
0.007968,-0.496000,-0.496000
0.007968,-0.504000,-0.496000
0.007968,-0.504000,-0.496000
0.007968,-0.512000,-0.488000
0.007968,-0.512000,-0.496000
0.007968,-0.512000,-0.488000
0.007969,-0.504000,-0.488000
0.007969,-0.504000,-0.488000
0.007969,-0.512000,-0.488000
0.007969,-0.496000,-0.480000
0.007969,-0.504000,-0.488000
0.007969,-0.496000,-0.488000
0.007969,-0.496000,-0.488000
0.007969,-0.504000,-0.488000
0.007969,-0.504000,-0.472000
0.007970,-0.512000,-0.488000
0.007970,-0.504000,-0.480000
0.007970,-0.504000,-0.480000
0.007970,-0.504000,-0.480000
0.007970,-0.496000,-0.472000
0.007970,-0.496000,-0.472000
0.007970,-0.496000,-0.472000
0.007970,-0.504000,-0.480000
0.007970,-0.496000,-0.480000
0.007970,-0.496000,-0.480000
0.007971,-0.504000,-0.480000
0.007971,-0.504000,-0.472000
0.007971,-0.496000,-0.472000
0.007971,-0.496000,-0.480000
0.007971,-0.504000,-0.472000
0.007971,-0.496000,-0.480000
0.007971,-0.504000,-0.480000
0.007971,-0.496000,-0.456000
0.007971,-0.488000,-0.464000
0.007971,-0.496000,-0.472000
0.007971,-0.488000,-0.472000
0.007972,-0.480000,-0.464000
0.007972,-0.496000,-0.472000
0.007972,-0.488000,-0.464000
0.007972,-0.480000,-0.464000
0.007972,-0.488000,-0.472000
0.007972,-0.488000,-0.456000
0.007972,-0.496000,-0.456000
0.007972,-0.480000,-0.464000
0.007972,-0.488000,-0.456000
0.007973,-0.488000,-0.464000
0.007973,-0.480000,-0.456000
0.007973,-0.488000,-0.456000
0.007973,-0.480000,-0.456000
0.007973,-0.488000,-0.464000
0.007973,-0.488000,-0.448000
0.007973,-0.480000,-0.456000
0.007973,-0.480000,-0.456000
0.007973,-0.472000,-0.440000
0.007973,-0.472000,-0.456000
0.007973,-0.480000,-0.456000
0.007974,-0.480000,-0.448000
0.007974,-0.472000,-0.456000
0.007974,-0.472000,-0.448000
0.007974,-0.480000,-0.440000
0.007974,-0.472000,-0.448000
0.007974,-0.472000,-0.440000
0.007974,-0.480000,-0.440000
0.007974,-0.472000,-0.440000
0.007974,-0.472000,-0.440000
0.007975,-0.464000,-0.432000
0.007975,-0.464000,-0.432000
0.007975,-0.464000,-0.424000
0.007975,-0.464000,-0.432000
0.007975,-0.456000,-0.424000
0.007975,-0.464000,-0.432000
0.007975,-0.464000,-0.432000
0.007975,-0.464000,-0.432000
0.007975,-0.456000,-0.424000
0.007975,-0.464000,-0.424000
0.007975,-0.456000,-0.424000
0.007976,-0.456000,-0.424000
0.007976,-0.456000,-0.416000
0.007976,-0.456000,-0.424000
0.007976,-0.448000,-0.416000
0.007976,-0.448000,-0.416000
0.007976,-0.456000,-0.416000
0.007976,-0.456000,-0.424000
0.007976,-0.448000,-0.416000
0.007976,-0.448000,-0.424000
0.007976,-0.440000,-0.408000
0.007977,-0.448000,-0.408000
0.007977,-0.440000,-0.408000
0.007977,-0.440000,-0.408000
0.007977,-0.440000,-0.400000
0.007977,-0.448000,-0.416000
0.007977,-0.456000,-0.408000
0.007977,-0.440000,-0.408000
0.007977,-0.448000,-0.400000
0.007977,-0.432000,-0.400000
0.007978,-0.432000,-0.400000
0.007978,-0.432000,-0.400000
0.007978,-0.432000,-0.400000
0.007978,-0.432000,-0.392000
0.007978,-0.432000,-0.392000
0.007978,-0.440000,-0.392000
0.007978,-0.424000,-0.392000
0.007978,-0.416000,-0.376000
0.007978,-0.432000,-0.392000
0.007978,-0.416000,-0.384000
0.007978,-0.424000,-0.376000
0.007979,-0.424000,-0.376000
0.007979,-0.424000,-0.384000
0.007979,-0.416000,-0.376000
0.007979,-0.416000,-0.376000
0.007979,-0.408000,-0.376000
0.007979,-0.408000,-0.368000
0.007979,-0.408000,-0.376000
0.007979,-0.416000,-0.368000
0.007979,-0.416000,-0.360000
0.007980,-0.408000,-0.368000
0.007980,-0.400000,-0.360000
0.007980,-0.400000,-0.352000
0.007980,-0.408000,-0.368000
0.007980,-0.408000,-0.360000
0.007980,-0.392000,-0.352000
0.007980,-0.400000,-0.352000
0.007980,-0.392000,-0.352000
0.007980,-0.392000,-0.352000
0.007980,-0.392000,-0.360000
0.007980,-0.392000,-0.352000
0.007981,-0.384000,-0.352000
0.007981,-0.376000,-0.344000
0.007981,-0.392000,-0.344000
0.007981,-0.392000,-0.352000
0.007981,-0.392000,-0.344000
0.007981,-0.384000,-0.336000
0.007981,-0.384000,-0.336000
0.007981,-0.376000,-0.328000
0.007981,-0.376000,-0.328000
0.007982,-0.368000,-0.336000
0.007982,-0.368000,-0.328000
0.007982,-0.368000,-0.328000
0.007982,-0.368000,-0.320000
0.007982,-0.360000,-0.320000
0.007982,-0.376000,-0.320000
0.007982,-0.368000,-0.320000
0.007982,-0.360000,-0.320000
0.007982,-0.368000,-0.312000
0.007982,-0.352000,-0.312000
0.007983,-0.352000,-0.312000
0.007983,-0.360000,-0.312000
0.007983,-0.352000,-0.312000
0.007983,-0.360000,-0.312000
0.007983,-0.344000,-0.304000
0.007983,-0.360000,-0.304000
0.007983,-0.344000,-0.296000
0.007983,-0.344000,-0.296000
0.007983,-0.336000,-0.296000
0.007983,-0.344000,-0.304000
0.007983,-0.336000,-0.296000
0.007984,-0.344000,-0.296000
0.007984,-0.328000,-0.288000
0.007984,-0.336000,-0.288000
0.007984,-0.328000,-0.280000
0.007984,-0.336000,-0.288000
0.007984,-0.336000,-0.288000
0.007984,-0.328000,-0.288000
0.007984,-0.320000,-0.272000
0.007984,-0.320000,-0.272000
0.007985,-0.312000,-0.272000
0.007985,-0.312000,-0.272000
0.007985,-0.312000,-0.264000
0.007985,-0.312000,-0.264000
0.007985,-0.312000,-0.264000
0.007985,-0.312000,-0.256000
0.007985,-0.304000,-0.264000
0.007985,-0.304000,-0.256000
0.007985,-0.296000,-0.256000
0.007985,-0.304000,-0.248000
0.007985,-0.296000,-0.248000
0.007986,-0.288000,-0.256000
0.007986,-0.296000,-0.248000
0.007986,-0.288000,-0.240000
0.007986,-0.288000,-0.240000
0.007986,-0.288000,-0.240000
0.007986,-0.280000,-0.240000
0.007986,-0.280000,-0.232000
0.007986,-0.288000,-0.232000
0.007986,-0.280000,-0.224000
0.007987,-0.280000,-0.224000
0.007987,-0.280000,-0.224000
0.007987,-0.272000,-0.224000
0.007987,-0.272000,-0.224000
0.007987,-0.272000,-0.216000
0.007987,-0.272000,-0.216000
0.007987,-0.272000,-0.216000
0.007987,-0.264000,-0.216000
0.007987,-0.264000,-0.224000
0.007987,-0.264000,-0.208000
0.007987,-0.248000,-0.216000
0.007988,-0.256000,-0.200000
0.007988,-0.256000,-0.208000
0.007988,-0.248000,-0.200000
0.007988,-0.256000,-0.192000
0.007988,-0.240000,-0.192000
0.007988,-0.232000,-0.192000
0.007988,-0.240000,-0.192000
0.007988,-0.240000,-0.192000
0.007988,-0.240000,-0.184000
0.007989,-0.232000,-0.176000
0.007989,-0.240000,-0.184000
0.007989,-0.232000,-0.176000
0.007989,-0.216000,-0.176000
0.007989,-0.232000,-0.184000
0.007989,-0.208000,-0.176000
0.007989,-0.216000,-0.176000
0.007989,-0.216000,-0.160000
0.007989,-0.216000,-0.168000
0.007989,-0.208000,-0.160000
0.007990,-0.208000,-0.168000
0.007990,-0.208000,-0.160000
0.007990,-0.208000,-0.152000
0.007990,-0.200000,-0.152000
0.007990,-0.208000,-0.144000
0.007990,-0.192000,-0.160000
0.007990,-0.192000,-0.144000
0.007990,-0.192000,-0.144000
0.007990,-0.192000,-0.144000
0.007990,-0.192000,-0.144000
0.007990,-0.192000,-0.144000
0.007991,-0.184000,-0.136000
0.007991,-0.176000,-0.136000
0.007991,-0.192000,-0.136000
0.007991,-0.176000,-0.128000
0.007991,-0.168000,-0.128000
0.007991,-0.168000,-0.120000
0.007991,-0.160000,-0.120000
0.007991,-0.168000,-0.120000
0.007991,-0.160000,-0.120000
0.007992,-0.160000,-0.120000
0.007992,-0.160000,-0.112000
0.007992,-0.152000,-0.112000
0.007992,-0.152000,-0.104000
0.007992,-0.152000,-0.104000
0.007992,-0.144000,-0.104000
0.007992,-0.144000,-0.096000
0.007992,-0.144000,-0.096000
0.007992,-0.144000,-0.096000
0.007992,-0.136000,-0.096000
0.007992,-0.144000,-0.088000
0.007993,-0.136000,-0.096000
0.007993,-0.136000,-0.088000
0.007993,-0.128000,-0.080000
0.007993,-0.136000,-0.080000
0.007993,-0.128000,-0.080000
0.007993,-0.120000,-0.072000
0.007993,-0.128000,-0.080000
0.007993,-0.120000,-0.072000
0.007993,-0.112000,-0.064000
0.007994,-0.104000,-0.064000
0.007994,-0.104000,-0.072000
0.007994,-0.112000,-0.064000
0.007994,-0.104000,-0.056000
0.007994,-0.104000,-0.064000
0.007994,-0.096000,-0.056000
0.007994,-0.096000,-0.048000
0.007994,-0.088000,-0.048000
0.007994,-0.104000,-0.048000
0.007994,-0.088000,-0.040000
0.007994,-0.088000,-0.040000
0.007995,-0.080000,-0.032000
0.007995,-0.080000,-0.032000
0.007995,-0.072000,-0.032000
0.007995,-0.080000,-0.040000
0.007995,-0.080000,-0.032000
0.007995,-0.064000,-0.016000
0.007995,-0.056000,-0.008000
0.007995,-0.064000,-0.024000
0.007995,-0.056000,-0.008000
0.007996,-0.064000,-0.008000
0.007996,-0.056000,-0.008000
0.007996,-0.056000,-0.016000
0.007996,-0.048000,-0.016000
0.007996,-0.056000,-0.008000
0.007996,-0.040000,0.000000
0.007996,-0.048000,0.000000
0.007996,-0.048000,0.000000
0.007996,-0.040000,0.008000
0.007996,-0.040000,0.000000
0.007997,-0.040000,0.008000
0.007997,-0.024000,0.024000
0.007997,-0.032000,0.024000
0.007997,-0.024000,0.016000
0.007997,-0.040000,0.016000
0.007997,-0.024000,0.024000
0.007997,-0.016000,0.024000
0.007997,-0.016000,0.032000
0.007997,-0.016000,0.040000
0.007997,-0.024000,0.032000
0.007997,-0.008000,0.040000
0.007998,-0.016000,0.032000
0.007998,0.000000,0.032000
0.007998,-0.008000,0.040000
0.007998,0.000000,0.048000
0.007998,0.008000,0.048000
0.007998,0.000000,0.040000
0.007998,0.000000,0.048000
0.007998,0.000000,0.048000
0.007998,0.008000,0.056000
0.007999,0.016000,0.064000
0.007999,0.016000,0.064000
0.007999,0.024000,0.064000
0.007999,0.016000,0.064000
0.007999,0.032000,0.064000
0.007999,0.024000,0.072000
0.007999,0.040000,0.088000
0.007999,0.032000,0.080000
0.007999,0.032000,0.080000
0.007999,0.040000,0.088000
0.007999,0.048000,0.088000
0.008000,0.048000,0.080000
0.008000,0.040000,0.096000
0.008000,0.048000,0.088000
0.008000,0.048000,0.104000
0.008000,0.056000,0.096000
0.008000,0.064000,0.096000
0.008000,0.056000,0.088000
0.008000,0.064000,0.104000
0.008000,0.064000,0.104000
0.008001,0.064000,0.112000
0.008001,0.072000,0.120000
0.008001,0.072000,0.112000
0.008001,0.072000,0.120000
0.008001,0.080000,0.120000
0.008001,0.080000,0.120000
0.008001,0.080000,0.128000
0.008001,0.088000,0.120000
0.008001,0.088000,0.128000
0.008001,0.088000,0.136000
0.008001,0.096000,0.136000
0.008002,0.104000,0.136000
0.008002,0.096000,0.144000
0.008002,0.096000,0.144000
0.008002,0.104000,0.136000
0.008002,0.104000,0.136000
0.008002,0.104000,0.152000
0.008002,0.104000,0.144000
0.008002,0.120000,0.144000
0.008002,0.104000,0.152000
0.008002,0.112000,0.152000
0.008003,0.120000,0.160000
0.008003,0.120000,0.160000
0.008003,0.120000,0.160000
0.008003,0.120000,0.152000
0.008003,0.136000,0.168000
0.008003,0.128000,0.168000
0.008003,0.128000,0.168000
0.008003,0.128000,0.168000
0.008003,0.136000,0.168000
0.008004,0.144000,0.176000
0.008004,0.144000,0.176000
0.008004,0.144000,0.184000
0.008004,0.144000,0.176000
0.008004,0.144000,0.184000
0.008004,0.152000,0.184000
0.008004,0.152000,0.192000
0.008004,0.160000,0.192000
0.008004,0.160000,0.200000
0.008004,0.152000,0.200000
0.008004,0.160000,0.200000
0.008005,0.160000,0.208000
0.008005,0.168000,0.192000
0.008005,0.176000,0.208000
0.008005,0.168000,0.200000
0.008005,0.176000,0.208000
0.008005,0.184000,0.216000
0.008005,0.184000,0.224000
0.008005,0.184000,0.216000
0.008005,0.184000,0.224000
0.008006,0.184000,0.224000
0.008006,0.200000,0.240000
0.008006,0.200000,0.240000
0.008006,0.200000,0.232000
0.008006,0.200000,0.224000
0.008006,0.200000,0.248000
0.008006,0.200000,0.240000
0.008006,0.208000,0.240000
0.008006,0.216000,0.232000
0.008006,0.216000,0.240000
0.008006,0.216000,0.256000
0.008007,0.216000,0.248000
0.008007,0.224000,0.248000
0.008007,0.224000,0.248000
0.008007,0.232000,0.256000
0.008007,0.232000,0.264000
0.008007,0.224000,0.256000
0.008007,0.224000,0.264000
0.008007,0.232000,0.272000
0.008007,0.240000,0.272000
0.008008,0.232000,0.272000
0.008008,0.240000,0.264000
0.008008,0.240000,0.280000
0.008008,0.248000,0.272000
0.008008,0.232000,0.272000
0.008008,0.248000,0.280000
0.008008,0.240000,0.280000
0.008008,0.248000,0.280000
0.008008,0.256000,0.288000
0.008008,0.256000,0.288000
0.008008,0.264000,0.288000
0.008009,0.248000,0.288000
0.008009,0.264000,0.288000
0.008009,0.264000,0.288000
0.008009,0.272000,0.296000
0.008009,0.272000,0.304000
0.008009,0.280000,0.304000
0.008009,0.280000,0.312000
0.008009,0.272000,0.312000
0.008009,0.280000,0.296000
0.008009,0.272000,0.312000
0.008010,0.280000,0.320000
0.008010,0.288000,0.312000
0.008010,0.288000,0.320000
0.008010,0.296000,0.320000
0.008010,0.304000,0.320000
0.008010,0.288000,0.320000
0.008010,0.296000,0.320000
0.008010,0.288000,0.336000
0.008010,0.296000,0.328000
0.008011,0.304000,0.328000
0.008011,0.312000,0.328000
0.008011,0.312000,0.336000
0.008011,0.304000,0.336000
0.008011,0.312000,0.344000
0.008011,0.312000,0.336000
0.008011,0.312000,0.336000
0.008011,0.320000,0.344000
0.008011,0.320000,0.344000
0.008011,0.328000,0.352000
0.008011,0.328000,0.352000
0.008012,0.328000,0.352000
0.008012,0.328000,0.352000
0.008012,0.320000,0.352000
0.008012,0.320000,0.360000
0.008012,0.328000,0.360000
0.008012,0.328000,0.360000
0.008012,0.344000,0.360000
0.008012,0.336000,0.368000
0.008012,0.336000,0.368000
0.008013,0.344000,0.368000
0.008013,0.344000,0.368000
0.008013,0.336000,0.368000
0.008013,0.352000,0.368000
0.008013,0.352000,0.376000
0.008013,0.352000,0.368000
0.008013,0.352000,0.368000
0.008013,0.352000,0.376000
0.008013,0.360000,0.376000
0.008013,0.360000,0.384000
0.008013,0.360000,0.376000
0.008014,0.368000,0.384000
0.008014,0.360000,0.376000
0.008014,0.376000,0.392000
0.008014,0.368000,0.384000
0.008014,0.376000,0.392000
0.008014,0.368000,0.392000
0.008014,0.376000,0.384000
0.008014,0.376000,0.400000
0.008014,0.376000,0.392000
0.008015,0.376000,0.392000
0.008015,0.384000,0.400000
0.008015,0.376000,0.400000
0.008015,0.376000,0.400000
0.008015,0.392000,0.408000
0.008015,0.384000,0.408000
0.008015,0.392000,0.400000
0.008015,0.384000,0.408000
0.008015,0.392000,0.408000
0.008015,0.400000,0.408000
0.008016,0.400000,0.408000
0.008016,0.400000,0.408000
0.008016,0.392000,0.416000
0.008016,0.400000,0.416000
0.008016,0.408000,0.416000
0.008016,0.400000,0.416000
0.008016,0.400000,0.416000
0.008016,0.400000,0.416000
0.008016,0.408000,0.424000
0.008016,0.408000,0.424000
0.008016,0.416000,0.424000
0.008017,0.408000,0.424000
0.008017,0.408000,0.432000
0.008017,0.416000,0.432000
0.008017,0.416000,0.432000
0.008017,0.416000,0.432000
0.008017,0.416000,0.432000
0.008017,0.424000,0.432000
0.008017,0.416000,0.440000
0.008017,0.424000,0.432000
0.008018,0.432000,0.440000
0.008018,0.424000,0.440000
0.008018,0.424000,0.440000
0.008018,0.424000,0.432000
0.008018,0.432000,0.440000
0.008018,0.440000,0.440000
0.008018,0.432000,0.440000
0.008018,0.432000,0.456000
0.008018,0.440000,0.456000
0.008018,0.440000,0.448000
0.008018,0.440000,0.440000
0.008019,0.440000,0.448000
0.008019,0.448000,0.456000
0.008019,0.440000,0.448000
0.008019,0.440000,0.456000
0.008019,0.440000,0.456000
0.008019,0.440000,0.448000
0.008019,0.448000,0.464000
0.008019,0.448000,0.456000
0.008019,0.440000,0.448000
0.008020,0.448000,0.464000
0.008020,0.456000,0.456000
0.008020,0.456000,0.464000
0.008020,0.456000,0.456000
0.008020,0.456000,0.464000
0.008020,0.456000,0.464000
0.008020,0.456000,0.456000
0.008020,0.464000,0.456000
0.008020,0.456000,0.464000
0.008020,0.464000,0.464000
0.008020,0.472000,0.464000
0.008021,0.464000,0.472000
0.008021,0.464000,0.472000
0.008021,0.480000,0.472000
0.008021,0.456000,0.480000
0.008021,0.472000,0.472000
0.008021,0.472000,0.472000
0.008021,0.472000,0.480000
0.008021,0.464000,0.472000
0.008021,0.480000,0.472000
0.008022,0.480000,0.472000
0.008022,0.480000,0.480000
0.008022,0.472000,0.480000
0.008022,0.472000,0.472000
0.008022,0.472000,0.480000
0.008022,0.480000,0.480000
0.008022,0.472000,0.480000
0.008022,0.472000,0.488000
0.008022,0.480000,0.480000
0.008022,0.480000,0.480000
0.008023,0.480000,0.488000
0.008023,0.480000,0.488000
0.008023,0.480000,0.472000
0.008023,0.480000,0.488000
0.008023,0.480000,0.480000
0.008023,0.488000,0.480000
0.008023,0.488000,0.488000
0.008023,0.488000,0.480000
0.008023,0.488000,0.480000
0.008023,0.488000,0.480000
0.008023,0.488000,0.496000
0.008024,0.488000,0.488000
0.008024,0.488000,0.480000
0.008024,0.496000,0.488000
0.008024,0.496000,0.496000
0.008024,0.480000,0.480000
0.008024,0.496000,0.480000
0.008024,0.488000,0.480000
0.008024,0.488000,0.488000
0.008024,0.496000,0.480000
0.008025,0.496000,0.480000
0.008025,0.488000,0.496000
0.008025,0.496000,0.488000
0.008025,0.488000,0.496000
0.008025,0.496000,0.496000
0.008025,0.496000,0.496000
0.008025,0.496000,0.496000
0.008025,0.496000,0.496000
0.008025,0.504000,0.488000
0.008025,0.504000,0.488000
0.008025,0.496000,0.488000
0.008026,0.504000,0.488000
0.008026,0.512000,0.488000
0.008026,0.504000,0.496000
0.008026,0.488000,0.496000
0.008026,0.504000,0.504000
0.008026,0.504000,0.496000
0.008026,0.512000,0.496000
0.008026,0.504000,0.496000
0.008026,0.512000,0.496000
0.008027,0.496000,0.496000
0.008027,0.504000,0.496000
0.008027,0.512000,0.496000
0.008027,0.504000,0.488000
0.008027,0.504000,0.488000
0.008027,0.504000,0.504000
0.008027,0.512000,0.496000
0.008027,0.512000,0.488000
0.008027,0.504000,0.504000
0.008027,0.512000,0.488000
0.008027,0.512000,0.496000
0.008028,0.512000,0.504000
0.008028,0.512000,0.496000
0.008028,0.504000,0.488000
0.008028,0.504000,0.496000
0.008028,0.504000,0.488000
0.008028,0.512000,0.504000
0.008028,0.504000,0.496000
0.008028,0.512000,0.488000
0.008028,0.512000,0.496000
0.008029,0.504000,0.504000
0.008029,0.512000,0.504000
0.008029,0.512000,0.496000
0.008029,0.512000,0.496000
0.008029,0.504000,0.496000
0.008029,0.512000,0.496000
0.008029,0.504000,0.496000
0.008029,0.512000,0.496000
0.008029,0.504000,0.496000
0.008029,0.512000,0.504000
0.008030,0.504000,0.488000
0.008030,0.512000,0.496000
0.008030,0.512000,0.496000
0.008030,0.512000,0.488000
0.008030,0.504000,0.488000
0.008030,0.512000,0.488000
0.008030,0.512000,0.488000
0.008030,0.504000,0.496000
0.008030,0.512000,0.496000
0.008030,0.504000,0.496000
0.008030,0.512000,0.488000
0.008031,0.512000,0.496000
0.008031,0.504000,0.496000
0.008031,0.512000,0.496000
0.008031,0.504000,0.488000
0.008031,0.512000,0.488000
0.008031,0.504000,0.488000
0.008031,0.512000,0.488000
0.008031,0.504000,0.480000
0.008031,0.512000,0.488000
0.008032,0.504000,0.480000
0.008032,0.504000,0.480000
0.008032,0.512000,0.488000
0.008032,0.504000,0.488000
0.008032,0.504000,0.488000
0.008032,0.504000,0.480000
0.008032,0.512000,0.488000
0.008032,0.512000,0.480000
0.008032,0.504000,0.480000
0.008032,0.504000,0.488000
0.008032,0.504000,0.472000
0.008033,0.488000,0.480000
0.008033,0.504000,0.480000
0.008033,0.504000,0.472000
0.008033,0.504000,0.472000
0.008033,0.496000,0.480000
0.008033,0.496000,0.480000
0.008033,0.504000,0.480000
0.008033,0.496000,0.472000
0.008033,0.504000,0.464000
0.008034,0.496000,0.472000
0.008034,0.504000,0.472000
0.008034,0.504000,0.480000
0.008034,0.504000,0.464000
0.008034,0.496000,0.464000
0.008034,0.504000,0.464000
0.008034,0.488000,0.464000
0.008034,0.488000,0.464000
0.008034,0.496000,0.464000
0.008034,0.488000,0.464000
0.008034,0.488000,0.464000
0.008035,0.496000,0.464000
0.008035,0.480000,0.464000
0.008035,0.488000,0.464000
0.008035,0.480000,0.464000
0.008035,0.488000,0.464000
0.008035,0.488000,0.464000
0.008035,0.488000,0.456000
0.008035,0.488000,0.456000
0.008035,0.488000,0.464000
0.008035,0.480000,0.464000
0.008036,0.488000,0.456000
0.008036,0.496000,0.448000
0.008036,0.480000,0.456000
0.008036,0.480000,0.456000
0.008036,0.472000,0.440000
0.008036,0.488000,0.456000
0.008036,0.488000,0.440000
0.008036,0.480000,0.448000
0.008036,0.472000,0.448000
0.008037,0.472000,0.432000
0.008037,0.488000,0.448000
0.008037,0.472000,0.448000
0.008037,0.464000,0.424000
0.008037,0.472000,0.432000
0.008037,0.464000,0.432000
0.008037,0.480000,0.440000
0.008037,0.472000,0.432000
0.008037,0.472000,0.440000
0.008037,0.472000,0.432000
0.008037,0.464000,0.424000
0.008038,0.464000,0.440000
0.008038,0.456000,0.424000
0.008038,0.464000,0.424000
0.008038,0.456000,0.424000
0.008038,0.456000,0.424000
0.008038,0.456000,0.432000
0.008038,0.464000,0.416000
0.008038,0.464000,0.424000
0.008038,0.456000,0.424000
0.008039,0.464000,0.424000
0.008039,0.464000,0.416000
0.008039,0.456000,0.416000
0.008039,0.456000,0.424000
0.008039,0.456000,0.416000
0.008039,0.456000,0.416000
0.008039,0.448000,0.416000
0.008039,0.440000,0.408000
0.008039,0.440000,0.408000
0.008039,0.448000,0.400000
0.008039,0.440000,0.408000
0.008040,0.448000,0.408000
0.008040,0.440000,0.408000
0.008040,0.432000,0.400000
0.008040,0.432000,0.408000
0.008040,0.440000,0.400000
0.008040,0.432000,0.400000
0.008040,0.440000,0.400000
0.008040,0.440000,0.392000
0.008040,0.416000,0.392000
0.008041,0.432000,0.392000
0.008041,0.432000,0.392000
0.008041,0.432000,0.384000
0.008041,0.424000,0.392000
0.008041,0.424000,0.384000
0.008041,0.424000,0.384000
0.008041,0.424000,0.376000
0.008041,0.424000,0.384000
0.008041,0.432000,0.376000
0.008041,0.416000,0.384000
0.008042,0.416000,0.376000
0.008042,0.416000,0.368000
0.008042,0.416000,0.376000
0.008042,0.416000,0.368000
0.008042,0.408000,0.368000
0.008042,0.408000,0.368000
0.008042,0.408000,0.368000
0.008042,0.408000,0.368000
0.008042,0.400000,0.368000
0.008042,0.408000,0.360000
0.008042,0.392000,0.352000
0.008043,0.400000,0.352000
0.008043,0.400000,0.352000
0.008043,0.392000,0.352000
0.008043,0.400000,0.352000
0.008043,0.392000,0.344000
0.008043,0.392000,0.344000
0.008043,0.384000,0.352000
0.008043,0.392000,0.352000
0.008043,0.384000,0.352000
0.008044,0.384000,0.336000
0.008044,0.384000,0.344000
0.008044,0.384000,0.344000
0.008044,0.376000,0.336000
0.008044,0.376000,0.336000
0.008044,0.368000,0.328000
0.008044,0.360000,0.328000
0.008044,0.376000,0.336000
0.008044,0.368000,0.328000
0.008044,0.368000,0.320000
0.008044,0.360000,0.320000
0.008045,0.368000,0.320000
0.008045,0.368000,0.320000
0.008045,0.360000,0.320000
0.008045,0.352000,0.320000
0.008045,0.352000,0.312000
0.008045,0.360000,0.312000
0.008045,0.360000,0.304000
0.008045,0.344000,0.304000
0.008045,0.352000,0.312000
0.008046,0.344000,0.304000
0.008046,0.344000,0.304000
0.008046,0.336000,0.296000
0.008046,0.336000,0.296000
0.008046,0.336000,0.296000
0.008046,0.336000,0.288000
0.008046,0.336000,0.288000
0.008046,0.344000,0.288000
0.008046,0.344000,0.280000
0.008046,0.328000,0.280000
0.008046,0.328000,0.288000
0.008047,0.328000,0.280000
0.008047,0.328000,0.280000
0.008047,0.320000,0.280000
0.008047,0.320000,0.272000
0.008047,0.312000,0.272000
0.008047,0.328000,0.272000
0.008047,0.312000,0.264000
0.008047,0.320000,0.264000
0.008047,0.312000,0.264000
0.008048,0.304000,0.264000
0.008048,0.304000,0.264000
0.008048,0.304000,0.264000
0.008048,0.304000,0.248000
0.008048,0.296000,0.256000
0.008048,0.296000,0.256000
0.008048,0.304000,0.256000
0.008048,0.304000,0.240000
0.008048,0.288000,0.256000
0.008048,0.296000,0.240000
0.008049,0.288000,0.232000
0.008049,0.296000,0.240000
0.008049,0.288000,0.232000
0.008049,0.288000,0.232000
0.008049,0.280000,0.232000
0.008049,0.280000,0.232000
0.008049,0.280000,0.224000
0.008049,0.272000,0.224000
0.008049,0.272000,0.216000
0.008049,0.272000,0.224000
0.008049,0.280000,0.216000
0.008050,0.272000,0.216000
0.008050,0.264000,0.208000
0.008050,0.264000,0.216000
0.008050,0.264000,0.200000
0.008050,0.256000,0.208000
0.008050,0.256000,0.208000
0.008050,0.256000,0.192000
0.008050,0.248000,0.192000
0.008050,0.256000,0.208000
0.008051,0.256000,0.200000
0.008051,0.240000,0.200000
0.008051,0.240000,0.192000
0.008051,0.240000,0.184000
0.008051,0.240000,0.184000
0.008051,0.240000,0.192000
0.008051,0.240000,0.184000
0.008051,0.232000,0.176000
0.008051,0.216000,0.176000
0.008051,0.224000,0.184000
0.008051,0.232000,0.168000
0.008052,0.216000,0.176000
0.008052,0.224000,0.160000
0.008052,0.224000,0.168000
0.008052,0.216000,0.168000
0.008052,0.208000,0.152000
0.008052,0.200000,0.152000
0.008052,0.208000,0.152000
0.008052,0.208000,0.152000
0.008052,0.200000,0.144000
0.008053,0.208000,0.144000
0.008053,0.192000,0.136000
0.008053,0.200000,0.136000
0.008053,0.192000,0.136000
0.008053,0.192000,0.128000
0.008053,0.184000,0.120000
0.008053,0.176000,0.136000
0.008053,0.184000,0.128000
0.008053,0.184000,0.128000
0.008053,0.184000,0.128000
0.008053,0.184000,0.120000
0.008054,0.168000,0.128000
0.008054,0.168000,0.120000
0.008054,0.160000,0.112000
0.008054,0.176000,0.112000
0.008054,0.160000,0.104000
0.008054,0.160000,0.112000
0.008054,0.160000,0.104000
0.008054,0.160000,0.096000
0.008054,0.160000,0.088000
0.008055,0.144000,0.096000
0.008055,0.144000,0.096000
0.008055,0.152000,0.096000
0.008055,0.144000,0.096000
0.008055,0.136000,0.088000
0.008055,0.136000,0.088000
0.008055,0.128000,0.080000
0.008055,0.136000,0.080000
0.008055,0.136000,0.072000
0.008055,0.136000,0.080000
0.008056,0.128000,0.072000
0.008056,0.120000,0.064000
0.008056,0.112000,0.064000
0.008056,0.120000,0.064000
0.008056,0.120000,0.064000
0.008056,0.112000,0.064000
0.008056,0.112000,0.064000
0.008056,0.104000,0.056000
0.008056,0.104000,0.048000
0.008056,0.104000,0.048000
0.008056,0.096000,0.048000
0.008057,0.096000,0.048000
0.008057,0.096000,0.048000
0.008057,0.088000,0.040000
0.008057,0.096000,0.040000
0.008057,0.080000,0.040000
0.008057,0.088000,0.024000
0.008057,0.080000,0.040000
0.008057,0.088000,0.032000
0.008057,0.080000,0.024000
0.008058,0.064000,0.016000
0.008058,0.072000,0.024000
0.008058,0.064000,0.016000
0.008058,0.072000,0.024000
0.008058,0.064000,0.016000
0.008058,0.072000,0.016000
0.008058,0.064000,0.016000
0.008058,0.056000,0.008000
0.008058,0.056000,0.000000
0.008058,0.048000,0.000000
0.008058,0.048000,0.000000
0.008059,0.056000,0.008000
0.008059,0.048000,-0.008000
0.008059,0.040000,-0.008000
0.008059,0.040000,-0.008000
0.008059,0.040000,-0.008000
0.008059,0.024000,-0.016000
0.008059,0.032000,-0.016000
0.008059,0.016000,-0.016000
0.008059,0.024000,-0.016000
0.008060,0.024000,-0.032000
0.008060,0.016000,-0.032000
0.008060,0.016000,-0.032000
0.008060,0.024000,-0.040000
0.008060,0.016000,-0.032000
0.008060,0.016000,-0.032000
0.008060,0.008000,-0.048000
0.008060,0.000000,-0.040000
0.008060,0.000000,-0.040000
0.008060,0.000000,-0.056000
0.008060,0.000000,-0.048000
0.008061,0.000000,-0.064000
0.008061,-0.008000,-0.056000
0.008061,-0.016000,-0.056000
0.008061,-0.016000,-0.056000
0.008061,-0.016000,-0.056000
0.008061,-0.016000,-0.064000
0.008061,-0.024000,-0.064000
0.008061,-0.016000,-0.072000
0.008061,-0.024000,-0.072000
0.008061,-0.024000,-0.072000
0.008062,-0.032000,-0.072000
0.008062,-0.032000,-0.080000
0.008062,-0.040000,-0.080000
0.008062,-0.032000,-0.080000
0.008062,-0.040000,-0.088000
0.008062,-0.048000,-0.088000
0.008062,-0.048000,-0.088000
0.008062,-0.048000,-0.096000
0.008062,-0.056000,-0.096000
0.008063,-0.048000,-0.104000
0.008063,-0.064000,-0.104000
0.008063,-0.056000,-0.104000
0.008063,-0.064000,-0.112000
0.008063,-0.056000,-0.104000
0.008063,-0.072000,-0.112000
0.008063,-0.064000,-0.112000
0.008063,-0.072000,-0.128000
0.008063,-0.072000,-0.120000
0.008063,-0.072000,-0.120000
0.008063,-0.072000,-0.120000
0.008064,-0.080000,-0.128000
0.008064,-0.088000,-0.128000
0.008064,-0.088000,-0.136000
0.008064,-0.088000,-0.128000
0.008064,-0.088000,-0.128000
0.008064,-0.096000,-0.136000
0.008064,-0.088000,-0.136000
0.008064,-0.096000,-0.144000
0.008064,-0.104000,-0.152000
0.008065,-0.112000,-0.152000
0.008065,-0.104000,-0.152000
0.008065,-0.112000,-0.152000
0.008065,-0.120000,-0.152000
0.008065,-0.112000,-0.152000
0.008065,-0.120000,-0.152000
0.008065,-0.112000,-0.160000
0.008065,-0.128000,-0.168000
0.008065,-0.128000,-0.168000
0.008065,-0.120000,-0.168000
0.008065,-0.128000,-0.168000
0.008066,-0.136000,-0.168000
0.008066,-0.136000,-0.168000
0.008066,-0.128000,-0.184000
0.008066,-0.136000,-0.184000
0.008066,-0.144000,-0.184000
0.008066,-0.144000,-0.184000
0.008066,-0.144000,-0.184000
0.008066,-0.152000,-0.192000
0.008066,-0.144000,-0.192000
0.008067,-0.160000,-0.192000
0.008067,-0.160000,-0.192000
0.008067,-0.160000,-0.192000
0.008067,-0.160000,-0.192000
0.008067,-0.168000,-0.200000
0.008067,-0.152000,-0.208000
0.008067,-0.168000,-0.208000
0.008067,-0.168000,-0.208000
0.008067,-0.176000,-0.208000
0.008067,-0.176000,-0.208000
0.008068,-0.184000,-0.216000
0.008068,-0.184000,-0.224000
0.008068,-0.184000,-0.224000
0.008068,-0.184000,-0.224000
0.008068,-0.184000,-0.224000
0.008068,-0.192000,-0.224000
0.008068,-0.192000,-0.232000
0.008068,-0.184000,-0.232000
0.008068,-0.200000,-0.240000
0.008068,-0.192000,-0.232000
0.008068,-0.216000,-0.240000
0.008069,-0.200000,-0.240000
0.008069,-0.208000,-0.248000
0.008069,-0.216000,-0.240000
0.008069,-0.216000,-0.248000
0.008069,-0.216000,-0.248000
0.008069,-0.216000,-0.248000
0.008069,-0.216000,-0.248000
0.008069,-0.224000,-0.256000
0.008069,-0.224000,-0.264000
0.008070,-0.224000,-0.264000
0.008070,-0.224000,-0.256000
0.008070,-0.232000,-0.272000
0.008070,-0.232000,-0.264000
0.008070,-0.232000,-0.264000
0.008070,-0.232000,-0.272000
0.008070,-0.232000,-0.272000
0.008070,-0.240000,-0.272000
0.008070,-0.240000,-0.272000
0.008070,-0.240000,-0.288000
0.008070,-0.240000,-0.280000
0.008071,-0.248000,-0.288000
0.008071,-0.240000,-0.280000
0.008071,-0.256000,-0.288000
0.008071,-0.248000,-0.288000
0.008071,-0.256000,-0.288000
0.008071,-0.256000,-0.296000
0.008071,-0.264000,-0.296000
0.008071,-0.272000,-0.288000
0.008071,-0.280000,-0.296000
0.008072,-0.264000,-0.304000
0.008072,-0.264000,-0.304000
0.008072,-0.280000,-0.304000
0.008072,-0.272000,-0.304000
0.008072,-0.288000,-0.312000
0.008072,-0.272000,-0.312000
0.008072,-0.280000,-0.320000
0.008072,-0.288000,-0.320000
0.008072,-0.288000,-0.320000
0.008072,-0.288000,-0.320000
0.008072,-0.296000,-0.328000
0.008073,-0.288000,-0.328000
0.008073,-0.296000,-0.328000
0.008073,-0.304000,-0.336000
0.008073,-0.296000,-0.328000
0.008073,-0.296000,-0.320000
0.008073,-0.304000,-0.336000
0.008073,-0.304000,-0.336000
0.008073,-0.304000,-0.336000
0.008073,-0.312000,-0.336000
0.008074,-0.312000,-0.336000
0.008074,-0.312000,-0.344000
0.008074,-0.312000,-0.344000
0.008074,-0.312000,-0.344000
0.008074,-0.312000,-0.344000
0.008074,-0.312000,-0.352000
0.008074,-0.328000,-0.352000
0.008074,-0.328000,-0.352000
0.008074,-0.328000,-0.352000
0.008074,-0.328000,-0.352000
0.008075,-0.336000,-0.360000
0.008075,-0.336000,-0.360000
0.008075,-0.336000,-0.360000
0.008075,-0.328000,-0.360000
0.008075,-0.336000,-0.360000
0.008075,-0.336000,-0.360000
0.008075,-0.352000,-0.360000
0.008075,-0.344000,-0.368000
0.008075,-0.352000,-0.368000
0.008075,-0.344000,-0.368000
0.008075,-0.360000,-0.368000
0.008076,-0.352000,-0.368000
0.008076,-0.352000,-0.368000
0.008076,-0.352000,-0.368000
0.008076,-0.360000,-0.384000
0.008076,-0.352000,-0.384000
0.008076,-0.368000,-0.376000
0.008076,-0.360000,-0.384000
0.008076,-0.368000,-0.376000
0.008076,-0.360000,-0.392000
0.008077,-0.368000,-0.392000
0.008077,-0.360000,-0.392000
0.008077,-0.376000,-0.400000
0.008077,-0.376000,-0.400000
0.008077,-0.376000,-0.392000
0.008077,-0.376000,-0.392000
0.008077,-0.376000,-0.400000
0.008077,-0.384000,-0.392000
0.008077,-0.384000,-0.400000
0.008077,-0.368000,-0.408000
0.008077,-0.384000,-0.408000
0.008078,-0.384000,-0.400000
0.008078,-0.384000,-0.400000
0.008078,-0.384000,-0.408000
0.008078,-0.392000,-0.408000
0.008078,-0.392000,-0.408000
0.008078,-0.392000,-0.416000
0.008078,-0.400000,-0.408000
0.008078,-0.392000,-0.408000
0.008078,-0.400000,-0.408000
0.008079,-0.400000,-0.416000
0.008079,-0.408000,-0.416000
0.008079,-0.408000,-0.416000
0.008079,-0.416000,-0.424000
0.008079,-0.408000,-0.424000
0.008079,-0.416000,-0.424000
0.008079,-0.408000,-0.432000
0.008079,-0.408000,-0.424000
0.008079,-0.408000,-0.432000
0.008079,-0.416000,-0.432000
0.008079,-0.416000,-0.440000
0.008080,-0.408000,-0.432000
0.008080,-0.424000,-0.440000
0.008080,-0.424000,-0.424000
0.008080,-0.424000,-0.440000
0.008080,-0.424000,-0.440000
0.008080,-0.424000,-0.432000
0.008080,-0.432000,-0.440000
0.008080,-0.424000,-0.432000
0.008080,-0.432000,-0.448000
0.008081,-0.432000,-0.440000
0.008081,-0.440000,-0.440000
0.008081,-0.440000,-0.448000
0.008081,-0.440000,-0.448000
0.008081,-0.432000,-0.440000
0.008081,-0.432000,-0.440000
0.008081,-0.440000,-0.456000
0.008081,-0.440000,-0.448000
0.008081,-0.440000,-0.448000
0.008081,-0.440000,-0.448000
0.008082,-0.448000,-0.456000
0.008082,-0.448000,-0.456000
0.008082,-0.440000,-0.456000
0.008082,-0.448000,-0.456000
0.008082,-0.432000,-0.448000
0.008082,-0.432000,-0.456000
0.008082,-0.448000,-0.464000
0.008082,-0.456000,-0.464000
0.008082,-0.456000,-0.456000
0.008082,-0.456000,-0.472000
0.008082,-0.464000,-0.464000
0.008083,-0.456000,-0.472000
0.008083,-0.464000,-0.464000
0.008083,-0.464000,-0.472000
0.008083,-0.456000,-0.472000
0.008083,-0.464000,-0.464000
0.008083,-0.456000,-0.464000
0.008083,-0.464000,-0.472000
0.008083,-0.456000,-0.464000
0.008083,-0.472000,-0.480000
0.008084,-0.456000,-0.464000
0.008084,-0.464000,-0.480000
0.008084,-0.472000,-0.472000
0.008084,-0.464000,-0.456000
0.008084,-0.464000,-0.472000
0.008084,-0.464000,-0.480000
0.008084,-0.472000,-0.472000
0.008084,-0.472000,-0.480000
0.008084,-0.472000,-0.480000
0.008084,-0.480000,-0.472000
0.008084,-0.472000,-0.472000
0.008085,-0.480000,-0.488000
0.008085,-0.472000,-0.472000
0.008085,-0.472000,-0.472000
0.008085,-0.480000,-0.480000
0.008085,-0.480000,-0.488000
0.008085,-0.488000,-0.480000
0.008085,-0.480000,-0.480000
0.008085,-0.472000,-0.480000
0.008085,-0.480000,-0.472000
0.008086,-0.480000,-0.480000
0.008086,-0.480000,-0.472000
0.008086,-0.488000,-0.472000
0.008086,-0.488000,-0.480000
0.008086,-0.480000,-0.488000
0.008086,-0.488000,-0.488000
0.008086,-0.488000,-0.488000
0.008086,-0.496000,-0.488000
0.008086,-0.496000,-0.488000
0.008086,-0.488000,-0.488000
0.008086,-0.488000,-0.496000
0.008087,-0.488000,-0.488000
0.008087,-0.488000,-0.480000
0.008087,-0.488000,-0.488000
0.008087,-0.504000,-0.504000
0.008087,-0.496000,-0.488000
0.008087,-0.496000,-0.496000
0.008087,-0.504000,-0.488000
0.008087,-0.504000,-0.496000
0.008087,-0.504000,-0.488000
0.008087,-0.496000,-0.480000
0.008088,-0.504000,-0.488000
0.008088,-0.496000,-0.488000
0.008088,-0.504000,-0.496000
0.008088,-0.496000,-0.496000
0.008088,-0.496000,-0.496000
0.008088,-0.496000,-0.504000
0.008088,-0.504000,-0.496000
0.008088,-0.512000,-0.504000
0.008088,-0.496000,-0.496000
0.008089,-0.504000,-0.488000
0.008089,-0.504000,-0.496000
0.008089,-0.504000,-0.496000
0.008089,-0.504000,-0.496000
0.008089,-0.504000,-0.488000
0.008089,-0.504000,-0.496000
0.008089,-0.504000,-0.488000
0.008089,-0.496000,-0.504000
0.008089,-0.504000,-0.496000
0.008089,-0.504000,-0.496000
0.008089,-0.504000,-0.496000
0.008090,-0.512000,-0.496000
0.008090,-0.504000,-0.488000
0.008090,-0.504000,-0.496000
0.008090,-0.512000,-0.504000
0.008090,-0.504000,-0.488000
0.008090,-0.496000,-0.496000
0.008090,-0.496000,-0.504000
0.008090,-0.504000,-0.488000
0.008090,-0.512000,-0.496000
0.008091,-0.504000,-0.488000
0.008091,-0.512000,-0.488000
0.008091,-0.504000,-0.488000
0.008091,-0.512000,-0.504000
0.008091,-0.512000,-0.488000
0.008091,-0.504000,-0.488000
0.008091,-0.504000,-0.496000
0.008091,-0.512000,-0.496000
0.008091,-0.512000,-0.496000
0.008091,-0.496000,-0.496000
0.008091,-0.512000,-0.496000
0.008092,-0.504000,-0.496000
0.008092,-0.512000,-0.512000
0.008092,-0.504000,-0.488000
0.008092,-0.504000,-0.496000
0.008092,-0.504000,-0.496000
0.008092,-0.512000,-0.496000
0.008092,-0.512000,-0.496000
0.008092,-0.504000,-0.496000
0.008092,-0.512000,-0.488000
0.008093,-0.512000,-0.496000
0.008093,-0.512000,-0.496000
0.008093,-0.512000,-0.496000
0.008093,-0.512000,-0.488000
0.008093,-0.512000,-0.496000
0.008093,-0.496000,-0.488000
0.008093,-0.504000,-0.488000
0.008093,-0.512000,-0.496000
0.008093,-0.504000,-0.488000
0.008093,-0.504000,-0.488000
0.008093,-0.504000,-0.488000
0.008094,-0.496000,-0.480000
0.008094,-0.504000,-0.480000
0.008094,-0.496000,-0.480000
0.008094,-0.512000,-0.496000
0.008094,-0.504000,-0.488000
0.008094,-0.504000,-0.480000
0.008094,-0.504000,-0.480000
0.008094,-0.504000,-0.488000
0.008094,-0.496000,-0.472000
0.008094,-0.504000,-0.488000
0.008095,-0.504000,-0.480000
0.008095,-0.504000,-0.488000
0.008095,-0.496000,-0.480000
0.008095,-0.496000,-0.472000
0.008095,-0.496000,-0.480000
0.008095,-0.504000,-0.480000
0.008095,-0.496000,-0.488000
0.008095,-0.504000,-0.472000
0.008095,-0.496000,-0.472000
0.008096,-0.496000,-0.472000
0.008096,-0.496000,-0.464000
0.008096,-0.496000,-0.472000
0.008096,-0.496000,-0.472000
0.008096,-0.488000,-0.472000
0.008096,-0.496000,-0.480000
0.008096,-0.504000,-0.472000
0.008096,-0.496000,-0.480000
0.008096,-0.496000,-0.464000
0.008096,-0.504000,-0.472000
0.008096,-0.496000,-0.472000
0.008097,-0.512000,-0.464000
0.008097,-0.496000,-0.472000
0.008097,-0.496000,-0.472000
0.008097,-0.488000,-0.464000
0.008097,-0.496000,-0.456000
0.008097,-0.496000,-0.472000
0.008097,-0.488000,-0.464000
0.008097,-0.488000,-0.464000
0.008097,-0.488000,-0.456000
0.008098,-0.488000,-0.456000
0.008098,-0.488000,-0.456000
0.008098,-0.480000,-0.456000
0.008098,-0.488000,-0.448000
0.008098,-0.480000,-0.448000
0.008098,-0.488000,-0.456000
0.008098,-0.480000,-0.448000
0.008098,-0.488000,-0.464000
0.008098,-0.480000,-0.448000
0.008098,-0.480000,-0.448000
0.008098,-0.472000,-0.440000
0.008099,-0.480000,-0.448000
0.008099,-0.472000,-0.448000
0.008099,-0.488000,-0.448000
0.008099,-0.472000,-0.448000
0.008099,-0.472000,-0.448000
0.008099,-0.472000,-0.440000
0.008099,-0.472000,-0.448000
0.008099,-0.464000,-0.432000
0.008099,-0.464000,-0.440000
0.008100,-0.472000,-0.440000
0.008100,-0.456000,-0.432000
0.008100,-0.472000,-0.440000
0.008100,-0.472000,-0.440000
0.008100,-0.480000,-0.432000
0.008100,-0.472000,-0.440000
0.008100,-0.456000,-0.424000
0.008100,-0.464000,-0.424000
0.008100,-0.456000,-0.424000
0.008100,-0.448000,-0.424000
0.008101,-0.464000,-0.424000
0.008101,-0.456000,-0.416000
0.008101,-0.456000,-0.424000
0.008101,-0.448000,-0.424000
0.008101,-0.456000,-0.416000
0.008101,-0.456000,-0.416000
0.008101,-0.464000,-0.424000
0.008101,-0.448000,-0.416000
0.008101,-0.456000,-0.424000
0.008101,-0.448000,-0.408000
0.008101,-0.440000,-0.416000
0.008102,-0.448000,-0.424000
0.008102,-0.448000,-0.408000
0.008102,-0.440000,-0.400000
0.008102,-0.440000,-0.416000
0.008102,-0.448000,-0.400000
0.008102,-0.440000,-0.408000
0.008102,-0.448000,-0.408000
0.008102,-0.440000,-0.408000
0.008102,-0.440000,-0.400000
0.008103,-0.440000,-0.400000
0.008103,-0.440000,-0.400000
0.008103,-0.432000,-0.400000
0.008103,-0.424000,-0.400000
0.008103,-0.424000,-0.392000
0.008103,-0.424000,-0.392000
0.008103,-0.432000,-0.392000
0.008103,-0.424000,-0.392000
0.008103,-0.424000,-0.384000
0.008103,-0.432000,-0.384000
0.008103,-0.424000,-0.376000
0.008104,-0.416000,-0.384000
0.008104,-0.416000,-0.376000
0.008104,-0.416000,-0.376000
0.008104,-0.416000,-0.376000
0.008104,-0.416000,-0.376000
0.008104,-0.400000,-0.368000
0.008104,-0.416000,-0.368000
0.008104,-0.408000,-0.360000
0.008104,-0.408000,-0.368000
0.008105,-0.400000,-0.360000
0.008105,-0.408000,-0.368000
0.008105,-0.408000,-0.360000
0.008105,-0.392000,-0.360000
0.008105,-0.400000,-0.360000
0.008105,-0.384000,-0.352000
0.008105,-0.400000,-0.360000
0.008105,-0.400000,-0.352000
0.008105,-0.392000,-0.352000
0.008105,-0.384000,-0.344000
0.008105,-0.384000,-0.336000
0.008106,-0.392000,-0.344000
0.008106,-0.384000,-0.344000
0.008106,-0.392000,-0.344000
0.008106,-0.392000,-0.344000
0.008106,-0.392000,-0.336000
0.008106,-0.384000,-0.344000
0.008106,-0.384000,-0.336000
0.008106,-0.368000,-0.336000
0.008106,-0.376000,-0.336000
0.008107,-0.368000,-0.328000
0.008107,-0.368000,-0.336000
0.008107,-0.368000,-0.320000
0.008107,-0.360000,-0.328000
0.008107,-0.376000,-0.320000
0.008107,-0.368000,-0.320000
0.008107,-0.376000,-0.320000
0.008107,-0.376000,-0.320000
0.008107,-0.368000,-0.320000
0.008107,-0.352000,-0.312000
0.008108,-0.360000,-0.312000
0.008108,-0.352000,-0.312000
0.008108,-0.352000,-0.312000
0.008108,-0.352000,-0.312000
0.008108,-0.344000,-0.304000
0.008108,-0.352000,-0.296000
0.008108,-0.352000,-0.296000
0.008108,-0.344000,-0.296000
0.008108,-0.344000,-0.304000
0.008108,-0.344000,-0.288000
0.008108,-0.344000,-0.296000
0.008109,-0.336000,-0.288000
0.008109,-0.344000,-0.288000
0.008109,-0.328000,-0.288000
0.008109,-0.328000,-0.280000
0.008109,-0.328000,-0.288000
0.008109,-0.328000,-0.280000
0.008109,-0.336000,-0.280000
0.008109,-0.320000,-0.272000
0.008109,-0.320000,-0.272000
0.008110,-0.328000,-0.272000
0.008110,-0.320000,-0.280000
0.008110,-0.320000,-0.280000
0.008110,-0.312000,-0.272000
0.008110,-0.312000,-0.264000
0.008110,-0.304000,-0.256000
0.008110,-0.304000,-0.264000
0.008110,-0.296000,-0.256000
0.008110,-0.304000,-0.256000
0.008110,-0.296000,-0.256000
0.008110,-0.304000,-0.248000
0.008111,-0.296000,-0.248000
0.008111,-0.288000,-0.240000
0.008111,-0.296000,-0.240000
0.008111,-0.296000,-0.248000
0.008111,-0.280000,-0.240000
0.008111,-0.280000,-0.248000
0.008111,-0.280000,-0.240000
0.008111,-0.288000,-0.224000
0.008111,-0.280000,-0.232000
0.008112,-0.280000,-0.232000
0.008112,-0.264000,-0.224000
0.008112,-0.272000,-0.216000
0.008112,-0.272000,-0.216000
0.008112,-0.264000,-0.216000
0.008112,-0.264000,-0.216000
0.008112,-0.272000,-0.224000
0.008112,-0.264000,-0.216000
0.008112,-0.256000,-0.208000
0.008112,-0.264000,-0.216000
0.008112,-0.264000,-0.208000
0.008113,-0.256000,-0.200000
0.008113,-0.256000,-0.200000
0.008113,-0.248000,-0.208000
0.008113,-0.240000,-0.200000
0.008113,-0.240000,-0.200000
0.008113,-0.240000,-0.200000
0.008113,-0.248000,-0.192000
0.008113,-0.232000,-0.192000
0.008113,-0.240000,-0.184000
0.008113,-0.232000,-0.184000
0.008114,-0.224000,-0.184000
0.008114,-0.224000,-0.176000
0.008114,-0.232000,-0.176000
0.008114,-0.224000,-0.176000
0.008114,-0.224000,-0.176000
0.008114,-0.216000,-0.168000
0.008114,-0.216000,-0.176000
0.008114,-0.208000,-0.168000
0.008114,-0.216000,-0.168000
0.008115,-0.208000,-0.168000
0.008115,-0.208000,-0.160000
0.008115,-0.208000,-0.152000
0.008115,-0.200000,-0.152000
0.008115,-0.200000,-0.152000
0.008115,-0.192000,-0.144000
0.008115,-0.200000,-0.152000
0.008115,-0.184000,-0.152000
0.008115,-0.184000,-0.144000
0.008115,-0.184000,-0.144000
0.008115,-0.184000,-0.144000
0.008116,-0.184000,-0.144000
0.008116,-0.184000,-0.128000
0.008116,-0.184000,-0.136000
0.008116,-0.176000,-0.128000
0.008116,-0.184000,-0.128000
0.008116,-0.168000,-0.128000
0.008116,-0.160000,-0.128000
0.008116,-0.160000,-0.120000
0.008116,-0.176000,-0.112000
0.008117,-0.168000,-0.112000
0.008117,-0.152000,-0.120000
0.008117,-0.160000,-0.104000
0.008117,-0.152000,-0.112000
0.008117,-0.168000,-0.104000
0.008117,-0.152000,-0.104000
0.008117,-0.160000,-0.104000
0.008117,-0.152000,-0.104000
0.008117,-0.144000,-0.096000
0.008117,-0.136000,-0.088000
0.008117,-0.144000,-0.088000
0.008118,-0.136000,-0.080000
0.008118,-0.128000,-0.088000
0.008118,-0.128000,-0.080000
0.008118,-0.128000,-0.072000
0.008118,-0.136000,-0.072000
0.008118,-0.128000,-0.080000
0.008118,-0.128000,-0.080000
0.008118,-0.112000,-0.080000
0.008118,-0.112000,-0.072000
0.008119,-0.120000,-0.064000
0.008119,-0.120000,-0.056000
0.008119,-0.112000,-0.064000
0.008119,-0.112000,-0.056000
0.008119,-0.104000,-0.056000
0.008119,-0.096000,-0.056000
0.008119,-0.104000,-0.048000
0.008119,-0.096000,-0.048000
0.008119,-0.104000,-0.048000
0.008119,-0.088000,-0.040000
0.008119,-0.096000,-0.048000
0.008120,-0.088000,-0.040000
0.008120,-0.080000,-0.032000
0.008120,-0.072000,-0.024000
0.008120,-0.072000,-0.032000
0.008120,-0.072000,-0.024000
0.008120,-0.072000,-0.024000
0.008120,-0.072000,-0.024000
0.008120,-0.072000,-0.016000
0.008120,-0.064000,-0.016000
0.008120,-0.056000,-0.024000
0.008121,-0.064000,-0.008000
0.008121,-0.056000,-0.008000
0.008121,-0.064000,-0.008000
0.008121,-0.048000,0.000000
0.008121,-0.056000,-0.008000
0.008121,-0.040000,0.000000
0.008121,-0.056000,0.000000
0.008121,-0.040000,0.008000
0.008121,-0.032000,0.008000
0.008122,-0.032000,0.016000
0.008122,-0.032000,0.008000
0.008122,-0.032000,0.008000
0.008122,-0.032000,0.016000
0.008122,-0.024000,0.016000
0.008122,-0.032000,0.016000
0.008122,-0.024000,0.024000
0.008122,-0.024000,0.024000
0.008122,-0.008000,0.032000
0.008122,-0.008000,0.032000
0.008122,-0.008000,0.024000
0.008123,0.000000,0.032000
0.008123,0.000000,0.032000
0.008123,-0.008000,0.040000
0.008123,0.000000,0.040000
0.008123,0.000000,0.048000
0.008123,0.000000,0.048000
0.008123,0.008000,0.048000
0.008123,0.008000,0.056000
0.008123,0.016000,0.056000
0.008124,0.016000,0.056000
0.008124,0.008000,0.064000
0.008124,0.016000,0.064000
0.008124,0.024000,0.064000
0.008124,0.024000,0.072000
0.008124,0.032000,0.072000
0.008124,0.032000,0.072000
0.008124,0.024000,0.080000
0.008124,0.040000,0.080000
0.008124,0.040000,0.088000
0.008124,0.040000,0.088000
0.008125,0.048000,0.088000
0.008125,0.048000,0.088000
0.008125,0.048000,0.096000
0.008125,0.048000,0.088000
