0.007750,0.512000,0.480000
0.007750,0.504000,0.480000
0.007750,0.512000,0.480000
0.007751,0.512000,0.472000
0.007751,0.504000,0.488000
0.007751,0.504000,0.472000
0.007751,0.504000,0.480000
0.007751,0.512000,0.480000
0.007752,0.504000,0.480000
0.007752,0.504000,0.480000
0.007752,0.512000,0.472000
0.007752,0.504000,0.480000
0.007752,0.512000,0.480000
0.007753,0.504000,0.472000
0.007753,0.496000,0.472000
0.007753,0.504000,0.464000
0.007753,0.504000,0.472000
0.007753,0.504000,0.464000
0.007754,0.504000,0.456000
0.007754,0.488000,0.456000
0.007754,0.504000,0.464000
0.007754,0.504000,0.456000
0.007754,0.488000,0.464000
0.007755,0.488000,0.464000
0.007755,0.480000,0.448000
0.007755,0.488000,0.456000
0.007755,0.496000,0.456000
0.007755,0.488000,0.448000
0.007756,0.488000,0.448000
0.007756,0.488000,0.440000
0.007756,0.496000,0.448000
0.007756,0.480000,0.448000
0.007756,0.480000,0.432000
0.007757,0.472000,0.440000
0.007757,0.472000,0.424000
0.007757,0.480000,0.432000
0.007757,0.480000,0.432000
0.007757,0.472000,0.432000
0.007758,0.472000,0.432000
0.007758,0.480000,0.424000
0.007758,0.472000,0.424000
0.007758,0.464000,0.424000
0.007758,0.472000,0.424000
0.007759,0.464000,0.416000
0.007759,0.464000,0.424000
0.007759,0.456000,0.416000
0.007759,0.456000,0.408000
0.007759,0.456000,0.408000
0.007760,0.440000,0.408000
0.007760,0.456000,0.408000
0.007760,0.448000,0.400000
0.007760,0.448000,0.392000
0.007760,0.440000,0.392000
0.007761,0.440000,0.400000
0.007761,0.432000,0.376000
0.007761,0.424000,0.384000
0.007761,0.424000,0.384000
0.007761,0.440000,0.376000
0.007762,0.432000,0.376000
0.007762,0.424000,0.376000
0.007762,0.424000,0.368000
0.007762,0.432000,0.376000
0.007762,0.424000,0.368000
0.007763,0.416000,0.368000
0.007763,0.408000,0.360000
0.007763,0.400000,0.352000
0.007763,0.408000,0.352000
0.007763,0.400000,0.344000
0.007764,0.392000,0.352000
0.007764,0.392000,0.352000
0.007764,0.392000,0.344000
0.007764,0.384000,0.336000
0.007764,0.384000,0.336000
0.007765,0.376000,0.336000
0.007765,0.384000,0.328000
0.007765,0.376000,0.328000
0.007765,0.376000,0.328000
0.007765,0.384000,0.320000
0.007766,0.384000,0.320000
0.007766,0.360000,0.304000
0.007766,0.368000,0.304000
0.007766,0.360000,0.304000
0.007766,0.360000,0.304000
0.007767,0.352000,0.296000
0.007767,0.352000,0.296000
0.007767,0.352000,0.288000
0.007767,0.352000,0.288000
0.007767,0.352000,0.296000
0.007768,0.336000,0.296000
0.007768,0.344000,0.272000
0.007768,0.336000,0.272000
0.007768,0.336000,0.280000
0.007768,0.328000,0.264000
0.007769,0.320000,0.264000
0.007769,0.328000,0.256000
0.007769,0.328000,0.256000
0.007769,0.320000,0.256000
0.007769,0.312000,0.240000
0.007770,0.296000,0.248000
0.007770,0.304000,0.232000
0.007770,0.288000,0.232000
0.007770,0.296000,0.232000
0.007770,0.288000,0.232000
0.007771,0.280000,0.224000
0.007771,0.272000,0.216000
0.007771,0.272000,0.224000
0.007771,0.280000,0.216000
0.007771,0.272000,0.208000
0.007772,0.280000,0.200000
0.007772,0.264000,0.208000
0.007772,0.256000,0.200000
0.007772,0.256000,0.192000
0.007772,0.248000,0.184000
0.007773,0.256000,0.184000
0.007773,0.248000,0.176000
0.007773,0.240000,0.176000
0.007773,0.240000,0.160000
0.007773,0.232000,0.168000
0.007774,0.224000,0.160000
0.007774,0.232000,0.160000
0.007774,0.216000,0.152000
0.007774,0.216000,0.160000
0.007774,0.208000,0.152000
0.007775,0.200000,0.144000
0.007775,0.208000,0.152000
0.007775,0.216000,0.136000
0.007775,0.192000,0.136000
0.007775,0.200000,0.128000
0.007776,0.200000,0.128000
0.007776,0.200000,0.128000
0.007776,0.184000,0.120000
0.007776,0.168000,0.104000
0.007776,0.176000,0.104000
0.007777,0.176000,0.104000
0.007777,0.176000,0.104000
0.007777,0.160000,0.104000
0.007777,0.160000,0.088000
0.007777,0.160000,0.096000
0.007778,0.152000,0.080000
0.007778,0.144000,0.080000
0.007778,0.136000,0.080000
0.007778,0.136000,0.064000
0.007778,0.120000,0.064000
0.007779,0.120000,0.072000
0.007779,0.120000,0.056000
0.007779,0.112000,0.056000
0.007779,0.104000,0.048000
0.007779,0.096000,0.048000
0.007780,0.104000,0.040000
0.007780,0.104000,0.032000
0.007780,0.096000,0.024000
0.007780,0.088000,0.024000
0.007780,0.088000,0.016000
0.007781,0.088000,0.008000
0.007781,0.064000,0.000000
0.007781,0.072000,0.008000
0.007781,0.064000,0.000000
0.007781,0.064000,-0.008000
0.007782,0.056000,0.000000
0.007782,0.048000,-0.008000
0.007782,0.048000,-0.008000
0.007782,0.040000,-0.016000
0.007782,0.032000,-0.016000
0.007783,0.032000,-0.024000
0.007783,0.024000,-0.032000
0.007783,0.032000,-0.040000
0.007783,0.016000,-0.040000
0.007783,0.008000,-0.040000
0.007784,0.008000,-0.048000
0.007784,0.008000,-0.064000
0.007784,-0.008000,-0.064000
0.007784,0.000000,-0.064000
0.007784,-0.016000,-0.064000
0.007785,-0.016000,-0.072000
0.007785,-0.016000,-0.072000
0.007785,-0.016000,-0.072000
0.007785,-0.016000,-0.080000
0.007785,-0.032000,-0.088000
0.007786,-0.040000,-0.096000
0.007786,-0.032000,-0.088000
0.007786,-0.040000,-0.104000
0.007786,-0.048000,-0.104000
0.007786,-0.040000,-0.112000
0.007787,-0.056000,-0.112000
0.007787,-0.056000,-0.112000
0.007787,-0.064000,-0.128000
0.007787,-0.064000,-0.120000
0.007787,-0.064000,-0.128000
0.007788,-0.072000,-0.136000
0.007788,-0.080000,-0.128000
0.007788,-0.088000,-0.144000
0.007788,-0.080000,-0.152000
0.007788,-0.088000,-0.144000
0.007789,-0.088000,-0.152000
0.007789,-0.104000,-0.152000
0.007789,-0.112000,-0.160000
0.007789,-0.112000,-0.168000
0.007789,-0.120000,-0.176000
0.007790,-0.120000,-0.176000
0.007790,-0.128000,-0.184000
0.007790,-0.128000,-0.176000
0.007790,-0.136000,-0.192000
0.007790,-0.144000,-0.184000
0.007791,-0.152000,-0.192000
0.007791,-0.152000,-0.200000
0.007791,-0.144000,-0.192000
0.007791,-0.160000,-0.208000
0.007791,-0.160000,-0.208000
0.007792,-0.152000,-0.208000
0.007792,-0.168000,-0.208000
0.007792,-0.168000,-0.224000
0.007792,-0.184000,-0.232000
0.007792,-0.176000,-0.224000
0.007793,-0.176000,-0.224000
0.007793,-0.192000,-0.232000
0.007793,-0.192000,-0.240000
0.007793,-0.200000,-0.248000
0.007793,-0.208000,-0.248000
0.007794,-0.200000,-0.248000
0.007794,-0.216000,-0.256000
0.007794,-0.208000,-0.264000
0.007794,-0.224000,-0.264000
0.007794,-0.232000,-0.272000
0.007795,-0.224000,-0.264000
0.007795,-0.224000,-0.272000
0.007795,-0.232000,-0.272000
0.007795,-0.240000,-0.280000
0.007795,-0.240000,-0.272000
0.007796,-0.232000,-0.296000
0.007796,-0.248000,-0.288000
0.007796,-0.264000,-0.288000
0.007796,-0.248000,-0.296000
0.007796,-0.256000,-0.304000
0.007797,-0.264000,-0.304000
0.007797,-0.264000,-0.312000
0.007797,-0.272000,-0.312000
0.007797,-0.272000,-0.320000
0.007797,-0.272000,-0.312000
0.007798,-0.272000,-0.320000
0.007798,-0.280000,-0.312000
0.007798,-0.296000,-0.328000
0.007798,-0.288000,-0.320000
0.007798,-0.296000,-0.344000
0.007799,-0.304000,-0.336000
0.007799,-0.312000,-0.344000
0.007799,-0.312000,-0.352000
0.007799,-0.304000,-0.344000
0.007799,-0.312000,-0.344000
0.007800,-0.312000,-0.360000
0.007800,-0.320000,-0.352000
0.007800,-0.328000,-0.360000
0.007800,-0.328000,-0.360000
0.007800,-0.328000,-0.360000
0.007801,-0.336000,-0.368000
0.007801,-0.328000,-0.376000
0.007801,-0.336000,-0.376000
0.007801,-0.344000,-0.376000
0.007801,-0.336000,-0.376000
0.007802,-0.352000,-0.384000
0.007802,-0.352000,-0.376000
0.007802,-0.360000,-0.384000
0.007802,-0.360000,-0.392000
0.007802,-0.360000,-0.392000
0.007803,-0.368000,-0.392000
0.007803,-0.376000,-0.400000
0.007803,-0.376000,-0.392000
0.007803,-0.384000,-0.400000
0.007803,-0.376000,-0.408000
0.007804,-0.384000,-0.408000
0.007804,-0.384000,-0.408000
0.007804,-0.384000,-0.416000
0.007804,-0.400000,-0.416000
0.007804,-0.392000,-0.416000
0.007805,-0.392000,-0.424000
0.007805,-0.392000,-0.416000
0.007805,-0.392000,-0.424000
0.007805,-0.408000,-0.416000
0.007805,-0.416000,-0.432000
0.007806,-0.408000,-0.432000
0.007806,-0.416000,-0.432000
0.007806,-0.416000,-0.432000
0.007806,-0.408000,-0.432000
0.007806,-0.416000,-0.448000
0.007807,-0.408000,-0.440000
0.007807,-0.424000,-0.448000
0.007807,-0.424000,-0.448000
0.007807,-0.424000,-0.440000
0.007807,-0.424000,-0.440000
0.007808,-0.432000,-0.440000
0.007808,-0.432000,-0.456000
0.007808,-0.432000,-0.456000
0.007808,-0.432000,-0.448000
0.007808,-0.432000,-0.456000
0.007809,-0.440000,-0.464000
0.007809,-0.448000,-0.464000
0.007809,-0.448000,-0.464000
0.007809,-0.456000,-0.464000
0.007809,-0.448000,-0.472000
0.007810,-0.456000,-0.472000
0.007810,-0.456000,-0.472000
0.007810,-0.464000,-0.464000
0.007810,-0.456000,-0.472000
0.007810,-0.464000,-0.472000
0.007811,-0.448000,-0.472000
0.007811,-0.448000,-0.472000
0.007811,-0.472000,-0.472000
0.007811,-0.464000,-0.472000
0.007811,-0.464000,-0.472000
0.007812,-0.480000,-0.472000
0.007812,-0.472000,-0.480000
0.007812,-0.472000,-0.480000
0.007812,-0.472000,-0.480000
0.007812,-0.472000,-0.480000
0.007813,-0.480000,-0.480000
0.007813,-0.472000,-0.488000
0.007813,-0.480000,-0.488000
0.007813,-0.488000,-0.488000
0.007813,-0.480000,-0.488000
0.007814,-0.488000,-0.488000
0.007814,-0.480000,-0.496000
0.007814,-0.488000,-0.480000
0.007814,-0.488000,-0.488000
0.007814,-0.488000,-0.480000
0.007815,-0.480000,-0.488000
0.007815,-0.496000,-0.488000
0.007815,-0.496000,-0.496000
0.007815,-0.488000,-0.496000
0.007815,-0.488000,-0.496000
0.007816,-0.488000,-0.488000
0.007816,-0.504000,-0.488000
0.007816,-0.496000,-0.496000
0.007816,-0.488000,-0.496000
0.007816,-0.488000,-0.496000
0.007817,-0.496000,-0.496000
0.007817,-0.496000,-0.496000
0.007817,-0.504000,-0.488000
0.007817,-0.504000,-0.496000
0.007817,-0.496000,-0.488000
0.007818,-0.504000,-0.496000
0.007818,-0.504000,-0.488000
0.007818,-0.504000,-0.488000
0.007818,-0.504000,-0.496000
0.007818,-0.504000,-0.488000
0.007819,-0.512000,-0.488000
0.007819,-0.496000,-0.488000
0.007819,-0.512000,-0.504000
0.007819,-0.504000,-0.496000
0.007819,-0.504000,-0.496000
0.007820,-0.496000,-0.496000
0.007820,-0.504000,-0.496000
0.007820,-0.488000,-0.488000
0.007820,-0.496000,-0.488000
0.007820,-0.504000,-0.488000
0.007821,-0.496000,-0.480000
0.007821,-0.496000,-0.480000
0.007821,-0.488000,-0.488000
0.007821,-0.488000,-0.488000
0.007821,-0.488000,-0.480000
0.007822,-0.496000,-0.480000
0.007822,-0.488000,-0.488000
0.007822,-0.504000,-0.480000
0.007822,-0.496000,-0.480000
0.007822,-0.496000,-0.480000
0.007823,-0.496000,-0.472000
0.007823,-0.496000,-0.472000
0.007823,-0.496000,-0.480000
0.007823,-0.488000,-0.472000
0.007823,-0.488000,-0.480000
0.007824,-0.488000,-0.480000
0.007824,-0.488000,-0.472000
0.007824,-0.496000,-0.480000
0.007824,-0.488000,-0.472000
0.007824,-0.504000,-0.472000
0.007825,-0.480000,-0.456000
0.007825,-0.480000,-0.464000
0.007825,-0.488000,-0.456000
0.007825,-0.480000,-0.464000
0.007825,-0.488000,-0.464000
0.007826,-0.472000,-0.456000
0.007826,-0.480000,-0.456000
0.007826,-0.480000,-0.456000
0.007826,-0.472000,-0.456000
0.007826,-0.472000,-0.456000
0.007827,-0.472000,-0.456000
0.007827,-0.472000,-0.440000
0.007827,-0.472000,-0.448000
0.007827,-0.464000,-0.440000
0.007827,-0.464000,-0.440000
0.007828,-0.472000,-0.440000
0.007828,-0.472000,-0.440000
0.007828,-0.456000,-0.432000
0.007828,-0.464000,-0.440000
0.007828,-0.464000,-0.440000
0.007829,-0.472000,-0.424000
0.007829,-0.456000,-0.432000
0.007829,-0.456000,-0.424000
0.007829,-0.464000,-0.424000
0.007829,-0.456000,-0.424000
0.007830,-0.448000,-0.424000
0.007830,-0.456000,-0.424000
0.007830,-0.448000,-0.424000
0.007830,-0.448000,-0.416000
0.007830,-0.440000,-0.408000
0.007831,-0.432000,-0.416000
0.007831,-0.440000,-0.408000
0.007831,-0.424000,-0.400000
0.007831,-0.440000,-0.392000
0.007831,-0.440000,-0.400000
0.007832,-0.432000,-0.400000
0.007832,-0.424000,-0.392000
0.007832,-0.424000,-0.392000
0.007832,-0.408000,-0.384000
0.007832,-0.424000,-0.384000
0.007833,-0.408000,-0.392000
0.007833,-0.408000,-0.376000
0.007833,-0.424000,-0.384000
0.007833,-0.408000,-0.376000
0.007833,-0.432000,-0.376000
0.007834,-0.416000,-0.368000
0.007834,-0.400000,-0.360000
0.007834,-0.416000,-0.360000
0.007834,-0.392000,-0.360000
0.007834,-0.392000,-0.360000
0.007835,-0.392000,-0.352000
0.007835,-0.392000,-0.360000
0.007835,-0.392000,-0.344000
0.007835,-0.376000,-0.336000
0.007835,-0.376000,-0.344000
0.007836,-0.376000,-0.336000
0.007836,-0.360000,-0.344000
0.007836,-0.368000,-0.336000
0.007836,-0.368000,-0.328000
0.007836,-0.384000,-0.328000
0.007837,-0.368000,-0.328000
0.007837,-0.376000,-0.320000
0.007837,-0.352000,-0.320000
0.007837,-0.360000,-0.312000
0.007837,-0.352000,-0.320000
0.007838,-0.344000,-0.304000
0.007838,-0.344000,-0.296000
0.007838,-0.344000,-0.296000
0.007838,-0.336000,-0.296000
0.007838,-0.344000,-0.304000
0.007839,-0.344000,-0.288000
0.007839,-0.336000,-0.288000
0.007839,-0.328000,-0.280000
0.007839,-0.320000,-0.288000
0.007839,-0.328000,-0.280000
0.007840,-0.328000,-0.272000
0.007840,-0.312000,-0.272000
0.007840,-0.304000,-0.272000
0.007840,-0.304000,-0.256000
0.007840,-0.304000,-0.256000
0.007841,-0.296000,-0.256000
0.007841,-0.296000,-0.256000
0.007841,-0.280000,-0.240000
0.007841,-0.288000,-0.240000
0.007841,-0.288000,-0.240000
0.007842,-0.280000,-0.232000
0.007842,-0.280000,-0.232000
0.007842,-0.264000,-0.224000
0.007842,-0.272000,-0.216000
0.007842,-0.272000,-0.224000
0.007843,-0.264000,-0.224000
0.007843,-0.272000,-0.216000
0.007843,-0.256000,-0.208000
0.007843,-0.256000,-0.200000
0.007843,-0.248000,-0.200000
0.007844,-0.248000,-0.200000
0.007844,-0.256000,-0.200000
0.007844,-0.240000,-0.184000
0.007844,-0.240000,-0.192000
0.007844,-0.224000,-0.176000
0.007845,-0.224000,-0.176000
0.007845,-0.232000,-0.176000
0.007845,-0.224000,-0.160000
0.007845,-0.208000,-0.160000
0.007845,-0.208000,-0.160000
0.007846,-0.208000,-0.160000
0.007846,-0.200000,-0.152000
0.007846,-0.200000,-0.152000
0.007846,-0.192000,-0.136000
0.007846,-0.192000,-0.152000
0.007847,-0.176000,-0.136000
0.007847,-0.176000,-0.136000
0.007847,-0.176000,-0.136000
0.007847,-0.160000,-0.120000
0.007847,-0.176000,-0.112000
0.007848,-0.168000,-0.120000
0.007848,-0.160000,-0.104000
0.007848,-0.152000,-0.112000
0.007848,-0.152000,-0.112000
0.007848,-0.160000,-0.096000
0.007849,-0.136000,-0.096000
0.007849,-0.152000,-0.088000
0.007849,-0.136000,-0.088000
0.007849,-0.136000,-0.080000
0.007849,-0.112000,-0.072000
0.007850,-0.128000,-0.080000
0.007850,-0.128000,-0.064000
0.007850,-0.120000,-0.056000
0.007850,-0.104000,-0.064000
0.007850,-0.104000,-0.056000
0.007851,-0.112000,-0.056000
0.007851,-0.104000,-0.048000
0.007851,-0.088000,-0.040000
0.007851,-0.080000,-0.040000
0.007851,-0.072000,-0.032000
0.007852,-0.088000,-0.024000
0.007852,-0.072000,-0.024000
0.007852,-0.064000,-0.024000
0.007852,-0.072000,-0.016000
0.007852,-0.056000,-0.016000
0.007853,-0.056000,-0.016000
0.007853,-0.056000,-0.008000
0.007853,-0.040000,0.000000
0.007853,-0.048000,0.008000
0.007853,-0.040000,0.016000
0.007854,-0.040000,0.016000
0.007854,-0.032000,0.016000
0.007854,-0.024000,0.024000
0.007854,-0.024000,0.024000
0.007854,-0.024000,0.032000
0.007855,0.000000,0.032000
0.007855,-0.008000,0.040000
0.007855,0.008000,0.056000
0.007855,0.000000,0.048000
0.007855,0.000000,0.056000
0.007856,0.008000,0.048000
0.007856,0.016000,0.056000
0.007856,0.032000,0.064000
0.007856,0.024000,0.072000
0.007856,0.032000,0.064000
0.007857,0.032000,0.080000
0.007857,0.040000,0.080000
0.007857,0.048000,0.080000
0.007857,0.048000,0.088000
0.007857,0.056000,0.096000
0.007858,0.056000,0.096000
0.007858,0.064000,0.096000
0.007858,0.064000,0.104000
0.007858,0.064000,0.112000
0.007858,0.064000,0.120000
0.007859,0.072000,0.120000
0.007859,0.088000,0.120000
0.007859,0.088000,0.120000
0.007859,0.096000,0.128000
0.007859,0.088000,0.136000
0.007860,0.096000,0.136000
0.007860,0.104000,0.144000
0.007860,0.112000,0.144000
0.007860,0.112000,0.152000
0.007860,0.120000,0.160000
0.007861,0.128000,0.168000
0.007861,0.128000,0.160000
0.007861,0.136000,0.160000
0.007861,0.136000,0.184000
0.007861,0.152000,0.176000
0.007862,0.136000,0.192000
0.007862,0.152000,0.192000
0.007862,0.144000,0.192000
0.007862,0.168000,0.200000
0.007862,0.160000,0.200000
0.007863,0.160000,0.200000
0.007863,0.168000,0.200000
0.007863,0.184000,0.208000
0.007863,0.176000,0.216000
0.007863,0.176000,0.224000
0.007864,0.192000,0.224000
0.007864,0.192000,0.224000
0.007864,0.184000,0.232000
0.007864,0.208000,0.248000
0.007864,0.216000,0.240000
0.007865,0.208000,0.248000
0.007865,0.208000,0.248000
0.007865,0.216000,0.248000
0.007865,0.224000,0.256000
0.007865,0.232000,0.256000
0.007866,0.232000,0.272000
0.007866,0.240000,0.256000
0.007866,0.240000,0.264000
0.007866,0.248000,0.272000
0.007866,0.248000,0.288000
0.007867,0.256000,0.280000
0.007867,0.248000,0.280000
0.007867,0.248000,0.288000
0.007867,0.256000,0.288000
0.007867,0.272000,0.288000
0.007868,0.280000,0.296000
0.007868,0.272000,0.296000
0.007868,0.288000,0.304000
0.007868,0.272000,0.304000
0.007868,0.280000,0.304000
0.007869,0.280000,0.312000
0.007869,0.288000,0.320000
0.007869,0.288000,0.320000
0.007869,0.296000,0.320000
0.007869,0.304000,0.336000
0.007870,0.304000,0.336000
0.007870,0.296000,0.328000
0.007870,0.312000,0.336000
0.007870,0.320000,0.336000
0.007870,0.320000,0.344000
0.007871,0.328000,0.352000
0.007871,0.336000,0.352000
0.007871,0.320000,0.352000
0.007871,0.336000,0.352000
0.007871,0.336000,0.352000
0.007872,0.344000,0.368000
0.007872,0.344000,0.368000
0.007872,0.344000,0.368000
0.007872,0.352000,0.368000
0.007872,0.360000,0.368000
0.007873,0.344000,0.368000
0.007873,0.368000,0.376000
0.007873,0.352000,0.376000
0.007873,0.360000,0.392000
0.007873,0.360000,0.392000
0.007874,0.360000,0.392000
0.007874,0.384000,0.392000
0.007874,0.376000,0.392000
0.007874,0.368000,0.392000
0.007874,0.384000,0.400000
0.007875,0.384000,0.400000
0.007875,0.392000,0.408000
0.007875,0.384000,0.400000
0.007875,0.384000,0.408000
0.007875,0.400000,0.408000
0.007876,0.408000,0.416000
0.007876,0.400000,0.416000
0.007876,0.408000,0.424000
0.007876,0.408000,0.424000
0.007876,0.408000,0.416000
0.007877,0.416000,0.424000
0.007877,0.416000,0.424000
0.007877,0.416000,0.432000
0.007877,0.432000,0.440000
0.007877,0.424000,0.440000
0.007878,0.424000,0.432000
0.007878,0.424000,0.432000
0.007878,0.424000,0.440000
0.007878,0.416000,0.432000
0.007878,0.440000,0.448000
0.007879,0.432000,0.448000
0.007879,0.456000,0.448000
0.007879,0.448000,0.448000
0.007879,0.448000,0.448000
0.007879,0.456000,0.456000
0.007880,0.448000,0.448000
0.007880,0.456000,0.448000
0.007880,0.448000,0.456000
0.007880,0.456000,0.456000
0.007880,0.464000,0.472000
0.007881,0.464000,0.464000
0.007881,0.464000,0.464000
0.007881,0.472000,0.464000
0.007881,0.464000,0.464000
0.007881,0.456000,0.464000
0.007882,0.464000,0.472000
0.007882,0.472000,0.464000
0.007882,0.472000,0.472000
0.007882,0.472000,0.472000
0.007882,0.480000,0.472000
0.007883,0.480000,0.472000
0.007883,0.488000,0.480000
0.007883,0.480000,0.472000
0.007883,0.472000,0.488000
0.007883,0.472000,0.472000
0.007884,0.480000,0.472000
0.007884,0.480000,0.480000
0.007884,0.496000,0.488000
0.007884,0.496000,0.480000
0.007884,0.488000,0.488000
0.007885,0.488000,0.488000
0.007885,0.488000,0.488000
0.007885,0.488000,0.488000
0.007885,0.496000,0.480000
0.007885,0.504000,0.480000
0.007886,0.496000,0.480000
0.007886,0.504000,0.488000
0.007886,0.496000,0.480000
0.007886,0.512000,0.488000
0.007886,0.496000,0.488000
0.007887,0.504000,0.488000
0.007887,0.504000,0.488000
0.007887,0.504000,0.488000
0.007887,0.512000,0.488000
0.007887,0.504000,0.488000
0.007888,0.512000,0.496000
0.007888,0.520000,0.496000
0.007888,0.504000,0.496000
0.007888,0.496000,0.480000
0.007888,0.496000,0.488000
0.007889,0.512000,0.488000
0.007889,0.504000,0.488000
0.007889,0.512000,0.496000
0.007889,0.496000,0.488000
0.007889,0.504000,0.496000
0.007890,0.504000,0.488000
0.007890,0.504000,0.488000
0.007890,0.520000,0.488000
0.007890,0.504000,0.488000
0.007890,0.512000,0.480000
0.007891,0.512000,0.496000
0.007891,0.504000,0.480000
0.007891,0.520000,0.488000
0.007891,0.512000,0.496000
0.007891,0.504000,0.488000
0.007892,0.520000,0.480000
0.007892,0.520000,0.496000
0.007892,0.512000,0.488000
0.007892,0.512000,0.480000
0.007892,0.504000,0.488000
0.007893,0.512000,0.488000
0.007893,0.496000,0.480000
0.007893,0.520000,0.480000
0.007893,0.496000,0.488000
0.007893,0.504000,0.480000
0.007894,0.504000,0.480000
0.007894,0.512000,0.480000
0.007894,0.512000,0.488000
0.007894,0.520000,0.488000
0.007894,0.512000,0.480000
0.007895,0.504000,0.472000
0.007895,0.504000,0.472000
0.007895,0.504000,0.472000
0.007895,0.504000,0.472000
0.007895,0.496000,0.464000
0.007896,0.504000,0.464000
0.007896,0.504000,0.464000
0.007896,0.504000,0.464000
0.007896,0.496000,0.472000
0.007896,0.504000,0.464000
0.007897,0.496000,0.464000
0.007897,0.496000,0.448000
0.007897,0.504000,0.464000
0.007897,0.496000,0.456000
0.007897,0.496000,0.448000
0.007898,0.488000,0.456000
0.007898,0.480000,0.456000
0.007898,0.480000,0.448000
0.007898,0.472000,0.448000
0.007898,0.488000,0.440000
0.007899,0.480000,0.440000
0.007899,0.488000,0.440000
0.007899,0.472000,0.440000
0.007899,0.496000,0.448000
0.007899,0.488000,0.424000
0.007900,0.472000,0.432000
0.007900,0.480000,0.432000
0.007900,0.480000,0.432000
0.007900,0.480000,0.424000
0.007900,0.472000,0.432000
0.007901,0.472000,0.432000
0.007901,0.472000,0.432000
0.007901,0.464000,0.432000
0.007901,0.456000,0.424000
0.007901,0.464000,0.416000
0.007902,0.456000,0.408000
0.007902,0.464000,0.416000
0.007902,0.456000,0.408000
0.007902,0.448000,0.416000
0.007902,0.448000,0.416000
0.007903,0.456000,0.392000
0.007903,0.448000,0.392000
0.007903,0.440000,0.400000
0.007903,0.432000,0.392000
0.007903,0.440000,0.384000
0.007904,0.432000,0.384000
0.007904,0.432000,0.392000
0.007904,0.440000,0.384000
0.007904,0.424000,0.384000
0.007904,0.424000,0.376000
0.007905,0.432000,0.376000
0.007905,0.416000,0.376000
0.007905,0.424000,0.376000
0.007905,0.416000,0.368000
0.007905,0.416000,0.360000
0.007906,0.408000,0.360000
0.007906,0.416000,0.352000
0.007906,0.416000,0.360000
0.007906,0.408000,0.352000
0.007906,0.400000,0.352000
0.007907,0.408000,0.352000
0.007907,0.392000,0.344000
0.007907,0.400000,0.344000
0.007907,0.384000,0.344000
0.007907,0.400000,0.336000
0.007908,0.400000,0.344000
0.007908,0.376000,0.328000
0.007908,0.376000,0.328000
0.007908,0.376000,0.320000
0.007908,0.376000,0.320000
0.007909,0.368000,0.312000
0.007909,0.368000,0.312000
0.007909,0.360000,0.304000
0.007909,0.360000,0.304000
0.007909,0.368000,0.304000
0.007910,0.352000,0.296000
0.007910,0.352000,0.288000
0.007910,0.344000,0.288000
0.007910,0.352000,0.288000
0.007910,0.344000,0.288000
0.007911,0.328000,0.280000
0.007911,0.336000,0.280000
0.007911,0.328000,0.272000
0.007911,0.328000,0.272000
0.007911,0.328000,0.256000
0.007912,0.320000,0.264000
0.007912,0.328000,0.256000
0.007912,0.320000,0.256000
0.007912,0.304000,0.248000
0.007912,0.312000,0.240000
0.007913,0.296000,0.248000
0.007913,0.304000,0.240000
0.007913,0.280000,0.240000
0.007913,0.280000,0.232000
0.007913,0.288000,0.232000
0.007914,0.288000,0.216000
0.007914,0.280000,0.216000
0.007914,0.288000,0.216000
0.007914,0.272000,0.208000
0.007914,0.280000,0.208000
0.007915,0.264000,0.200000
0.007915,0.248000,0.192000
0.007915,0.264000,0.200000
0.007915,0.256000,0.184000
0.007915,0.240000,0.192000
0.007916,0.256000,0.192000
0.007916,0.248000,0.176000
0.007916,0.240000,0.184000
0.007916,0.248000,0.168000
0.007916,0.240000,0.168000
0.007917,0.224000,0.168000
0.007917,0.224000,0.152000
0.007917,0.224000,0.160000
0.007917,0.216000,0.152000
0.007917,0.216000,0.144000
0.007918,0.200000,0.144000
0.007918,0.192000,0.128000
0.007918,0.192000,0.136000
0.007918,0.192000,0.128000
0.007918,0.192000,0.120000
0.007919,0.192000,0.120000
0.007919,0.176000,0.104000
0.007919,0.192000,0.104000
0.007919,0.168000,0.112000
0.007919,0.176000,0.096000
0.007920,0.160000,0.096000
0.007920,0.168000,0.088000
0.007920,0.160000,0.096000
0.007920,0.160000,0.088000
0.007920,0.152000,0.080000
0.007921,0.152000,0.080000
0.007921,0.144000,0.072000
0.007921,0.128000,0.072000
0.007921,0.128000,0.064000
0.007921,0.128000,0.064000
0.007922,0.128000,0.056000
0.007922,0.112000,0.048000
0.007922,0.088000,0.040000
0.007922,0.112000,0.048000
0.007922,0.096000,0.048000
0.007923,0.096000,0.032000
0.007923,0.096000,0.032000
0.007923,0.080000,0.024000
0.007923,0.088000,0.024000
0.007923,0.072000,0.016000
0.007924,0.080000,0.008000
0.007924,0.072000,0.008000
0.007924,0.056000,0.008000
0.007924,0.064000,-0.008000
0.007924,0.056000,0.000000
0.007925,0.056000,-0.008000
0.007925,0.048000,-0.016000
0.007925,0.056000,-0.016000
0.007925,0.048000,-0.016000
0.007925,0.040000,-0.024000
0.007926,0.040000,-0.032000
0.007926,0.024000,-0.032000
0.007926,0.024000,-0.024000
0.007926,0.032000,-0.032000
0.007926,0.016000,-0.048000
0.007927,0.000000,-0.056000
0.007927,0.008000,-0.056000
0.007927,0.000000,-0.056000
0.007927,0.000000,-0.056000
0.007927,0.000000,-0.064000
0.007928,-0.016000,-0.064000
0.007928,-0.016000,-0.088000
0.007928,-0.032000,-0.088000
0.007928,-0.024000,-0.080000
0.007928,-0.032000,-0.096000
0.007929,-0.032000,-0.088000
0.007929,-0.048000,-0.104000
0.007929,-0.048000,-0.096000
0.007929,-0.056000,-0.120000
0.007929,-0.048000,-0.104000
0.007930,-0.056000,-0.112000
0.007930,-0.064000,-0.120000
0.007930,-0.064000,-0.128000
0.007930,-0.064000,-0.128000
0.007930,-0.072000,-0.128000
0.007931,-0.072000,-0.136000
0.007931,-0.088000,-0.136000
0.007931,-0.088000,-0.136000
0.007931,-0.096000,-0.144000
0.007931,-0.096000,-0.144000
0.007932,-0.096000,-0.160000
0.007932,-0.104000,-0.160000
0.007932,-0.128000,-0.168000
0.007932,-0.112000,-0.168000
0.007932,-0.128000,-0.176000
0.007933,-0.120000,-0.176000
0.007933,-0.136000,-0.184000
0.007933,-0.144000,-0.176000
0.007933,-0.136000,-0.176000
0.007933,-0.144000,-0.192000
0.007934,-0.152000,-0.200000
0.007934,-0.144000,-0.192000
0.007934,-0.160000,-0.200000
0.007934,-0.160000,-0.200000
0.007934,-0.168000,-0.208000
0.007935,-0.168000,-0.216000
0.007935,-0.160000,-0.216000
0.007935,-0.176000,-0.224000
0.007935,-0.176000,-0.232000
0.007935,-0.176000,-0.224000
0.007936,-0.184000,-0.232000
0.007936,-0.192000,-0.240000
0.007936,-0.184000,-0.240000
0.007936,-0.192000,-0.240000
0.007936,-0.200000,-0.248000
0.007937,-0.200000,-0.240000
0.007937,-0.208000,-0.256000
0.007937,-0.208000,-0.264000
0.007937,-0.216000,-0.264000
0.007937,-0.224000,-0.264000
0.007938,-0.232000,-0.264000
0.007938,-0.240000,-0.280000
0.007938,-0.240000,-0.280000
0.007938,-0.232000,-0.288000
0.007938,-0.240000,-0.280000
0.007939,-0.248000,-0.288000
0.007939,-0.240000,-0.296000
0.007939,-0.256000,-0.296000
0.007939,-0.248000,-0.296000
0.007939,-0.256000,-0.296000
0.007940,-0.256000,-0.296000
0.007940,-0.272000,-0.304000
0.007940,-0.272000,-0.304000
0.007940,-0.272000,-0.312000
0.007940,-0.272000,-0.312000
0.007941,-0.280000,-0.320000
0.007941,-0.288000,-0.328000
0.007941,-0.288000,-0.328000
0.007941,-0.296000,-0.320000
0.007941,-0.288000,-0.336000
0.007942,-0.296000,-0.336000
0.007942,-0.304000,-0.344000
0.007942,-0.312000,-0.344000
0.007942,-0.304000,-0.352000
0.007942,-0.320000,-0.360000
0.007943,-0.320000,-0.360000
0.007943,-0.328000,-0.352000
0.007943,-0.328000,-0.360000
0.007943,-0.336000,-0.352000
0.007943,-0.336000,-0.360000
0.007944,-0.336000,-0.368000
0.007944,-0.344000,-0.360000
0.007944,-0.352000,-0.368000
0.007944,-0.336000,-0.376000
0.007944,-0.344000,-0.384000
0.007945,-0.352000,-0.384000
0.007945,-0.352000,-0.384000
0.007945,-0.352000,-0.384000
0.007945,-0.360000,-0.392000
0.007945,-0.368000,-0.400000
0.007946,-0.360000,-0.392000
0.007946,-0.368000,-0.392000
0.007946,-0.360000,-0.408000
0.007946,-0.368000,-0.400000
0.007946,-0.384000,-0.400000
0.007947,-0.384000,-0.408000
0.007947,-0.384000,-0.400000
0.007947,-0.376000,-0.416000
0.007947,-0.392000,-0.424000
0.007947,-0.400000,-0.416000
0.007948,-0.392000,-0.424000
0.007948,-0.400000,-0.424000
0.007948,-0.400000,-0.424000
0.007948,-0.408000,-0.432000
0.007948,-0.400000,-0.432000
0.007949,-0.408000,-0.432000
0.007949,-0.416000,-0.432000
0.007949,-0.416000,-0.432000
0.007949,-0.416000,-0.440000
0.007949,-0.424000,-0.440000
0.007950,-0.440000,-0.448000
0.007950,-0.432000,-0.440000
0.007950,-0.424000,-0.440000
0.007950,-0.432000,-0.448000
0.007950,-0.424000,-0.448000
0.007951,-0.432000,-0.456000
0.007951,-0.432000,-0.456000
0.007951,-0.432000,-0.456000
0.007951,-0.456000,-0.456000
0.007951,-0.440000,-0.456000
0.007952,-0.440000,-0.456000
0.007952,-0.456000,-0.472000
0.007952,-0.440000,-0.456000
0.007952,-0.456000,-0.464000
0.007952,-0.440000,-0.464000
0.007953,-0.456000,-0.472000
0.007953,-0.464000,-0.464000
0.007953,-0.456000,-0.464000
0.007953,-0.448000,-0.472000
0.007953,-0.464000,-0.480000
0.007954,-0.456000,-0.480000
0.007954,-0.456000,-0.472000
0.007954,-0.464000,-0.480000
0.007954,-0.472000,-0.464000
0.007954,-0.472000,-0.472000
0.007955,-0.472000,-0.472000
0.007955,-0.464000,-0.488000
0.007955,-0.464000,-0.480000
0.007955,-0.472000,-0.472000
0.007955,-0.472000,-0.480000
0.007956,-0.488000,-0.480000
0.007956,-0.472000,-0.480000
0.007956,-0.480000,-0.480000
0.007956,-0.472000,-0.480000
0.007956,-0.480000,-0.488000
0.007957,-0.480000,-0.488000
0.007957,-0.480000,-0.488000
0.007957,-0.488000,-0.488000
0.007957,-0.496000,-0.496000
0.007957,-0.488000,-0.496000
0.007958,-0.496000,-0.488000
0.007958,-0.488000,-0.496000
0.007958,-0.488000,-0.488000
0.007958,-0.488000,-0.496000
0.007958,-0.496000,-0.496000
0.007959,-0.488000,-0.496000
0.007959,-0.496000,-0.496000
0.007959,-0.488000,-0.488000
0.007959,-0.496000,-0.488000
0.007959,-0.488000,-0.496000
0.007960,-0.496000,-0.496000
0.007960,-0.496000,-0.488000
0.007960,-0.488000,-0.488000
0.007960,-0.504000,-0.488000
0.007960,-0.496000,-0.488000
0.007961,-0.504000,-0.488000
0.007961,-0.488000,-0.496000
0.007961,-0.496000,-0.496000
0.007961,-0.496000,-0.488000
0.007961,-0.504000,-0.488000
0.007962,-0.512000,-0.488000
0.007962,-0.504000,-0.488000
0.007962,-0.488000,-0.496000
0.007962,-0.496000,-0.488000
0.007962,-0.504000,-0.488000
0.007963,-0.520000,-0.488000
0.007963,-0.496000,-0.488000
0.007963,-0.504000,-0.480000
0.007963,-0.488000,-0.488000
0.007963,-0.496000,-0.496000
0.007964,-0.504000,-0.480000
0.007964,-0.504000,-0.488000
0.007964,-0.488000,-0.480000
0.007964,-0.496000,-0.488000
0.007964,-0.496000,-0.496000
0.007965,-0.496000,-0.480000
0.007965,-0.496000,-0.480000
0.007965,-0.496000,-0.480000
0.007965,-0.496000,-0.488000
0.007965,-0.496000,-0.480000
0.007966,-0.488000,-0.480000
0.007966,-0.488000,-0.472000
0.007966,-0.488000,-0.472000
0.007966,-0.496000,-0.480000
0.007966,-0.496000,-0.472000
0.007967,-0.488000,-0.472000
0.007967,-0.488000,-0.472000
0.007967,-0.488000,-0.472000
0.007967,-0.496000,-0.472000
0.007967,-0.488000,-0.472000
0.007968,-0.496000,-0.464000
0.007968,-0.488000,-0.464000
0.007968,-0.488000,-0.464000
0.007968,-0.480000,-0.464000
0.007968,-0.488000,-0.464000
0.007969,-0.488000,-0.448000
0.007969,-0.480000,-0.464000
0.007969,-0.480000,-0.464000
0.007969,-0.472000,-0.456000
0.007969,-0.488000,-0.448000
0.007970,-0.472000,-0.448000
0.007970,-0.464000,-0.448000
0.007970,-0.480000,-0.448000
0.007970,-0.472000,-0.448000
0.007970,-0.472000,-0.448000
0.007971,-0.472000,-0.440000
0.007971,-0.464000,-0.440000
0.007971,-0.464000,-0.448000
0.007971,-0.464000,-0.440000
0.007971,-0.448000,-0.424000
0.007972,-0.472000,-0.440000
0.007972,-0.464000,-0.432000
0.007972,-0.464000,-0.432000
0.007972,-0.448000,-0.424000
0.007972,-0.456000,-0.416000
0.007973,-0.464000,-0.424000
0.007973,-0.456000,-0.416000
0.007973,-0.440000,-0.424000
0.007973,-0.448000,-0.408000
0.007973,-0.440000,-0.416000
0.007974,-0.432000,-0.408000
0.007974,-0.440000,-0.400000
0.007974,-0.440000,-0.400000
0.007974,-0.440000,-0.400000
0.007974,-0.432000,-0.392000
0.007975,-0.424000,-0.400000
0.007975,-0.416000,-0.384000
0.007975,-0.416000,-0.384000
0.007975,-0.416000,-0.392000
0.007975,-0.424000,-0.376000
0.007976,-0.416000,-0.376000
0.007976,-0.400000,-0.376000
0.007976,-0.408000,-0.376000
0.007976,-0.416000,-0.368000
0.007976,-0.400000,-0.368000
0.007977,-0.408000,-0.368000
0.007977,-0.408000,-0.368000
0.007977,-0.408000,-0.360000
0.007977,-0.400000,-0.360000
0.007977,-0.400000,-0.352000
0.007978,-0.400000,-0.352000
0.007978,-0.392000,-0.352000
0.007978,-0.392000,-0.352000
0.007978,-0.392000,-0.336000
0.007978,-0.376000,-0.336000
0.007979,-0.384000,-0.336000
0.007979,-0.376000,-0.344000
0.007979,-0.376000,-0.320000
0.007979,-0.360000,-0.320000
0.007979,-0.368000,-0.328000
0.007980,-0.368000,-0.320000
0.007980,-0.352000,-0.312000
0.007980,-0.344000,-0.312000
0.007980,-0.360000,-0.312000
0.007980,-0.352000,-0.304000
0.007981,-0.344000,-0.304000
0.007981,-0.344000,-0.304000
0.007981,-0.344000,-0.296000
0.007981,-0.336000,-0.288000
0.007981,-0.336000,-0.288000
0.007982,-0.328000,-0.288000
0.007982,-0.328000,-0.280000
0.007982,-0.336000,-0.288000
0.007982,-0.328000,-0.272000
0.007982,-0.328000,-0.272000
0.007983,-0.312000,-0.272000
0.007983,-0.320000,-0.264000
0.007983,-0.304000,-0.264000
0.007983,-0.288000,-0.256000
0.007983,-0.312000,-0.256000
0.007984,-0.296000,-0.248000
0.007984,-0.288000,-0.256000
0.007984,-0.288000,-0.240000
0.007984,-0.288000,-0.232000
0.007984,-0.280000,-0.240000
0.007985,-0.280000,-0.224000
0.007985,-0.280000,-0.224000
0.007985,-0.272000,-0.232000
0.007985,-0.264000,-0.216000
0.007985,-0.264000,-0.216000
0.007986,-0.264000,-0.208000
0.007986,-0.264000,-0.208000
0.007986,-0.256000,-0.208000
0.007986,-0.248000,-0.192000
0.007986,-0.248000,-0.192000
0.007987,-0.240000,-0.192000
0.007987,-0.232000,-0.192000
0.007987,-0.240000,-0.184000
0.007987,-0.232000,-0.184000
0.007987,-0.232000,-0.176000
0.007988,-0.224000,-0.168000
0.007988,-0.232000,-0.176000
0.007988,-0.208000,-0.160000
0.007988,-0.216000,-0.160000
0.007988,-0.208000,-0.152000
0.007989,-0.208000,-0.144000
0.007989,-0.200000,-0.152000
0.007989,-0.200000,-0.136000
0.007989,-0.208000,-0.144000
0.007989,-0.176000,-0.136000
0.007990,-0.192000,-0.128000
0.007990,-0.184000,-0.120000
0.007990,-0.176000,-0.128000
0.007990,-0.184000,-0.120000
0.007990,-0.168000,-0.120000
0.007991,-0.160000,-0.112000
0.007991,-0.168000,-0.112000
0.007991,-0.144000,-0.104000
0.007991,-0.144000,-0.096000
0.007991,-0.152000,-0.096000
0.007992,-0.144000,-0.096000
0.007992,-0.144000,-0.088000
0.007992,-0.128000,-0.080000
0.007992,-0.136000,-0.080000
0.007992,-0.136000,-0.072000
0.007993,-0.120000,-0.064000
0.007993,-0.104000,-0.064000
0.007993,-0.112000,-0.056000
0.007993,-0.096000,-0.056000
0.007993,-0.096000,-0.056000
0.007994,-0.088000,-0.048000
0.007994,-0.088000,-0.048000
0.007994,-0.096000,-0.040000
0.007994,-0.072000,-0.032000
0.007994,-0.072000,-0.032000
0.007995,-0.064000,-0.032000
0.007995,-0.064000,-0.024000
0.007995,-0.064000,-0.024000
0.007995,-0.064000,-0.008000
0.007995,-0.056000,-0.008000
0.007996,-0.056000,0.000000
0.007996,-0.048000,0.000000
0.007996,-0.048000,0.000000
0.007996,-0.032000,0.008000
0.007996,-0.040000,0.008000
0.007997,-0.032000,0.024000
0.007997,-0.024000,0.016000
0.007997,-0.024000,0.024000
0.007997,-0.024000,0.024000
0.007997,-0.008000,0.032000
0.007998,-0.008000,0.024000
0.007998,-0.008000,0.040000
0.007998,0.000000,0.040000
0.007998,0.008000,0.040000
0.007998,0.008000,0.056000
0.007999,0.016000,0.064000
0.007999,0.016000,0.064000
0.007999,0.032000,0.072000
0.007999,0.024000,0.072000
0.007999,0.040000,0.072000
0.008000,0.032000,0.080000
0.008000,0.048000,0.080000
0.008000,0.056000,0.096000
0.008000,0.048000,0.096000
0.008000,0.056000,0.096000
0.008001,0.056000,0.096000
0.008001,0.064000,0.104000
0.008001,0.064000,0.112000
0.008001,0.064000,0.112000
0.008001,0.072000,0.120000
0.008002,0.088000,0.128000
0.008002,0.072000,0.120000
0.008002,0.088000,0.136000
0.008002,0.080000,0.136000
0.008002,0.104000,0.136000
0.008003,0.104000,0.144000
0.008003,0.112000,0.152000
0.008003,0.120000,0.144000
0.008003,0.112000,0.160000
0.008003,0.120000,0.168000
0.008004,0.120000,0.160000
0.008004,0.128000,0.168000
0.008004,0.136000,0.176000
0.008004,0.152000,0.176000
0.008004,0.144000,0.176000
0.008005,0.144000,0.184000
0.008005,0.152000,0.184000
0.008005,0.160000,0.200000
0.008005,0.160000,0.192000
0.008005,0.168000,0.208000
0.008006,0.176000,0.208000
0.008006,0.168000,0.208000
0.008006,0.176000,0.208000
0.008006,0.184000,0.216000
0.008006,0.184000,0.216000
0.008007,0.200000,0.232000
0.008007,0.200000,0.232000
0.008007,0.208000,0.224000
0.008007,0.192000,0.232000
0.008007,0.208000,0.240000
0.008008,0.208000,0.240000
0.008008,0.224000,0.248000
0.008008,0.208000,0.248000
0.008008,0.224000,0.256000
0.008008,0.216000,0.256000
0.008009,0.240000,0.256000
0.008009,0.248000,0.272000
0.008009,0.232000,0.264000
0.008009,0.240000,0.272000
0.008009,0.256000,0.280000
0.008010,0.248000,0.280000
0.008010,0.256000,0.288000
0.008010,0.256000,0.288000
0.008010,0.256000,0.288000
0.008010,0.272000,0.296000
0.008011,0.272000,0.296000
0.008011,0.272000,0.304000
0.008011,0.272000,0.304000
0.008011,0.280000,0.312000
0.008011,0.288000,0.312000
0.008012,0.280000,0.312000
0.008012,0.288000,0.320000
0.008012,0.296000,0.320000
0.008012,0.296000,0.336000
0.008012,0.312000,0.336000
0.008013,0.320000,0.336000
0.008013,0.304000,0.336000
0.008013,0.312000,0.336000
0.008013,0.328000,0.344000
0.008013,0.320000,0.344000
0.008014,0.328000,0.352000
0.008014,0.312000,0.352000
0.008014,0.336000,0.360000
0.008014,0.336000,0.352000
0.008014,0.344000,0.360000
0.008015,0.336000,0.368000
0.008015,0.352000,0.368000
0.008015,0.336000,0.368000
0.008015,0.352000,0.368000
0.008015,0.352000,0.376000
0.008016,0.352000,0.384000
0.008016,0.360000,0.376000
0.008016,0.376000,0.384000
0.008016,0.368000,0.392000
0.008016,0.376000,0.392000
0.008017,0.360000,0.384000
0.008017,0.376000,0.392000
0.008017,0.368000,0.392000
0.008017,0.376000,0.392000
0.008017,0.384000,0.392000
0.008018,0.392000,0.400000
0.008018,0.392000,0.400000
0.008018,0.400000,0.408000
0.008018,0.400000,0.408000
0.008018,0.400000,0.408000
0.008019,0.400000,0.416000
0.008019,0.408000,0.424000
0.008019,0.416000,0.416000
0.008019,0.416000,0.424000
0.008019,0.416000,0.416000
0.008020,0.416000,0.424000
0.008020,0.424000,0.424000
0.008020,0.424000,0.432000
0.008020,0.424000,0.440000
0.008020,0.424000,0.432000
0.008021,0.432000,0.440000
0.008021,0.424000,0.440000
0.008021,0.432000,0.448000
0.008021,0.432000,0.440000
0.008021,0.440000,0.448000
0.008022,0.448000,0.448000
0.008022,0.440000,0.440000
0.008022,0.432000,0.448000
0.008022,0.448000,0.448000
0.008022,0.440000,0.456000
0.008023,0.448000,0.456000
0.008023,0.464000,0.456000
0.008023,0.456000,0.464000
0.008023,0.456000,0.464000
0.008023,0.464000,0.472000
0.008024,0.464000,0.472000
0.008024,0.464000,0.464000
0.008024,0.472000,0.472000
0.008024,0.472000,0.464000
0.008024,0.472000,0.472000
0.008025,0.488000,0.464000
0.008025,0.480000,0.472000
0.008025,0.480000,0.472000
0.008025,0.480000,0.472000
0.008025,0.480000,0.480000
0.008026,0.480000,0.488000
0.008026,0.480000,0.480000
0.008026,0.480000,0.480000
0.008026,0.480000,0.472000
0.008026,0.496000,0.480000
0.008027,0.488000,0.488000
0.008027,0.472000,0.472000
0.008027,0.480000,0.480000
0.008027,0.488000,0.472000
0.008027,0.488000,0.480000
0.008028,0.496000,0.488000
0.008028,0.488000,0.488000
0.008028,0.496000,0.488000
0.008028,0.488000,0.488000
0.008028,0.496000,0.496000
0.008029,0.504000,0.488000
0.008029,0.496000,0.488000
0.008029,0.504000,0.488000
0.008029,0.504000,0.488000
0.008029,0.496000,0.488000
0.008030,0.504000,0.488000
0.008030,0.504000,0.496000
0.008030,0.504000,0.496000
0.008030,0.512000,0.488000
0.008030,0.504000,0.496000
0.008031,0.512000,0.488000
0.008031,0.504000,0.488000
0.008031,0.496000,0.488000
0.008031,0.520000,0.496000
0.008031,0.504000,0.496000
0.008032,0.512000,0.496000
0.008032,0.504000,0.496000
0.008032,0.496000,0.496000
0.008032,0.504000,0.496000
0.008032,0.520000,0.504000
0.008033,0.504000,0.496000
0.008033,0.520000,0.496000
0.008033,0.512000,0.488000
0.008033,0.520000,0.496000
0.008033,0.512000,0.488000
0.008034,0.504000,0.488000
0.008034,0.512000,0.480000
0.008034,0.504000,0.488000
0.008034,0.512000,0.480000
0.008034,0.512000,0.480000
0.008035,0.520000,0.488000
0.008035,0.504000,0.496000
0.008035,0.512000,0.480000
0.008035,0.520000,0.488000
0.008035,0.504000,0.480000
0.008036,0.512000,0.480000
0.008036,0.512000,0.488000
0.008036,0.520000,0.480000
0.008036,0.512000,0.488000
0.008036,0.504000,0.480000
0.008037,0.496000,0.472000
0.008037,0.504000,0.480000
0.008037,0.512000,0.480000
0.008037,0.512000,0.480000
0.008037,0.504000,0.472000
0.008038,0.496000,0.472000
0.008038,0.504000,0.472000
0.008038,0.496000,0.472000
0.008038,0.504000,0.472000
0.008038,0.504000,0.464000
0.008039,0.504000,0.464000
0.008039,0.496000,0.472000
0.008039,0.504000,0.464000
0.008039,0.496000,0.464000
0.008039,0.504000,0.456000
0.008040,0.496000,0.464000
0.008040,0.488000,0.456000
0.008040,0.496000,0.472000
0.008040,0.496000,0.456000
0.008040,0.496000,0.448000
0.008041,0.480000,0.456000
0.008041,0.472000,0.464000
0.008041,0.488000,0.440000
0.008041,0.488000,0.440000
0.008041,0.472000,0.448000
0.008042,0.472000,0.440000
0.008042,0.480000,0.440000
0.008042,0.480000,0.440000
0.008042,0.472000,0.448000
0.008042,0.480000,0.440000
0.008043,0.480000,0.432000
0.008043,0.472000,0.440000
0.008043,0.464000,0.432000
0.008043,0.472000,0.432000
0.008043,0.464000,0.432000
0.008044,0.472000,0.432000
0.008044,0.472000,0.424000
0.008044,0.464000,0.408000
0.008044,0.464000,0.408000
0.008044,0.464000,0.416000
0.008045,0.464000,0.416000
0.008045,0.456000,0.416000
0.008045,0.456000,0.408000
0.008045,0.456000,0.400000
0.008045,0.448000,0.392000
0.008046,0.448000,0.400000
0.008046,0.440000,0.408000
0.008046,0.448000,0.392000
0.008046,0.456000,0.392000
0.008046,0.432000,0.392000
0.008047,0.432000,0.384000
0.008047,0.424000,0.384000
0.008047,0.432000,0.376000
0.008047,0.432000,0.384000
0.008047,0.424000,0.376000
0.008048,0.424000,0.376000
0.008048,0.416000,0.368000
0.008048,0.416000,0.360000
0.008048,0.416000,0.360000
0.008048,0.416000,0.352000
0.008049,0.400000,0.352000
0.008049,0.408000,0.360000
0.008049,0.408000,0.360000
0.008049,0.392000,0.352000
0.008049,0.408000,0.344000
0.008050,0.400000,0.336000
0.008050,0.384000,0.336000
0.008050,0.392000,0.336000
0.008050,0.392000,0.344000
0.008050,0.384000,0.328000
0.008051,0.376000,0.320000
0.008051,0.376000,0.328000
0.008051,0.376000,0.320000
0.008051,0.368000,0.320000
0.008051,0.376000,0.320000
0.008052,0.360000,0.320000
0.008052,0.360000,0.312000
0.008052,0.368000,0.312000
0.008052,0.368000,0.304000
0.008052,0.360000,0.304000
0.008053,0.352000,0.296000
0.008053,0.352000,0.296000
0.008053,0.352000,0.288000
0.008053,0.344000,0.280000
0.008053,0.328000,0.280000
0.008054,0.336000,0.280000
0.008054,0.336000,0.272000
0.008054,0.328000,0.264000
0.008054,0.328000,0.272000
0.008054,0.328000,0.264000
0.008055,0.312000,0.264000
0.008055,0.312000,0.248000
0.008055,0.312000,0.256000
0.008055,0.304000,0.248000
0.008055,0.312000,0.256000
0.008056,0.304000,0.248000
0.008056,0.296000,0.240000
0.008056,0.288000,0.232000
0.008056,0.280000,0.224000
0.008056,0.280000,0.216000
0.008057,0.280000,0.216000
0.008057,0.288000,0.216000
0.008057,0.280000,0.216000
0.008057,0.264000,0.208000
0.008057,0.256000,0.208000
0.008058,0.272000,0.208000
0.008058,0.256000,0.184000
0.008058,0.248000,0.192000
0.008058,0.256000,0.192000
0.008058,0.256000,0.184000
0.008059,0.248000,0.176000
0.008059,0.232000,0.184000
0.008059,0.240000,0.168000
0.008059,0.232000,0.168000
0.008059,0.224000,0.160000
0.008060,0.224000,0.160000
0.008060,0.216000,0.160000
0.008060,0.216000,0.152000
0.008060,0.208000,0.152000
0.008060,0.200000,0.144000
0.008061,0.200000,0.136000
0.008061,0.200000,0.136000
0.008061,0.192000,0.128000
0.008061,0.184000,0.128000
0.008061,0.184000,0.120000
0.008062,0.168000,0.112000
0.008062,0.184000,0.104000
0.008062,0.160000,0.112000
0.008062,0.176000,0.104000
0.008062,0.168000,0.104000
0.008063,0.160000,0.096000
0.008063,0.152000,0.088000
0.008063,0.160000,0.088000
0.008063,0.144000,0.080000
0.008063,0.144000,0.080000
0.008064,0.152000,0.080000
0.008064,0.136000,0.072000
0.008064,0.128000,0.056000
0.008064,0.136000,0.056000
0.008064,0.128000,0.064000
0.008065,0.136000,0.056000
0.008065,0.112000,0.048000
0.008065,0.112000,0.048000
0.008065,0.096000,0.032000
0.008065,0.096000,0.040000
0.008066,0.096000,0.032000
0.008066,0.096000,0.032000
0.008066,0.088000,0.024000
0.008066,0.080000,0.024000
0.008066,0.080000,0.016000
0.008067,0.064000,0.008000
0.008067,0.064000,0.000000
0.008067,0.056000,0.008000
0.008067,0.056000,0.000000
0.008067,0.056000,0.000000
0.008068,0.040000,-0.016000
0.008068,0.040000,-0.016000
0.008068,0.040000,-0.024000
0.008068,0.040000,-0.024000
0.008068,0.024000,-0.032000
0.008069,0.032000,-0.032000
0.008069,0.024000,-0.032000
0.008069,0.024000,-0.048000
0.008069,0.024000,-0.040000
0.008069,0.000000,-0.048000
0.008070,0.016000,-0.056000
0.008070,0.000000,-0.048000
0.008070,-0.016000,-0.048000
0.008070,0.000000,-0.064000
0.008070,-0.008000,-0.064000
0.008071,-0.032000,-0.080000
0.008071,-0.024000,-0.088000
0.008071,-0.032000,-0.080000
0.008071,-0.040000,-0.096000
0.008071,-0.040000,-0.088000
0.008072,-0.040000,-0.104000
0.008072,-0.048000,-0.096000
0.008072,-0.040000,-0.104000
0.008072,-0.064000,-0.112000
0.008072,-0.056000,-0.128000
0.008073,-0.056000,-0.120000
0.008073,-0.064000,-0.120000
0.008073,-0.072000,-0.136000
0.008073,-0.088000,-0.120000
0.008073,-0.080000,-0.128000
0.008074,-0.080000,-0.136000
0.008074,-0.072000,-0.144000
0.008074,-0.088000,-0.144000
0.008074,-0.088000,-0.160000
0.008074,-0.096000,-0.160000
0.008075,-0.096000,-0.152000
0.008075,-0.104000,-0.152000
0.008075,-0.120000,-0.168000
0.008075,-0.120000,-0.168000
0.008075,-0.120000,-0.176000
0.008076,-0.120000,-0.176000
0.008076,-0.128000,-0.184000
0.008076,-0.136000,-0.192000
0.008076,-0.128000,-0.184000
0.008076,-0.152000,-0.192000
0.008077,-0.144000,-0.200000
0.008077,-0.160000,-0.208000
0.008077,-0.152000,-0.200000
0.008077,-0.160000,-0.208000
0.008077,-0.160000,-0.208000
0.008078,-0.168000,-0.216000
0.008078,-0.168000,-0.232000
0.008078,-0.168000,-0.224000
0.008078,-0.176000,-0.232000
0.008078,-0.184000,-0.232000
0.008079,-0.184000,-0.232000
0.008079,-0.192000,-0.240000
0.008079,-0.200000,-0.248000
0.008079,-0.200000,-0.248000
0.008079,-0.216000,-0.256000
0.008080,-0.208000,-0.248000
0.008080,-0.216000,-0.256000
0.008080,-0.208000,-0.256000
0.008080,-0.224000,-0.264000
0.008080,-0.232000,-0.272000
0.008081,-0.224000,-0.272000
0.008081,-0.232000,-0.280000
0.008081,-0.248000,-0.280000
0.008081,-0.248000,-0.280000
0.008081,-0.256000,-0.296000
0.008082,-0.248000,-0.288000
0.008082,-0.256000,-0.288000
0.008082,-0.248000,-0.296000
0.008082,-0.256000,-0.304000
0.008082,-0.264000,-0.296000
0.008083,-0.272000,-0.304000
0.008083,-0.264000,-0.312000
0.008083,-0.280000,-0.312000
0.008083,-0.280000,-0.320000
0.008083,-0.280000,-0.320000
0.008084,-0.280000,-0.320000
0.008084,-0.296000,-0.328000
0.008084,-0.288000,-0.328000
0.008084,-0.296000,-0.336000
0.008084,-0.296000,-0.328000
0.008085,-0.296000,-0.344000
0.008085,-0.304000,-0.344000
0.008085,-0.312000,-0.344000
0.008085,-0.312000,-0.352000
0.008085,-0.320000,-0.352000
0.008086,-0.328000,-0.360000
0.008086,-0.320000,-0.360000
0.008086,-0.336000,-0.368000
0.008086,-0.328000,-0.376000
0.008086,-0.336000,-0.368000
0.008087,-0.336000,-0.376000
0.008087,-0.352000,-0.368000
0.008087,-0.336000,-0.384000
0.008087,-0.352000,-0.376000
0.008087,-0.360000,-0.384000
0.008088,-0.352000,-0.384000
0.008088,-0.360000,-0.384000
0.008088,-0.360000,-0.384000
0.008088,-0.360000,-0.384000
0.008088,-0.360000,-0.392000
0.008089,-0.368000,-0.392000
0.008089,-0.384000,-0.400000
0.008089,-0.384000,-0.408000
0.008089,-0.376000,-0.408000
0.008089,-0.376000,-0.416000
0.008090,-0.376000,-0.400000
0.008090,-0.392000,-0.408000
0.008090,-0.392000,-0.424000
0.008090,-0.384000,-0.416000
0.008090,-0.400000,-0.424000
0.008091,-0.400000,-0.424000
0.008091,-0.408000,-0.416000
0.008091,-0.408000,-0.424000
0.008091,-0.408000,-0.424000
0.008091,-0.424000,-0.432000
0.008092,-0.408000,-0.432000
0.008092,-0.400000,-0.424000
0.008092,-0.416000,-0.432000
0.008092,-0.416000,-0.440000
0.008092,-0.432000,-0.448000
0.008093,-0.416000,-0.440000
0.008093,-0.424000,-0.448000
0.008093,-0.440000,-0.440000
0.008093,-0.416000,-0.448000
0.008093,-0.432000,-0.456000
0.008094,-0.424000,-0.456000
0.008094,-0.424000,-0.440000
0.008094,-0.432000,-0.456000
0.008094,-0.440000,-0.456000
0.008094,-0.432000,-0.456000
0.008095,-0.440000,-0.456000
0.008095,-0.448000,-0.456000
0.008095,-0.440000,-0.464000
0.008095,-0.440000,-0.464000
0.008095,-0.448000,-0.464000
0.008096,-0.456000,-0.464000
0.008096,-0.464000,-0.472000
0.008096,-0.456000,-0.472000
0.008096,-0.464000,-0.472000
0.008096,-0.464000,-0.472000
0.008097,-0.464000,-0.488000
0.008097,-0.472000,-0.480000
0.008097,-0.472000,-0.480000
0.008097,-0.464000,-0.472000
0.008097,-0.472000,-0.480000
0.008098,-0.464000,-0.480000
0.008098,-0.464000,-0.480000
0.008098,-0.472000,-0.480000
0.008098,-0.464000,-0.488000
0.008098,-0.480000,-0.480000
0.008099,-0.472000,-0.488000
0.008099,-0.472000,-0.488000
0.008099,-0.472000,-0.480000
0.008099,-0.488000,-0.480000
0.008099,-0.472000,-0.480000
0.008100,-0.488000,-0.488000
0.008100,-0.480000,-0.488000
0.008100,-0.488000,-0.488000
0.008100,-0.504000,-0.480000
0.008100,-0.488000,-0.480000
0.008101,-0.488000,-0.488000
0.008101,-0.488000,-0.496000
0.008101,-0.488000,-0.496000
0.008101,-0.504000,-0.496000
0.008101,-0.496000,-0.496000
0.008102,-0.504000,-0.488000
0.008102,-0.488000,-0.496000
0.008102,-0.488000,-0.488000
0.008102,-0.504000,-0.480000
0.008102,-0.504000,-0.496000
0.008103,-0.496000,-0.496000
0.008103,-0.496000,-0.488000
0.008103,-0.488000,-0.488000
0.008103,-0.496000,-0.496000
0.008103,-0.496000,-0.488000
0.008104,-0.488000,-0.496000
0.008104,-0.488000,-0.488000
0.008104,-0.488000,-0.496000
0.008104,-0.488000,-0.480000
0.008104,-0.488000,-0.488000
0.008105,-0.504000,-0.480000
0.008105,-0.496000,-0.488000
0.008105,-0.496000,-0.480000
0.008105,-0.488000,-0.480000
0.008105,-0.488000,-0.488000
0.008106,-0.496000,-0.496000
0.008106,-0.496000,-0.488000
0.008106,-0.496000,-0.480000
0.008106,-0.504000,-0.488000
0.008106,-0.496000,-0.496000
0.008107,-0.504000,-0.480000
0.008107,-0.496000,-0.480000
0.008107,-0.504000,-0.496000
0.008107,-0.496000,-0.488000
0.008107,-0.496000,-0.488000
0.008108,-0.496000,-0.480000
0.008108,-0.488000,-0.480000
0.008108,-0.504000,-0.488000
0.008108,-0.496000,-0.480000
0.008108,-0.504000,-0.472000
0.008109,-0.496000,-0.480000
0.008109,-0.496000,-0.472000
0.008109,-0.504000,-0.480000
0.008109,-0.488000,-0.480000
0.008109,-0.488000,-0.464000
0.008110,-0.496000,-0.464000
0.008110,-0.488000,-0.472000
0.008110,-0.480000,-0.472000
0.008110,-0.504000,-0.480000
0.008110,-0.480000,-0.472000
0.008111,-0.488000,-0.464000
0.008111,-0.488000,-0.472000
0.008111,-0.496000,-0.456000
0.008111,-0.504000,-0.464000
0.008111,-0.480000,-0.456000
0.008112,-0.480000,-0.456000
0.008112,-0.488000,-0.456000
0.008112,-0.472000,-0.456000
0.008112,-0.472000,-0.456000
0.008112,-0.472000,-0.456000
0.008113,-0.480000,-0.456000
0.008113,-0.480000,-0.440000
0.008113,-0.472000,-0.440000
0.008113,-0.472000,-0.448000
0.008113,-0.464000,-0.440000
0.008114,-0.472000,-0.440000
0.008114,-0.472000,-0.440000
0.008114,-0.464000,-0.432000
0.008114,-0.456000,-0.440000
0.008114,-0.456000,-0.432000
0.008115,-0.464000,-0.424000
0.008115,-0.456000,-0.416000
0.008115,-0.456000,-0.424000
0.008115,-0.448000,-0.424000
0.008115,-0.448000,-0.416000
0.008116,-0.464000,-0.424000
0.008116,-0.440000,-0.408000
0.008116,-0.448000,-0.408000
0.008116,-0.440000,-0.408000
0.008116,-0.432000,-0.408000
0.008117,-0.440000,-0.408000
0.008117,-0.448000,-0.400000
0.008117,-0.432000,-0.408000
0.008117,-0.424000,-0.408000
0.008117,-0.424000,-0.392000
0.008118,-0.416000,-0.392000
0.008118,-0.416000,-0.392000
0.008118,-0.424000,-0.384000
0.008118,-0.416000,-0.376000
0.008118,-0.408000,-0.392000
0.008119,-0.408000,-0.376000
0.008119,-0.424000,-0.376000
0.008119,-0.416000,-0.368000
0.008119,-0.408000,-0.360000
0.008119,-0.408000,-0.368000
0.008120,-0.400000,-0.368000
0.008120,-0.400000,-0.360000
0.008120,-0.400000,-0.360000
0.008120,-0.392000,-0.360000
0.008120,-0.392000,-0.352000
0.008121,-0.392000,-0.360000
0.008121,-0.400000,-0.344000
0.008121,-0.400000,-0.344000
0.008121,-0.384000,-0.344000
0.008121,-0.384000,-0.336000
0.008122,-0.376000,-0.336000
0.008122,-0.368000,-0.336000
0.008122,-0.376000,-0.328000
0.008122,-0.384000,-0.320000
0.008122,-0.368000,-0.320000
0.008123,-0.368000,-0.312000
0.008123,-0.352000,-0.320000
0.008123,-0.352000,-0.312000
0.008123,-0.352000,-0.312000
0.008123,-0.344000,-0.304000
0.008124,-0.344000,-0.304000
0.008124,-0.344000,-0.296000
0.008124,-0.328000,-0.296000
0.008124,-0.336000,-0.296000
0.008124,-0.336000,-0.280000
0.008125,-0.336000,-0.280000
0.008125,-0.320000,-0.280000
0.008125,-0.320000,-0.272000
0.008125,-0.312000,-0.280000
0.008125,-0.304000,-0.272000
0.008126,-0.312000,-0.264000
0.008126,-0.312000,-0.264000
0.008126,-0.304000,-0.256000
0.008126,-0.296000,-0.248000
0.008126,-0.304000,-0.256000
0.008127,-0.288000,-0.248000
0.008127,-0.288000,-0.248000
0.008127,-0.296000,-0.240000
0.008127,-0.288000,-0.232000
0.008127,-0.288000,-0.224000
0.008128,-0.272000,-0.232000
0.008128,-0.288000,-0.240000
0.008128,-0.272000,-0.216000
0.008128,-0.264000,-0.208000
0.008128,-0.272000,-0.216000
0.008129,-0.256000,-0.208000
0.008129,-0.264000,-0.208000
0.008129,-0.248000,-0.200000
0.008129,-0.232000,-0.192000
0.008129,-0.248000,-0.192000
0.008130,-0.232000,-0.192000
0.008130,-0.232000,-0.192000
0.008130,-0.240000,-0.184000
0.008130,-0.224000,-0.176000
0.008130,-0.240000,-0.184000
0.008131,-0.216000,-0.176000
0.008131,-0.224000,-0.168000
0.008131,-0.224000,-0.160000
0.008131,-0.208000,-0.160000
0.008131,-0.192000,-0.152000
0.008132,-0.208000,-0.160000
0.008132,-0.192000,-0.152000
0.008132,-0.192000,-0.144000
0.008132,-0.184000,-0.144000
0.008132,-0.184000,-0.128000
0.008133,-0.192000,-0.120000
0.008133,-0.176000,-0.120000
0.008133,-0.168000,-0.120000
0.008133,-0.168000,-0.120000
0.008133,-0.168000,-0.112000
0.008134,-0.160000,-0.112000
0.008134,-0.152000,-0.104000
0.008134,-0.152000,-0.104000
0.008134,-0.144000,-0.096000
0.008134,-0.144000,-0.088000
0.008135,-0.144000,-0.088000
0.008135,-0.136000,-0.080000
0.008135,-0.128000,-0.080000
0.008135,-0.128000,-0.072000
0.008135,-0.128000,-0.072000
0.008136,-0.128000,-0.064000
0.008136,-0.120000,-0.072000
0.008136,-0.104000,-0.064000
0.008136,-0.096000,-0.056000
0.008136,-0.096000,-0.056000
0.008137,-0.096000,-0.048000
0.008137,-0.088000,-0.048000
0.008137,-0.080000,-0.048000
0.008137,-0.080000,-0.032000
0.008137,-0.072000,-0.032000
0.008138,-0.072000,-0.016000
0.008138,-0.064000,-0.016000
0.008138,-0.056000,-0.016000
0.008138,-0.048000,-0.008000
0.008138,-0.056000,0.000000
0.008139,-0.040000,0.000000
0.008139,-0.048000,0.000000
0.008139,-0.040000,0.000000
0.008139,-0.032000,0.016000
0.008139,-0.016000,0.008000
0.008140,-0.032000,0.024000
0.008140,-0.024000,0.024000
0.008140,-0.024000,0.032000
0.008140,-0.016000,0.032000
0.008140,-0.016000,0.032000
0.008141,-0.008000,0.040000
0.008141,-0.016000,0.040000
0.008141,0.000000,0.048000
0.008141,0.008000,0.056000
0.008141,0.016000,0.056000
0.008142,0.024000,0.064000
0.008142,0.024000,0.072000
0.008142,0.016000,0.072000
0.008142,0.040000,0.072000
0.008142,0.032000,0.080000
0.008143,0.032000,0.080000
0.008143,0.056000,0.080000
0.008143,0.048000,0.096000
0.008143,0.048000,0.104000
0.008143,0.064000,0.096000
0.008144,0.064000,0.112000
0.008144,0.072000,0.112000
0.008144,0.072000,0.120000
0.008144,0.080000,0.120000
0.008144,0.080000,0.128000
0.008145,0.088000,0.120000
0.008145,0.088000,0.128000
0.008145,0.104000,0.136000
0.008145,0.112000,0.136000
0.008145,0.096000,0.136000
0.008146,0.104000,0.144000
0.008146,0.104000,0.144000
0.008146,0.120000,0.160000
0.008146,0.112000,0.152000
0.008146,0.128000,0.160000
0.008147,0.120000,0.168000
0.008147,0.128000,0.168000
0.008147,0.136000,0.176000
0.008147,0.152000,0.184000
0.008147,0.160000,0.184000
0.008148,0.144000,0.184000
0.008148,0.168000,0.192000
0.008148,0.168000,0.200000
0.008148,0.160000,0.200000
0.008148,0.168000,0.208000
0.008149,0.168000,0.200000
0.008149,0.176000,0.208000
0.008149,0.184000,0.216000
0.008149,0.184000,0.216000
0.008149,0.192000,0.216000
0.008150,0.184000,0.232000
0.008150,0.192000,0.224000
0.008150,0.208000,0.224000
0.008150,0.192000,0.232000
0.008150,0.216000,0.248000
0.008151,0.200000,0.248000
0.008151,0.208000,0.256000
0.008151,0.216000,0.256000
0.008151,0.224000,0.256000
0.008151,0.216000,0.264000
0.008152,0.232000,0.264000
0.008152,0.240000,0.272000
0.008152,0.248000,0.280000
0.008152,0.240000,0.280000
0.008152,0.240000,0.272000
0.008153,0.264000,0.280000
0.008153,0.256000,0.280000
0.008153,0.272000,0.296000
0.008153,0.264000,0.288000
0.008153,0.272000,0.296000
0.008154,0.272000,0.312000
0.008154,0.280000,0.304000
0.008154,0.280000,0.312000
0.008154,0.288000,0.312000
0.008154,0.280000,0.312000
0.008155,0.288000,0.320000
0.008155,0.296000,0.320000
0.008155,0.304000,0.328000
0.008155,0.296000,0.328000
0.008155,0.296000,0.328000
0.008156,0.312000,0.336000
0.008156,0.312000,0.336000
0.008156,0.328000,0.344000
0.008156,0.328000,0.344000
0.008156,0.320000,0.336000
0.008157,0.336000,0.344000
0.008157,0.336000,0.352000
0.008157,0.336000,0.352000
0.008157,0.344000,0.360000
0.008157,0.336000,0.360000
0.008158,0.352000,0.376000
0.008158,0.352000,0.368000
0.008158,0.352000,0.368000
0.008158,0.352000,0.376000
0.008158,0.360000,0.376000
0.008159,0.360000,0.392000
0.008159,0.360000,0.384000
0.008159,0.368000,0.384000
0.008159,0.376000,0.384000
0.008159,0.368000,0.392000
0.008160,0.368000,0.400000
0.008160,0.384000,0.392000
0.008160,0.400000,0.392000
0.008160,0.384000,0.400000
0.008160,0.384000,0.400000
0.008161,0.384000,0.408000
0.008161,0.392000,0.400000
0.008161,0.384000,0.408000
0.008161,0.400000,0.408000
0.008161,0.400000,0.416000
0.008162,0.408000,0.424000
0.008162,0.400000,0.424000
0.008162,0.408000,0.424000
0.008162,0.408000,0.416000
0.008162,0.408000,0.424000
0.008163,0.424000,0.424000
0.008163,0.416000,0.432000
0.008163,0.416000,0.432000
0.008163,0.424000,0.424000
0.008163,0.432000,0.440000
0.008164,0.432000,0.448000
0.008164,0.432000,0.432000
0.008164,0.440000,0.440000
0.008164,0.432000,0.448000
0.008164,0.432000,0.448000
0.008165,0.456000,0.456000
0.008165,0.456000,0.448000
0.008165,0.448000,0.456000
0.008165,0.448000,0.456000
0.008165,0.448000,0.448000
0.008166,0.440000,0.456000
0.008166,0.464000,0.456000
0.008166,0.456000,0.456000
0.008166,0.456000,0.456000
0.008166,0.464000,0.464000
0.008167,0.464000,0.464000
0.008167,0.456000,0.464000
0.008167,0.464000,0.472000
0.008167,0.472000,0.464000
0.008167,0.464000,0.472000
0.008168,0.472000,0.480000
0.008168,0.480000,0.472000
0.008168,0.480000,0.480000
0.008168,0.472000,0.480000
0.008168,0.472000,0.480000
0.008169,0.480000,0.480000
0.008169,0.472000,0.472000
0.008169,0.480000,0.496000
0.008169,0.480000,0.480000
0.008169,0.488000,0.480000
0.008170,0.488000,0.480000
0.008170,0.496000,0.480000
0.008170,0.488000,0.480000
0.008170,0.496000,0.488000
0.008170,0.488000,0.488000
0.008171,0.480000,0.496000
0.008171,0.488000,0.488000
0.008171,0.512000,0.488000
0.008171,0.504000,0.488000
0.008171,0.512000,0.488000
0.008172,0.496000,0.496000
0.008172,0.504000,0.488000
0.008172,0.512000,0.480000
0.008172,0.488000,0.488000
0.008172,0.504000,0.496000
0.008173,0.504000,0.488000
0.008173,0.504000,0.488000
0.008173,0.504000,0.496000
0.008173,0.504000,0.488000
0.008173,0.504000,0.496000
0.008174,0.512000,0.480000
0.008174,0.512000,0.496000
0.008174,0.504000,0.488000
0.008174,0.512000,0.496000
0.008174,0.512000,0.488000
0.008175,0.512000,0.480000
0.008175,0.512000,0.504000
0.008175,0.504000,0.488000
0.008175,0.504000,0.496000
0.008175,0.504000,0.496000
0.008176,0.520000,0.488000
0.008176,0.520000,0.496000
0.008176,0.512000,0.496000
0.008176,0.512000,0.488000
0.008176,0.528000,0.488000
0.008177,0.520000,0.488000
0.008177,0.520000,0.488000
0.008177,0.512000,0.488000
0.008177,0.520000,0.488000
0.008177,0.520000,0.480000
0.008178,0.512000,0.488000
0.008178,0.512000,0.480000
0.008178,0.520000,0.496000
0.008178,0.512000,0.480000
0.008178,0.512000,0.496000
0.008179,0.512000,0.488000
0.008179,0.512000,0.480000
0.008179,0.512000,0.488000
0.008179,0.504000,0.480000
0.008179,0.496000,0.480000
0.008180,0.504000,0.480000
0.008180,0.520000,0.480000
0.008180,0.504000,0.480000
0.008180,0.512000,0.480000
0.008180,0.496000,0.472000
0.008181,0.512000,0.472000
0.008181,0.504000,0.480000
0.008181,0.504000,0.472000
0.008181,0.504000,0.472000
0.008181,0.496000,0.472000
0.008182,0.496000,0.472000
0.008182,0.496000,0.472000
0.008182,0.488000,0.472000
0.008182,0.496000,0.472000
0.008182,0.496000,0.464000
0.008183,0.496000,0.448000
0.008183,0.496000,0.456000
0.008183,0.504000,0.456000
0.008183,0.504000,0.456000
0.008183,0.504000,0.456000
0.008184,0.496000,0.448000
0.008184,0.496000,0.456000
0.008184,0.480000,0.448000
0.008184,0.488000,0.448000
0.008184,0.488000,0.448000
0.008185,0.488000,0.448000
0.008185,0.488000,0.440000
0.008185,0.472000,0.440000
0.008185,0.480000,0.432000
0.008185,0.464000,0.424000
0.008186,0.472000,0.424000
0.008186,0.472000,0.424000
0.008186,0.480000,0.432000
0.008186,0.472000,0.432000
0.008186,0.464000,0.424000
0.008187,0.464000,0.424000
0.008187,0.456000,0.424000
0.008187,0.464000,0.416000
0.008187,0.456000,0.416000
0.008187,0.456000,0.424000
0.008188,0.464000,0.416000
0.008188,0.456000,0.408000
0.008188,0.456000,0.400000
0.008188,0.440000,0.400000
0.008188,0.448000,0.400000
0.008189,0.448000,0.400000
0.008189,0.448000,0.400000
0.008189,0.448000,0.392000
0.008189,0.440000,0.392000
0.008189,0.432000,0.392000
0.008190,0.440000,0.384000
0.008190,0.424000,0.376000
0.008190,0.424000,0.384000
0.008190,0.424000,0.384000
0.008190,0.424000,0.376000
0.008191,0.424000,0.376000
0.008191,0.432000,0.376000
0.008191,0.408000,0.368000
0.008191,0.424000,0.360000
0.008191,0.408000,0.368000
0.008192,0.416000,0.352000
0.008192,0.408000,0.352000
0.008192,0.400000,0.360000
0.008192,0.400000,0.352000
0.008192,0.408000,0.344000
0.008193,0.400000,0.344000
0.008193,0.392000,0.336000
0.008193,0.392000,0.336000
0.008193,0.376000,0.336000
0.008193,0.384000,0.336000
0.008194,0.384000,0.336000
0.008194,0.368000,0.320000
0.008194,0.368000,0.328000
0.008194,0.376000,0.312000
0.008194,0.368000,0.320000
0.008195,0.368000,0.312000
0.008195,0.352000,0.312000
0.008195,0.352000,0.296000
0.008195,0.344000,0.296000
0.008195,0.352000,0.296000
0.008196,0.360000,0.288000
0.008196,0.344000,0.296000
0.008196,0.344000,0.288000
0.008196,0.352000,0.288000
0.008196,0.336000,0.280000
0.008197,0.328000,0.272000
0.008197,0.328000,0.264000
0.008197,0.328000,0.272000
0.008197,0.320000,0.264000
0.008197,0.328000,0.256000
0.008198,0.320000,0.248000
0.008198,0.312000,0.264000
0.008198,0.320000,0.256000
0.008198,0.312000,0.248000
0.008198,0.312000,0.248000
0.008199,0.296000,0.240000
0.008199,0.296000,0.232000
0.008199,0.288000,0.224000
0.008199,0.288000,0.224000
0.008199,0.280000,0.224000
0.008200,0.296000,0.208000
0.008200,0.272000,0.208000
0.008200,0.272000,0.216000
0.008200,0.264000,0.200000
0.008200,0.264000,0.200000
0.008201,0.256000,0.192000
0.008201,0.264000,0.184000
0.008201,0.256000,0.184000
0.008201,0.256000,0.192000
0.008201,0.240000,0.184000
0.008202,0.240000,0.176000
0.008202,0.240000,0.168000
0.008202,0.240000,0.176000
0.008202,0.232000,0.168000
0.008202,0.232000,0.168000
0.008203,0.232000,0.152000
0.008203,0.216000,0.144000
0.008203,0.208000,0.152000
0.008203,0.216000,0.144000
0.008203,0.208000,0.144000
0.008204,0.208000,0.136000
0.008204,0.208000,0.136000
0.008204,0.192000,0.128000
0.008204,0.192000,0.128000
0.008204,0.184000,0.120000
0.008205,0.192000,0.112000
0.008205,0.168000,0.112000
0.008205,0.168000,0.112000
0.008205,0.160000,0.096000
0.008205,0.160000,0.096000
0.008206,0.160000,0.096000
0.008206,0.160000,0.088000
0.008206,0.152000,0.080000
0.008206,0.144000,0.072000
0.008206,0.128000,0.080000
0.008207,0.136000,0.072000
0.008207,0.136000,0.064000
0.008207,0.120000,0.056000
0.008207,0.128000,0.056000
0.008207,0.120000,0.048000
0.008208,0.112000,0.048000
0.008208,0.120000,0.048000
0.008208,0.104000,0.040000
0.008208,0.104000,0.032000
0.008208,0.096000,0.040000
0.008209,0.080000,0.040000
0.008209,0.088000,0.024000
0.008209,0.088000,0.016000
0.008209,0.072000,0.016000
0.008209,0.088000,0.016000
0.008210,0.064000,0.008000
0.008210,0.064000,0.008000
0.008210,0.048000,0.000000
0.008210,0.056000,-0.008000
0.008210,0.056000,0.000000
0.008211,0.048000,-0.008000
0.008211,0.040000,-0.016000
0.008211,0.048000,-0.024000
0.008211,0.040000,-0.024000
0.008211,0.032000,-0.024000
0.008212,0.032000,-0.032000
0.008212,0.008000,-0.040000
0.008212,0.024000,-0.048000
0.008212,0.016000,-0.048000
0.008212,0.016000,-0.048000
0.008213,0.000000,-0.064000
0.008213,0.000000,-0.064000
0.008213,-0.016000,-0.064000
0.008213,0.000000,-0.064000
0.008213,-0.016000,-0.072000
0.008214,-0.016000,-0.080000
0.008214,-0.016000,-0.080000
0.008214,-0.024000,-0.088000
0.008214,-0.032000,-0.088000
0.008214,-0.032000,-0.088000
0.008215,-0.048000,-0.104000
0.008215,-0.048000,-0.104000
0.008215,-0.056000,-0.104000
0.008215,-0.048000,-0.112000
0.008215,-0.064000,-0.120000
0.008216,-0.064000,-0.120000
0.008216,-0.072000,-0.128000
0.008216,-0.064000,-0.136000
0.008216,-0.080000,-0.136000
0.008216,-0.088000,-0.128000
0.008217,-0.080000,-0.136000
0.008217,-0.088000,-0.152000
0.008217,-0.096000,-0.144000
0.008217,-0.104000,-0.160000
0.008217,-0.104000,-0.152000
0.008218,-0.104000,-0.168000
0.008218,-0.120000,-0.168000
0.008218,-0.128000,-0.168000
0.008218,-0.128000,-0.160000
0.008218,-0.136000,-0.176000
0.008219,-0.128000,-0.192000
0.008219,-0.128000,-0.184000
0.008219,-0.144000,-0.192000
0.008219,-0.152000,-0.192000
0.008219,-0.136000,-0.200000
0.008220,-0.152000,-0.208000
0.008220,-0.160000,-0.200000
0.008220,-0.176000,-0.216000
0.008220,-0.168000,-0.216000
0.008220,-0.168000,-0.216000
0.008221,-0.168000,-0.216000
0.008221,-0.168000,-0.232000
0.008221,-0.184000,-0.232000
0.008221,-0.192000,-0.232000
0.008221,-0.184000,-0.240000
0.008222,-0.192000,-0.232000
0.008222,-0.192000,-0.240000
0.008222,-0.200000,-0.256000
0.008222,-0.200000,-0.256000
0.008222,-0.208000,-0.248000
0.008223,-0.208000,-0.264000
0.008223,-0.216000,-0.264000
0.008223,-0.224000,-0.264000
0.008223,-0.216000,-0.264000
0.008223,-0.224000,-0.264000
0.008224,-0.232000,-0.280000
0.008224,-0.232000,-0.280000
0.008224,-0.240000,-0.280000
0.008224,-0.240000,-0.296000
0.008224,-0.240000,-0.288000
0.008225,-0.264000,-0.296000
0.008225,-0.256000,-0.296000
0.008225,-0.272000,-0.296000
0.008225,-0.264000,-0.304000
0.008225,-0.280000,-0.304000
0.008226,-0.264000,-0.312000
0.008226,-0.272000,-0.320000
0.008226,-0.288000,-0.320000
0.008226,-0.288000,-0.328000
0.008226,-0.288000,-0.320000
0.008227,-0.280000,-0.328000
0.008227,-0.304000,-0.336000
0.008227,-0.296000,-0.328000
0.008227,-0.304000,-0.336000
0.008227,-0.312000,-0.336000
0.008228,-0.304000,-0.344000
0.008228,-0.312000,-0.344000
0.008228,-0.304000,-0.352000
0.008228,-0.320000,-0.360000
0.008228,-0.320000,-0.344000
0.008229,-0.328000,-0.360000
0.008229,-0.328000,-0.360000
0.008229,-0.344000,-0.360000
0.008229,-0.336000,-0.368000
0.008229,-0.344000,-0.376000
0.008230,-0.336000,-0.376000
0.008230,-0.352000,-0.376000
0.008230,-0.352000,-0.384000
0.008230,-0.352000,-0.376000
0.008230,-0.352000,-0.376000
0.008231,-0.360000,-0.392000
0.008231,-0.360000,-0.392000
0.008231,-0.368000,-0.400000
0.008231,-0.360000,-0.400000
0.008231,-0.368000,-0.392000
0.008232,-0.376000,-0.400000
0.008232,-0.368000,-0.400000
0.008232,-0.368000,-0.408000
0.008232,-0.376000,-0.408000
0.008232,-0.376000,-0.400000
0.008233,-0.384000,-0.416000
0.008233,-0.392000,-0.408000
0.008233,-0.384000,-0.416000
0.008233,-0.392000,-0.416000
0.008233,-0.400000,-0.416000
0.008234,-0.400000,-0.432000
0.008234,-0.400000,-0.424000
0.008234,-0.408000,-0.424000
0.008234,-0.408000,-0.416000
0.008234,-0.424000,-0.432000
0.008235,-0.408000,-0.432000
0.008235,-0.416000,-0.432000
0.008235,-0.416000,-0.448000
0.008235,-0.416000,-0.440000
0.008235,-0.432000,-0.448000
0.008236,-0.416000,-0.448000
0.008236,-0.424000,-0.448000
0.008236,-0.432000,-0.448000
0.008236,-0.432000,-0.456000
0.008236,-0.424000,-0.448000
0.008237,-0.440000,-0.448000
0.008237,-0.440000,-0.456000
0.008237,-0.432000,-0.456000
0.008237,-0.440000,-0.456000
0.008237,-0.440000,-0.456000
0.008238,-0.440000,-0.464000
0.008238,-0.448000,-0.456000
0.008238,-0.448000,-0.464000
0.008238,-0.456000,-0.464000
0.008238,-0.448000,-0.464000
0.008239,-0.456000,-0.464000
0.008239,-0.464000,-0.472000
0.008239,-0.464000,-0.472000
0.008239,-0.464000,-0.472000
0.008239,-0.472000,-0.480000
0.008240,-0.472000,-0.472000
0.008240,-0.480000,-0.472000
0.008240,-0.464000,-0.488000
0.008240,-0.480000,-0.472000
0.008240,-0.472000,-0.488000
0.008241,-0.464000,-0.488000
0.008241,-0.480000,-0.480000
0.008241,-0.488000,-0.480000
0.008241,-0.472000,-0.488000
0.008241,-0.480000,-0.480000
0.008242,-0.480000,-0.480000
0.008242,-0.480000,-0.488000
0.008242,-0.480000,-0.488000
0.008242,-0.480000,-0.488000
0.008242,-0.480000,-0.488000
0.008243,-0.488000,-0.496000
0.008243,-0.480000,-0.488000
0.008243,-0.480000,-0.488000
0.008243,-0.488000,-0.480000
0.008243,-0.488000,-0.496000
0.008244,-0.488000,-0.488000
0.008244,-0.480000,-0.496000
0.008244,-0.488000,-0.488000
0.008244,-0.480000,-0.496000
0.008244,-0.496000,-0.496000
0.008245,-0.488000,-0.496000
0.008245,-0.496000,-0.496000
0.008245,-0.496000,-0.488000
0.008245,-0.496000,-0.488000
0.008245,-0.488000,-0.488000
0.008246,-0.504000,-0.488000
0.008246,-0.504000,-0.496000
0.008246,-0.504000,-0.496000
0.008246,-0.488000,-0.480000
0.008246,-0.488000,-0.488000
0.008247,-0.504000,-0.496000
0.008247,-0.504000,-0.480000
0.008247,-0.496000,-0.488000
0.008247,-0.504000,-0.488000
0.008247,-0.504000,-0.488000
0.008248,-0.504000,-0.488000
0.008248,-0.496000,-0.488000
0.008248,-0.496000,-0.488000
0.008248,-0.504000,-0.488000
0.008248,-0.488000,-0.496000
0.008249,-0.496000,-0.488000
0.008249,-0.504000,-0.496000
0.008249,-0.496000,-0.480000
0.008249,-0.512000,-0.488000
0.008249,-0.496000,-0.496000
0.008250,-0.512000,-0.480000
0.008250,-0.504000,-0.480000
