0.007750,-0.040000,-0.104000
0.007750,-0.048000,-0.104000
0.007750,-0.048000,-0.112000
0.007751,-0.048000,-0.112000
0.007751,-0.040000,-0.112000
0.007751,-0.056000,-0.128000
0.007751,-0.072000,-0.120000
0.007751,-0.056000,-0.136000
0.007752,-0.064000,-0.136000
0.007752,-0.072000,-0.136000
0.007752,-0.072000,-0.144000
0.007752,-0.080000,-0.152000
0.007752,-0.088000,-0.152000
0.007753,-0.088000,-0.152000
0.007753,-0.088000,-0.152000
0.007753,-0.096000,-0.152000
0.007753,-0.096000,-0.160000
0.007753,-0.104000,-0.160000
0.007754,-0.104000,-0.168000
0.007754,-0.112000,-0.168000
0.007754,-0.120000,-0.176000
0.007754,-0.120000,-0.184000
0.007754,-0.128000,-0.184000
0.007755,-0.120000,-0.184000
0.007755,-0.128000,-0.192000
0.007755,-0.120000,-0.192000
0.007755,-0.144000,-0.192000
0.007755,-0.128000,-0.200000
0.007756,-0.144000,-0.200000
0.007756,-0.152000,-0.200000
0.007756,-0.152000,-0.216000
0.007756,-0.144000,-0.216000
0.007756,-0.160000,-0.208000
0.007757,-0.152000,-0.216000
0.007757,-0.168000,-0.224000
0.007757,-0.160000,-0.224000
0.007757,-0.176000,-0.224000
0.007757,-0.176000,-0.224000
0.007758,-0.184000,-0.232000
0.007758,-0.176000,-0.232000
0.007758,-0.176000,-0.240000
0.007758,-0.184000,-0.232000
0.007758,-0.200000,-0.240000
0.007759,-0.200000,-0.240000
0.007759,-0.192000,-0.256000
0.007759,-0.208000,-0.256000
0.007759,-0.216000,-0.264000
0.007759,-0.224000,-0.264000
0.007760,-0.208000,-0.264000
0.007760,-0.224000,-0.272000
0.007760,-0.224000,-0.264000
0.007760,-0.216000,-0.272000
0.007760,-0.232000,-0.272000
0.007761,-0.248000,-0.280000
0.007761,-0.232000,-0.280000
0.007761,-0.240000,-0.288000
0.007761,-0.232000,-0.288000
0.007761,-0.240000,-0.288000
0.007762,-0.248000,-0.296000
0.007762,-0.256000,-0.296000
0.007762,-0.248000,-0.304000
0.007762,-0.248000,-0.304000
0.007762,-0.256000,-0.304000
0.007763,-0.256000,-0.304000
0.007763,-0.264000,-0.312000
0.007763,-0.264000,-0.320000
0.007763,-0.264000,-0.320000
0.007763,-0.280000,-0.320000
0.007764,-0.272000,-0.328000
0.007764,-0.272000,-0.336000
0.007764,-0.280000,-0.328000
0.007764,-0.288000,-0.336000
0.007764,-0.304000,-0.336000
0.007765,-0.288000,-0.344000
0.007765,-0.304000,-0.344000
0.007765,-0.296000,-0.344000
0.007765,-0.304000,-0.352000
0.007765,-0.312000,-0.344000
0.007766,-0.312000,-0.344000
0.007766,-0.320000,-0.352000
0.007766,-0.304000,-0.352000
0.007766,-0.320000,-0.352000
0.007766,-0.312000,-0.352000
0.007767,-0.320000,-0.360000
0.007767,-0.336000,-0.360000
0.007767,-0.328000,-0.368000
0.007767,-0.336000,-0.368000
0.007767,-0.336000,-0.368000
0.007768,-0.336000,-0.376000
0.007768,-0.344000,-0.376000
0.007768,-0.336000,-0.384000
0.007768,-0.344000,-0.376000
0.007768,-0.352000,-0.384000
0.007769,-0.352000,-0.392000
0.007769,-0.352000,-0.384000
0.007769,-0.352000,-0.392000
0.007769,-0.368000,-0.384000
0.007769,-0.368000,-0.400000
0.007770,-0.360000,-0.392000
0.007770,-0.368000,-0.400000
0.007770,-0.376000,-0.400000
0.007770,-0.368000,-0.408000
0.007770,-0.368000,-0.400000
0.007771,-0.376000,-0.408000
0.007771,-0.368000,-0.416000
0.007771,-0.384000,-0.408000
0.007771,-0.384000,-0.416000
0.007771,-0.384000,-0.416000
0.007772,-0.384000,-0.424000
0.007772,-0.384000,-0.424000
0.007772,-0.400000,-0.424000
0.007772,-0.400000,-0.416000
0.007772,-0.400000,-0.432000
0.007773,-0.392000,-0.424000
0.007773,-0.408000,-0.424000
0.007773,-0.408000,-0.432000
0.007773,-0.408000,-0.424000
0.007773,-0.416000,-0.432000
0.007774,-0.408000,-0.432000
0.007774,-0.416000,-0.440000
0.007774,-0.416000,-0.432000
0.007774,-0.416000,-0.440000
0.007774,-0.424000,-0.448000
0.007775,-0.416000,-0.440000
0.007775,-0.416000,-0.448000
0.007775,-0.424000,-0.440000
0.007775,-0.416000,-0.456000
0.007775,-0.424000,-0.448000
0.007776,-0.424000,-0.448000
0.007776,-0.424000,-0.448000
0.007776,-0.432000,-0.456000
0.007776,-0.432000,-0.456000
0.007776,-0.432000,-0.456000
0.007777,-0.432000,-0.448000
0.007777,-0.432000,-0.456000
0.007777,-0.432000,-0.464000
0.007777,-0.448000,-0.456000
0.007777,-0.440000,-0.464000
0.007778,-0.456000,-0.456000
0.007778,-0.448000,-0.464000
0.007778,-0.456000,-0.472000
0.007778,-0.456000,-0.472000
0.007778,-0.456000,-0.464000
0.007779,-0.456000,-0.480000
0.007779,-0.456000,-0.472000
0.007779,-0.464000,-0.472000
0.007779,-0.464000,-0.480000
0.007779,-0.456000,-0.472000
0.007780,-0.480000,-0.472000
0.007780,-0.464000,-0.464000
0.007780,-0.456000,-0.472000
0.007780,-0.464000,-0.464000
0.007780,-0.472000,-0.480000
0.007781,-0.464000,-0.472000
0.007781,-0.472000,-0.472000
0.007781,-0.472000,-0.472000
0.007781,-0.472000,-0.480000
0.007781,-0.472000,-0.480000
0.007782,-0.472000,-0.480000
0.007782,-0.472000,-0.488000
0.007782,-0.472000,-0.472000
0.007782,-0.472000,-0.472000
0.007782,-0.464000,-0.472000
0.007783,-0.472000,-0.480000
0.007783,-0.480000,-0.488000
0.007783,-0.480000,-0.472000
0.007783,-0.472000,-0.480000
0.007783,-0.480000,-0.480000
0.007784,-0.472000,-0.488000
0.007784,-0.496000,-0.480000
0.007784,-0.480000,-0.480000
0.007784,-0.488000,-0.488000
0.007784,-0.480000,-0.480000
0.007785,-0.504000,-0.480000
0.007785,-0.480000,-0.488000
0.007785,-0.496000,-0.480000
0.007785,-0.488000,-0.488000
0.007785,-0.496000,-0.488000
0.007786,-0.488000,-0.480000
0.007786,-0.480000,-0.496000
0.007786,-0.496000,-0.488000
0.007786,-0.480000,-0.480000
0.007786,-0.496000,-0.480000
0.007787,-0.504000,-0.488000
0.007787,-0.496000,-0.488000
0.007787,-0.504000,-0.488000
0.007787,-0.488000,-0.488000
0.007787,-0.488000,-0.480000
0.007788,-0.504000,-0.488000
0.007788,-0.488000,-0.488000
0.007788,-0.496000,-0.488000
0.007788,-0.504000,-0.496000
0.007788,-0.496000,-0.496000
0.007789,-0.504000,-0.488000
0.007789,-0.496000,-0.488000
0.007789,-0.504000,-0.480000
0.007789,-0.504000,-0.488000
0.007789,-0.488000,-0.480000
0.007790,-0.488000,-0.472000
0.007790,-0.496000,-0.480000
0.007790,-0.488000,-0.488000
0.007790,-0.504000,-0.488000
0.007790,-0.488000,-0.480000
0.007791,-0.496000,-0.472000
0.007791,-0.496000,-0.480000
0.007791,-0.488000,-0.480000
0.007791,-0.488000,-0.480000
0.007791,-0.496000,-0.472000
0.007792,-0.496000,-0.472000
0.007792,-0.488000,-0.480000
0.007792,-0.496000,-0.472000
0.007792,-0.488000,-0.480000
0.007792,-0.488000,-0.464000
0.007793,-0.480000,-0.472000
0.007793,-0.488000,-0.464000
0.007793,-0.488000,-0.472000
0.007793,-0.488000,-0.472000
0.007793,-0.488000,-0.464000
0.007794,-0.496000,-0.472000
0.007794,-0.488000,-0.472000
0.007794,-0.488000,-0.464000
0.007794,-0.496000,-0.464000
0.007794,-0.480000,-0.472000
0.007795,-0.488000,-0.456000
0.007795,-0.488000,-0.464000
0.007795,-0.488000,-0.464000
0.007795,-0.488000,-0.456000
0.007795,-0.488000,-0.456000
0.007796,-0.480000,-0.456000
0.007796,-0.472000,-0.464000
0.007796,-0.480000,-0.456000
0.007796,-0.472000,-0.448000
0.007796,-0.480000,-0.448000
0.007797,-0.480000,-0.440000
0.007797,-0.480000,-0.456000
0.007797,-0.480000,-0.440000
0.007797,-0.472000,-0.448000
0.007797,-0.480000,-0.432000
0.007798,-0.464000,-0.432000
0.007798,-0.472000,-0.448000
0.007798,-0.480000,-0.432000
0.007798,-0.464000,-0.440000
0.007798,-0.464000,-0.440000
0.007799,-0.464000,-0.440000
0.007799,-0.464000,-0.432000
0.007799,-0.472000,-0.440000
0.007799,-0.456000,-0.424000
0.007799,-0.464000,-0.432000
0.007800,-0.456000,-0.424000
0.007800,-0.448000,-0.416000
0.007800,-0.464000,-0.416000
0.007800,-0.448000,-0.416000
0.007800,-0.448000,-0.416000
0.007801,-0.448000,-0.408000
0.007801,-0.440000,-0.416000
0.007801,-0.440000,-0.408000
0.007801,-0.448000,-0.408000
0.007801,-0.440000,-0.400000
0.007802,-0.448000,-0.408000
0.007802,-0.440000,-0.400000
0.007802,-0.432000,-0.408000
0.007802,-0.432000,-0.408000
0.007802,-0.440000,-0.392000
0.007803,-0.440000,-0.400000
0.007803,-0.432000,-0.392000
0.007803,-0.432000,-0.392000
0.007803,-0.424000,-0.392000
0.007803,-0.424000,-0.384000
0.007804,-0.424000,-0.384000
0.007804,-0.416000,-0.384000
0.007804,-0.432000,-0.384000
0.007804,-0.416000,-0.384000
0.007804,-0.424000,-0.376000
0.007805,-0.408000,-0.376000
0.007805,-0.424000,-0.376000
0.007805,-0.424000,-0.368000
0.007805,-0.408000,-0.360000
0.007805,-0.416000,-0.360000
0.007806,-0.408000,-0.360000
0.007806,-0.408000,-0.360000
0.007806,-0.400000,-0.352000
0.007806,-0.392000,-0.360000
0.007806,-0.400000,-0.352000
0.007807,-0.384000,-0.344000
0.007807,-0.400000,-0.344000
0.007807,-0.384000,-0.336000
0.007807,-0.376000,-0.344000
0.007807,-0.392000,-0.328000
0.007808,-0.376000,-0.344000
0.007808,-0.384000,-0.344000
0.007808,-0.376000,-0.336000
0.007808,-0.368000,-0.328000
0.007808,-0.376000,-0.312000
0.007809,-0.376000,-0.320000
0.007809,-0.368000,-0.312000
0.007809,-0.368000,-0.312000
0.007809,-0.360000,-0.312000
0.007809,-0.368000,-0.304000
0.007810,-0.360000,-0.304000
0.007810,-0.352000,-0.312000
0.007810,-0.352000,-0.304000
0.007810,-0.336000,-0.296000
0.007810,-0.352000,-0.296000
0.007811,-0.344000,-0.288000
0.007811,-0.344000,-0.288000
0.007811,-0.336000,-0.288000
0.007811,-0.336000,-0.280000
0.007811,-0.328000,-0.272000
0.007812,-0.344000,-0.288000
0.007812,-0.336000,-0.272000
0.007812,-0.320000,-0.272000
0.007812,-0.328000,-0.272000
0.007812,-0.320000,-0.264000
0.007813,-0.312000,-0.256000
0.007813,-0.304000,-0.264000
0.007813,-0.312000,-0.256000
0.007813,-0.304000,-0.256000
0.007813,-0.312000,-0.248000
0.007814,-0.312000,-0.240000
0.007814,-0.296000,-0.240000
0.007814,-0.296000,-0.248000
0.007814,-0.296000,-0.248000
0.007814,-0.288000,-0.240000
0.007815,-0.296000,-0.232000
0.007815,-0.280000,-0.232000
0.007815,-0.280000,-0.224000
0.007815,-0.272000,-0.224000
0.007815,-0.280000,-0.216000
0.007816,-0.272000,-0.208000
0.007816,-0.264000,-0.208000
0.007816,-0.264000,-0.216000
0.007816,-0.256000,-0.208000
0.007816,-0.256000,-0.200000
0.007817,-0.248000,-0.200000
0.007817,-0.256000,-0.184000
0.007817,-0.240000,-0.184000
0.007817,-0.256000,-0.192000
0.007817,-0.232000,-0.176000
0.007818,-0.240000,-0.184000
0.007818,-0.232000,-0.176000
0.007818,-0.232000,-0.176000
0.007818,-0.216000,-0.176000
0.007818,-0.232000,-0.168000
0.007819,-0.224000,-0.168000
0.007819,-0.232000,-0.160000
0.007819,-0.208000,-0.152000
0.007819,-0.224000,-0.160000
0.007819,-0.200000,-0.152000
0.007820,-0.200000,-0.152000
0.007820,-0.200000,-0.144000
0.007820,-0.200000,-0.144000
0.007820,-0.184000,-0.136000
0.007820,-0.192000,-0.136000
0.007821,-0.184000,-0.136000
0.007821,-0.184000,-0.120000
0.007821,-0.176000,-0.128000
0.007821,-0.168000,-0.120000
0.007821,-0.168000,-0.120000
0.007822,-0.160000,-0.120000
0.007822,-0.160000,-0.104000
0.007822,-0.152000,-0.112000
0.007822,-0.152000,-0.096000
0.007822,-0.152000,-0.096000
0.007823,-0.152000,-0.096000
0.007823,-0.144000,-0.096000
0.007823,-0.136000,-0.096000
0.007823,-0.136000,-0.088000
0.007823,-0.136000,-0.072000
0.007824,-0.136000,-0.080000
0.007824,-0.136000,-0.080000
0.007824,-0.120000,-0.080000
0.007824,-0.128000,-0.072000
0.007824,-0.128000,-0.064000
0.007825,-0.120000,-0.064000
0.007825,-0.104000,-0.048000
0.007825,-0.104000,-0.048000
0.007825,-0.104000,-0.040000
0.007825,-0.096000,-0.048000
0.007826,-0.096000,-0.040000
0.007826,-0.096000,-0.032000
0.007826,-0.088000,-0.032000
0.007826,-0.088000,-0.024000
0.007826,-0.088000,-0.024000
0.007827,-0.088000,-0.024000
0.007827,-0.080000,-0.016000
0.007827,-0.064000,-0.016000
0.007827,-0.064000,-0.008000
0.007827,-0.064000,0.000000
0.007828,-0.056000,-0.008000
0.007828,-0.072000,-0.008000
0.007828,-0.040000,0.000000
0.007828,-0.048000,0.000000
0.007828,-0.048000,0.016000
0.007829,-0.048000,0.016000
0.007829,-0.040000,0.016000
0.007829,-0.024000,0.024000
0.007829,-0.032000,0.024000
0.007829,-0.032000,0.032000
0.007830,-0.024000,0.032000
0.007830,-0.008000,0.040000
0.007830,-0.008000,0.032000
0.007830,-0.008000,0.040000
0.007830,-0.016000,0.048000
0.007831,0.000000,0.056000
0.007831,0.000000,0.056000
0.007831,0.008000,0.056000
0.007831,0.016000,0.056000
0.007831,0.008000,0.072000
0.007832,0.016000,0.064000
0.007832,0.024000,0.064000
0.007832,0.016000,0.080000
0.007832,0.032000,0.080000
0.007832,0.040000,0.088000
0.007833,0.040000,0.088000
0.007833,0.048000,0.088000
0.007833,0.040000,0.096000
0.007833,0.032000,0.096000
0.007833,0.040000,0.104000
0.007834,0.048000,0.104000
0.007834,0.056000,0.112000
0.007834,0.064000,0.112000
0.007834,0.064000,0.112000
0.007834,0.072000,0.112000
0.007835,0.080000,0.120000
0.007835,0.072000,0.120000
0.007835,0.088000,0.120000
0.007835,0.088000,0.136000
0.007835,0.088000,0.128000
0.007836,0.088000,0.144000
0.007836,0.104000,0.144000
0.007836,0.104000,0.144000
0.007836,0.104000,0.152000
0.007836,0.112000,0.160000
0.007837,0.104000,0.160000
0.007837,0.120000,0.160000
0.007837,0.112000,0.160000
0.007837,0.128000,0.168000
0.007837,0.120000,0.168000
0.007838,0.128000,0.176000
0.007838,0.136000,0.184000
0.007838,0.144000,0.176000
0.007838,0.144000,0.184000
0.007838,0.144000,0.192000
0.007839,0.136000,0.192000
0.007839,0.152000,0.192000
0.007839,0.144000,0.200000
0.007839,0.160000,0.208000
0.007839,0.168000,0.208000
0.007840,0.160000,0.216000
0.007840,0.176000,0.216000
0.007840,0.176000,0.224000
0.007840,0.176000,0.224000
0.007840,0.176000,0.224000
0.007841,0.192000,0.224000
0.007841,0.192000,0.232000
0.007841,0.192000,0.224000
0.007841,0.200000,0.224000
0.007841,0.200000,0.232000
0.007842,0.200000,0.240000
0.007842,0.216000,0.240000
0.007842,0.216000,0.256000
0.007842,0.216000,0.256000
0.007842,0.224000,0.256000
0.007843,0.216000,0.256000
0.007843,0.232000,0.264000
0.007843,0.232000,0.272000
0.007843,0.232000,0.272000
0.007843,0.224000,0.264000
0.007844,0.224000,0.264000
0.007844,0.240000,0.280000
0.007844,0.240000,0.280000
0.007844,0.248000,0.288000
0.007844,0.240000,0.288000
0.007845,0.248000,0.288000
0.007845,0.240000,0.288000
0.007845,0.256000,0.288000
0.007845,0.264000,0.288000
0.007845,0.256000,0.296000
0.007846,0.280000,0.304000
0.007846,0.272000,0.312000
0.007846,0.272000,0.312000
0.007846,0.288000,0.312000
0.007846,0.288000,0.320000
0.007847,0.280000,0.312000
0.007847,0.304000,0.320000
0.007847,0.288000,0.328000
0.007847,0.296000,0.320000
0.007847,0.296000,0.336000
0.007848,0.296000,0.336000
0.007848,0.304000,0.336000
0.007848,0.296000,0.336000
0.007848,0.312000,0.336000
0.007848,0.312000,0.336000
0.007849,0.312000,0.352000
0.007849,0.320000,0.352000
0.007849,0.328000,0.352000
0.007849,0.320000,0.352000
0.007849,0.336000,0.360000
0.007850,0.336000,0.360000
0.007850,0.336000,0.360000
0.007850,0.352000,0.360000
0.007850,0.336000,0.360000
0.007850,0.336000,0.368000
0.007851,0.344000,0.368000
0.007851,0.352000,0.368000
0.007851,0.352000,0.376000
0.007851,0.360000,0.376000
0.007851,0.352000,0.384000
0.007852,0.368000,0.384000
0.007852,0.360000,0.376000
0.007852,0.352000,0.384000
0.007852,0.368000,0.392000
0.007852,0.376000,0.384000
0.007853,0.368000,0.384000
0.007853,0.368000,0.400000
0.007853,0.368000,0.392000
0.007853,0.360000,0.392000
0.007853,0.368000,0.400000
0.007854,0.384000,0.400000
0.007854,0.392000,0.408000
0.007854,0.392000,0.408000
0.007854,0.384000,0.408000
0.007854,0.408000,0.408000
0.007855,0.392000,0.408000
0.007855,0.400000,0.416000
0.007855,0.400000,0.416000
0.007855,0.400000,0.416000
0.007855,0.408000,0.416000
0.007856,0.424000,0.424000
0.007856,0.416000,0.432000
0.007856,0.416000,0.440000
0.007856,0.416000,0.432000
0.007856,0.416000,0.432000
0.007857,0.424000,0.432000
0.007857,0.416000,0.432000
0.007857,0.432000,0.440000
0.007857,0.424000,0.432000
0.007857,0.424000,0.440000
0.007858,0.432000,0.448000
0.007858,0.440000,0.440000
0.007858,0.424000,0.440000
0.007858,0.424000,0.440000
0.007858,0.424000,0.440000
0.007859,0.440000,0.440000
0.007859,0.440000,0.456000
0.007859,0.440000,0.448000
0.007859,0.448000,0.448000
0.007859,0.440000,0.448000
0.007860,0.448000,0.456000
0.007860,0.448000,0.448000
0.007860,0.448000,0.464000
0.007860,0.456000,0.464000
0.007860,0.456000,0.464000
0.007861,0.456000,0.456000
0.007861,0.456000,0.456000
0.007861,0.472000,0.456000
0.007861,0.464000,0.456000
0.007861,0.464000,0.472000
0.007862,0.464000,0.464000
0.007862,0.472000,0.472000
0.007862,0.464000,0.472000
0.007862,0.472000,0.472000
0.007862,0.472000,0.472000
0.007863,0.480000,0.472000
0.007863,0.472000,0.480000
0.007863,0.472000,0.480000
0.007863,0.480000,0.472000
0.007863,0.472000,0.472000
0.007864,0.480000,0.480000
0.007864,0.472000,0.472000
0.007864,0.480000,0.480000
0.007864,0.480000,0.472000
0.007864,0.480000,0.480000
0.007865,0.488000,0.480000
0.007865,0.488000,0.488000
0.007865,0.488000,0.472000
0.007865,0.488000,0.480000
0.007865,0.496000,0.488000
0.007866,0.488000,0.488000
0.007866,0.480000,0.480000
0.007866,0.496000,0.488000
0.007866,0.496000,0.472000
0.007866,0.488000,0.480000
0.007867,0.496000,0.480000
0.007867,0.496000,0.496000
0.007867,0.496000,0.472000
0.007867,0.496000,0.480000
0.007867,0.488000,0.480000
0.007868,0.496000,0.488000
0.007868,0.488000,0.488000
0.007868,0.496000,0.488000
0.007868,0.496000,0.488000
0.007868,0.496000,0.488000
0.007869,0.512000,0.488000
0.007869,0.512000,0.480000
0.007869,0.504000,0.480000
0.007869,0.520000,0.480000
0.007869,0.504000,0.480000
0.007870,0.504000,0.488000
0.007870,0.504000,0.488000
0.007870,0.488000,0.488000
0.007870,0.512000,0.488000
0.007870,0.504000,0.480000
0.007871,0.512000,0.488000
0.007871,0.504000,0.496000
0.007871,0.504000,0.488000
0.007871,0.504000,0.488000
0.007871,0.520000,0.472000
0.007872,0.512000,0.488000
0.007872,0.512000,0.488000
0.007872,0.512000,0.480000
0.007872,0.504000,0.480000
0.007872,0.504000,0.480000
0.007873,0.512000,0.488000
0.007873,0.504000,0.480000
0.007873,0.504000,0.488000
0.007873,0.496000,0.488000
0.007873,0.512000,0.480000
0.007874,0.504000,0.480000
0.007874,0.512000,0.480000
0.007874,0.504000,0.480000
0.007874,0.520000,0.480000
0.007874,0.504000,0.480000
0.007875,0.504000,0.480000
0.007875,0.504000,0.464000
0.007875,0.512000,0.472000
0.007875,0.504000,0.480000
0.007875,0.504000,0.472000
0.007876,0.512000,0.472000
0.007876,0.512000,0.472000
0.007876,0.504000,0.472000
0.007876,0.504000,0.472000
0.007876,0.504000,0.464000
0.007877,0.496000,0.464000
0.007877,0.504000,0.472000
0.007877,0.496000,0.464000
0.007877,0.496000,0.472000
0.007877,0.496000,0.472000
0.007878,0.504000,0.472000
0.007878,0.504000,0.464000
0.007878,0.488000,0.456000
0.007878,0.488000,0.464000
0.007878,0.496000,0.464000
0.007879,0.488000,0.456000
0.007879,0.504000,0.448000
0.007879,0.512000,0.464000
0.007879,0.488000,0.456000
0.007879,0.488000,0.456000
0.007880,0.496000,0.448000
0.007880,0.488000,0.456000
0.007880,0.496000,0.448000
0.007880,0.504000,0.448000
0.007880,0.488000,0.440000
0.007881,0.488000,0.440000
0.007881,0.488000,0.440000
0.007881,0.488000,0.440000
0.007881,0.488000,0.440000
0.007881,0.488000,0.448000
0.007882,0.488000,0.432000
0.007882,0.472000,0.432000
0.007882,0.480000,0.440000
0.007882,0.480000,0.440000
0.007882,0.480000,0.432000
0.007883,0.472000,0.432000
0.007883,0.472000,0.432000
0.007883,0.464000,0.416000
0.007883,0.464000,0.416000
0.007883,0.464000,0.416000
0.007884,0.464000,0.416000
0.007884,0.472000,0.424000
0.007884,0.448000,0.416000
0.007884,0.456000,0.416000
0.007884,0.456000,0.408000
0.007885,0.456000,0.408000
0.007885,0.456000,0.408000
0.007885,0.440000,0.400000
0.007885,0.448000,0.408000
0.007885,0.456000,0.400000
0.007886,0.440000,0.400000
0.007886,0.448000,0.408000
0.007886,0.440000,0.392000
0.007886,0.440000,0.392000
0.007886,0.440000,0.392000
0.007887,0.440000,0.392000
0.007887,0.448000,0.376000
0.007887,0.448000,0.384000
0.007887,0.424000,0.384000
0.007887,0.440000,0.376000
0.007888,0.424000,0.376000
0.007888,0.432000,0.384000
0.007888,0.416000,0.376000
0.007888,0.432000,0.376000
0.007888,0.424000,0.376000
0.007889,0.432000,0.368000
0.007889,0.408000,0.360000
0.007889,0.432000,0.360000
0.007889,0.416000,0.352000
0.007889,0.416000,0.352000
0.007890,0.408000,0.352000
0.007890,0.400000,0.344000
0.007890,0.416000,0.352000
0.007890,0.408000,0.344000
0.007890,0.408000,0.336000
0.007891,0.400000,0.336000
0.007891,0.400000,0.336000
0.007891,0.392000,0.328000
0.007891,0.400000,0.336000
0.007891,0.392000,0.336000
0.007892,0.376000,0.328000
0.007892,0.384000,0.328000
0.007892,0.384000,0.312000
0.007892,0.384000,0.328000
0.007892,0.376000,0.312000
0.007893,0.368000,0.304000
0.007893,0.360000,0.304000
0.007893,0.360000,0.304000
0.007893,0.368000,0.304000
0.007893,0.368000,0.296000
0.007894,0.360000,0.304000
0.007894,0.352000,0.288000
0.007894,0.360000,0.288000
0.007894,0.352000,0.288000
0.007894,0.360000,0.280000
0.007895,0.352000,0.288000
0.007895,0.344000,0.280000
0.007895,0.344000,0.280000
0.007895,0.344000,0.280000
0.007895,0.336000,0.264000
0.007896,0.336000,0.272000
0.007896,0.336000,0.264000
0.007896,0.320000,0.264000
0.007896,0.328000,0.264000
0.007896,0.328000,0.264000
0.007897,0.320000,0.256000
0.007897,0.320000,0.248000
0.007897,0.312000,0.240000
0.007897,0.312000,0.248000
0.007897,0.312000,0.240000
0.007898,0.296000,0.232000
0.007898,0.296000,0.232000
0.007898,0.288000,0.232000
0.007898,0.288000,0.224000
0.007898,0.288000,0.224000
0.007899,0.296000,0.224000
0.007899,0.296000,0.216000
0.007899,0.280000,0.224000
0.007899,0.272000,0.208000
0.007899,0.280000,0.208000
0.007900,0.280000,0.208000
0.007900,0.272000,0.200000
0.007900,0.280000,0.192000
0.007900,0.256000,0.184000
0.007900,0.256000,0.184000
0.007901,0.264000,0.192000
0.007901,0.264000,0.184000
0.007901,0.256000,0.184000
0.007901,0.248000,0.168000
0.007901,0.248000,0.176000
0.007902,0.232000,0.168000
0.007902,0.232000,0.168000
0.007902,0.232000,0.160000
0.007902,0.232000,0.168000
0.007902,0.232000,0.152000
0.007903,0.216000,0.160000
0.007903,0.224000,0.144000
0.007903,0.216000,0.144000
0.007903,0.208000,0.136000
0.007903,0.200000,0.136000
0.007904,0.216000,0.128000
0.007904,0.200000,0.136000
0.007904,0.192000,0.128000
0.007904,0.184000,0.112000
0.007904,0.192000,0.120000
0.007905,0.192000,0.112000
0.007905,0.176000,0.104000
0.007905,0.184000,0.120000
0.007905,0.176000,0.112000
0.007905,0.176000,0.096000
0.007906,0.176000,0.096000
0.007906,0.160000,0.088000
0.007906,0.168000,0.088000
0.007906,0.168000,0.080000
0.007906,0.152000,0.080000
0.007907,0.152000,0.080000
0.007907,0.152000,0.080000
0.007907,0.136000,0.072000
0.007907,0.144000,0.064000
0.007907,0.136000,0.072000
0.007908,0.144000,0.056000
0.007908,0.128000,0.064000
0.007908,0.128000,0.048000
0.007908,0.120000,0.056000
0.007908,0.120000,0.048000
0.007909,0.104000,0.048000
0.007909,0.112000,0.040000
0.007909,0.112000,0.032000
0.007909,0.112000,0.032000
0.007909,0.096000,0.032000
0.007910,0.088000,0.024000
0.007910,0.088000,0.024000
0.007910,0.088000,0.000000
0.007910,0.088000,0.008000
0.007910,0.080000,0.016000
0.007911,0.080000,0.008000
0.007911,0.064000,0.000000
0.007911,0.064000,0.000000
0.007911,0.064000,-0.008000
0.007911,0.056000,-0.008000
0.007912,0.056000,-0.016000
0.007912,0.056000,-0.008000
0.007912,0.056000,-0.016000
0.007912,0.048000,-0.024000
0.007912,0.032000,-0.024000
0.007913,0.040000,-0.040000
0.007913,0.032000,-0.032000
0.007913,0.040000,-0.040000
0.007913,0.032000,-0.040000
0.007913,0.024000,-0.048000
0.007914,0.016000,-0.048000
0.007914,0.016000,-0.048000
0.007914,0.016000,-0.056000
0.007914,0.008000,-0.048000
0.007914,0.000000,-0.064000
0.007915,0.008000,-0.072000
0.007915,0.000000,-0.064000
0.007915,-0.008000,-0.064000
0.007915,-0.008000,-0.080000
0.007915,-0.016000,-0.072000
0.007916,-0.016000,-0.080000
0.007916,-0.024000,-0.080000
0.007916,-0.024000,-0.096000
0.007916,-0.032000,-0.096000
0.007916,-0.032000,-0.096000
0.007917,-0.040000,-0.104000
0.007917,-0.048000,-0.096000
0.007917,-0.048000,-0.112000
0.007917,-0.032000,-0.112000
0.007917,-0.056000,-0.112000
0.007918,-0.056000,-0.120000
0.007918,-0.072000,-0.128000
0.007918,-0.064000,-0.128000
0.007918,-0.072000,-0.120000
0.007918,-0.072000,-0.136000
0.007919,-0.072000,-0.144000
0.007919,-0.080000,-0.144000
0.007919,-0.088000,-0.144000
0.007919,-0.080000,-0.144000
0.007919,-0.088000,-0.160000
0.007920,-0.096000,-0.160000
0.007920,-0.104000,-0.160000
0.007920,-0.104000,-0.152000
0.007920,-0.112000,-0.168000
0.007920,-0.104000,-0.168000
0.007921,-0.104000,-0.176000
0.007921,-0.112000,-0.184000
0.007921,-0.120000,-0.176000
0.007921,-0.120000,-0.184000
0.007921,-0.120000,-0.184000
0.007922,-0.128000,-0.192000
0.007922,-0.128000,-0.192000
0.007922,-0.128000,-0.192000
0.007922,-0.136000,-0.200000
0.007922,-0.160000,-0.200000
0.007923,-0.152000,-0.208000
0.007923,-0.160000,-0.208000
0.007923,-0.160000,-0.224000
0.007923,-0.168000,-0.216000
0.007923,-0.160000,-0.216000
0.007924,-0.168000,-0.224000
0.007924,-0.168000,-0.216000
0.007924,-0.176000,-0.232000
0.007924,-0.176000,-0.232000
0.007924,-0.168000,-0.240000
0.007925,-0.184000,-0.240000
0.007925,-0.176000,-0.232000
0.007925,-0.184000,-0.240000
0.007925,-0.200000,-0.248000
0.007925,-0.192000,-0.248000
0.007926,-0.200000,-0.248000
0.007926,-0.200000,-0.256000
0.007926,-0.208000,-0.264000
0.007926,-0.216000,-0.264000
0.007926,-0.216000,-0.264000
0.007927,-0.216000,-0.264000
0.007927,-0.232000,-0.280000
0.007927,-0.216000,-0.280000
0.007927,-0.240000,-0.288000
0.007927,-0.224000,-0.288000
0.007928,-0.240000,-0.280000
0.007928,-0.240000,-0.288000
0.007928,-0.240000,-0.288000
0.007928,-0.248000,-0.296000
0.007928,-0.256000,-0.288000
0.007929,-0.248000,-0.296000
0.007929,-0.248000,-0.304000
0.007929,-0.248000,-0.296000
0.007929,-0.264000,-0.312000
0.007929,-0.264000,-0.312000
0.007930,-0.264000,-0.312000
0.007930,-0.272000,-0.320000
0.007930,-0.264000,-0.312000
0.007930,-0.264000,-0.320000
0.007930,-0.280000,-0.336000
0.007931,-0.280000,-0.328000
0.007931,-0.280000,-0.328000
0.007931,-0.288000,-0.336000
0.007931,-0.288000,-0.336000
0.007931,-0.296000,-0.336000
0.007932,-0.296000,-0.336000
0.007932,-0.296000,-0.336000
0.007932,-0.304000,-0.344000
0.007932,-0.312000,-0.344000
0.007932,-0.304000,-0.352000
0.007933,-0.320000,-0.344000
0.007933,-0.320000,-0.352000
0.007933,-0.304000,-0.360000
0.007933,-0.320000,-0.360000
0.007933,-0.328000,-0.368000
0.007934,-0.328000,-0.360000
0.007934,-0.336000,-0.368000
0.007934,-0.328000,-0.376000
0.007934,-0.336000,-0.360000
0.007934,-0.328000,-0.376000
0.007935,-0.344000,-0.376000
0.007935,-0.344000,-0.376000
0.007935,-0.344000,-0.376000
0.007935,-0.344000,-0.384000
0.007935,-0.360000,-0.384000
0.007936,-0.360000,-0.392000
0.007936,-0.352000,-0.392000
0.007936,-0.368000,-0.400000
0.007936,-0.360000,-0.400000
0.007936,-0.368000,-0.408000
0.007937,-0.376000,-0.400000
0.007937,-0.376000,-0.400000
0.007937,-0.376000,-0.408000
0.007937,-0.384000,-0.408000
0.007937,-0.384000,-0.408000
0.007938,-0.384000,-0.416000
0.007938,-0.376000,-0.416000
0.007938,-0.384000,-0.416000
0.007938,-0.376000,-0.416000
0.007938,-0.368000,-0.416000
0.007939,-0.400000,-0.416000
0.007939,-0.400000,-0.424000
0.007939,-0.392000,-0.416000
0.007939,-0.392000,-0.416000
0.007939,-0.400000,-0.424000
0.007940,-0.400000,-0.424000
0.007940,-0.400000,-0.424000
0.007940,-0.408000,-0.424000
0.007940,-0.416000,-0.440000
0.007940,-0.408000,-0.424000
0.007941,-0.408000,-0.432000
0.007941,-0.408000,-0.440000
0.007941,-0.416000,-0.432000
0.007941,-0.424000,-0.440000
0.007941,-0.416000,-0.432000
0.007942,-0.416000,-0.440000
0.007942,-0.424000,-0.440000
0.007942,-0.424000,-0.456000
0.007942,-0.432000,-0.448000
0.007942,-0.432000,-0.456000
0.007943,-0.440000,-0.448000
0.007943,-0.432000,-0.456000
0.007943,-0.440000,-0.464000
0.007943,-0.432000,-0.456000
0.007943,-0.448000,-0.456000
0.007944,-0.440000,-0.456000
0.007944,-0.456000,-0.456000
0.007944,-0.440000,-0.456000
0.007944,-0.448000,-0.464000
0.007944,-0.464000,-0.472000
0.007945,-0.448000,-0.464000
0.007945,-0.456000,-0.464000
0.007945,-0.448000,-0.464000
0.007945,-0.456000,-0.464000
0.007945,-0.464000,-0.464000
0.007946,-0.448000,-0.464000
0.007946,-0.448000,-0.472000
0.007946,-0.464000,-0.472000
0.007946,-0.464000,-0.472000
0.007946,-0.456000,-0.472000
0.007947,-0.464000,-0.472000
0.007947,-0.464000,-0.480000
0.007947,-0.472000,-0.472000
0.007947,-0.456000,-0.480000
0.007947,-0.480000,-0.480000
0.007948,-0.480000,-0.480000
0.007948,-0.472000,-0.472000
0.007948,-0.472000,-0.464000
0.007948,-0.480000,-0.472000
0.007948,-0.464000,-0.488000
0.007949,-0.472000,-0.480000
0.007949,-0.464000,-0.480000
0.007949,-0.480000,-0.480000
0.007949,-0.480000,-0.488000
0.007949,-0.472000,-0.488000
0.007950,-0.480000,-0.488000
0.007950,-0.480000,-0.488000
0.007950,-0.480000,-0.480000
0.007950,-0.480000,-0.488000
0.007950,-0.480000,-0.480000
0.007951,-0.488000,-0.480000
0.007951,-0.480000,-0.488000
0.007951,-0.480000,-0.488000
0.007951,-0.488000,-0.480000
0.007951,-0.488000,-0.488000
0.007952,-0.488000,-0.496000
0.007952,-0.488000,-0.488000
0.007952,-0.496000,-0.488000
0.007952,-0.488000,-0.488000
0.007952,-0.496000,-0.488000
0.007953,-0.480000,-0.496000
0.007953,-0.496000,-0.488000
0.007953,-0.496000,-0.480000
0.007953,-0.496000,-0.488000
0.007953,-0.488000,-0.488000
0.007954,-0.496000,-0.488000
0.007954,-0.488000,-0.488000
0.007954,-0.480000,-0.480000
0.007954,-0.480000,-0.488000
0.007954,-0.496000,-0.488000
0.007955,-0.488000,-0.488000
0.007955,-0.488000,-0.480000
0.007955,-0.504000,-0.488000
0.007955,-0.488000,-0.480000
0.007955,-0.496000,-0.480000
0.007956,-0.496000,-0.480000
0.007956,-0.496000,-0.480000
0.007956,-0.496000,-0.488000
0.007956,-0.496000,-0.480000
0.007956,-0.504000,-0.480000
0.007957,-0.504000,-0.488000
0.007957,-0.496000,-0.480000
0.007957,-0.496000,-0.488000
0.007957,-0.504000,-0.480000
0.007957,-0.512000,-0.488000
0.007958,-0.488000,-0.480000
0.007958,-0.496000,-0.472000
0.007958,-0.488000,-0.472000
0.007958,-0.488000,-0.480000
0.007958,-0.496000,-0.472000
0.007959,-0.496000,-0.480000
0.007959,-0.496000,-0.480000
0.007959,-0.488000,-0.472000
0.007959,-0.504000,-0.480000
0.007959,-0.488000,-0.480000
0.007960,-0.488000,-0.464000
0.007960,-0.488000,-0.472000
0.007960,-0.480000,-0.472000
0.007960,-0.488000,-0.472000
0.007960,-0.488000,-0.456000
0.007961,-0.480000,-0.456000
0.007961,-0.488000,-0.456000
0.007961,-0.480000,-0.456000
0.007961,-0.488000,-0.464000
0.007961,-0.488000,-0.456000
0.007962,-0.480000,-0.456000
0.007962,-0.472000,-0.456000
0.007962,-0.488000,-0.456000
0.007962,-0.472000,-0.456000
0.007962,-0.488000,-0.456000
0.007963,-0.472000,-0.448000
0.007963,-0.480000,-0.456000
0.007963,-0.472000,-0.456000
0.007963,-0.480000,-0.448000
0.007963,-0.480000,-0.448000
0.007964,-0.488000,-0.448000
0.007964,-0.464000,-0.440000
0.007964,-0.464000,-0.448000
0.007964,-0.472000,-0.456000
0.007964,-0.472000,-0.440000
0.007965,-0.472000,-0.440000
0.007965,-0.464000,-0.432000
0.007965,-0.464000,-0.432000
0.007965,-0.464000,-0.432000
0.007965,-0.456000,-0.432000
0.007966,-0.456000,-0.424000
0.007966,-0.456000,-0.416000
0.007966,-0.464000,-0.432000
0.007966,-0.448000,-0.432000
0.007966,-0.464000,-0.432000
0.007967,-0.456000,-0.416000
0.007967,-0.480000,-0.416000
0.007967,-0.448000,-0.416000
0.007967,-0.456000,-0.408000
0.007967,-0.464000,-0.408000
0.007968,-0.448000,-0.408000
0.007968,-0.432000,-0.408000
0.007968,-0.456000,-0.400000
0.007968,-0.448000,-0.408000
0.007968,-0.440000,-0.408000
0.007969,-0.440000,-0.408000
0.007969,-0.432000,-0.400000
0.007969,-0.448000,-0.400000
0.007969,-0.440000,-0.392000
0.007969,-0.432000,-0.392000
0.007970,-0.424000,-0.392000
0.007970,-0.432000,-0.376000
0.007970,-0.424000,-0.392000
0.007970,-0.440000,-0.392000
0.007970,-0.416000,-0.384000
0.007971,-0.424000,-0.376000
0.007971,-0.424000,-0.376000
0.007971,-0.416000,-0.384000
0.007971,-0.408000,-0.376000
0.007971,-0.416000,-0.368000
0.007972,-0.408000,-0.368000
0.007972,-0.424000,-0.368000
0.007972,-0.408000,-0.368000
0.007972,-0.408000,-0.360000
0.007972,-0.400000,-0.352000
0.007973,-0.400000,-0.360000
0.007973,-0.400000,-0.352000
0.007973,-0.392000,-0.360000
0.007973,-0.384000,-0.352000
0.007973,-0.392000,-0.344000
0.007974,-0.392000,-0.344000
0.007974,-0.376000,-0.344000
0.007974,-0.376000,-0.328000
0.007974,-0.384000,-0.336000
0.007974,-0.376000,-0.328000
0.007975,-0.376000,-0.336000
0.007975,-0.376000,-0.328000
0.007975,-0.376000,-0.328000
0.007975,-0.376000,-0.320000
0.007975,-0.368000,-0.320000
0.007976,-0.368000,-0.312000
0.007976,-0.360000,-0.312000
0.007976,-0.368000,-0.312000
0.007976,-0.360000,-0.296000
0.007976,-0.352000,-0.304000
0.007977,-0.352000,-0.296000
0.007977,-0.344000,-0.296000
0.007977,-0.344000,-0.288000
0.007977,-0.352000,-0.296000
0.007977,-0.344000,-0.288000
0.007978,-0.344000,-0.280000
0.007978,-0.336000,-0.280000
0.007978,-0.328000,-0.288000
0.007978,-0.336000,-0.280000
0.007978,-0.336000,-0.272000
0.007979,-0.328000,-0.272000
0.007979,-0.312000,-0.264000
0.007979,-0.320000,-0.272000
0.007979,-0.312000,-0.272000
0.007979,-0.312000,-0.264000
0.007980,-0.304000,-0.256000
0.007980,-0.304000,-0.264000
0.007980,-0.304000,-0.256000
0.007980,-0.304000,-0.256000
0.007980,-0.296000,-0.248000
0.007981,-0.288000,-0.240000
0.007981,-0.296000,-0.232000
0.007981,-0.280000,-0.232000
0.007981,-0.288000,-0.232000
0.007981,-0.280000,-0.232000
0.007982,-0.280000,-0.224000
0.007982,-0.280000,-0.224000
0.007982,-0.272000,-0.224000
0.007982,-0.280000,-0.216000
0.007982,-0.264000,-0.224000
0.007983,-0.272000,-0.216000
0.007983,-0.264000,-0.200000
0.007983,-0.256000,-0.208000
0.007983,-0.256000,-0.200000
0.007983,-0.264000,-0.200000
0.007984,-0.240000,-0.192000
0.007984,-0.240000,-0.192000
0.007984,-0.248000,-0.184000
0.007984,-0.240000,-0.184000
0.007984,-0.232000,-0.184000
0.007985,-0.232000,-0.176000
0.007985,-0.232000,-0.168000
0.007985,-0.240000,-0.168000
0.007985,-0.216000,-0.160000
0.007985,-0.216000,-0.160000
0.007986,-0.216000,-0.160000
0.007986,-0.208000,-0.160000
0.007986,-0.216000,-0.152000
0.007986,-0.216000,-0.144000
0.007986,-0.200000,-0.152000
0.007987,-0.208000,-0.144000
0.007987,-0.200000,-0.144000
0.007987,-0.192000,-0.136000
0.007987,-0.200000,-0.128000
0.007987,-0.176000,-0.128000
0.007988,-0.176000,-0.120000
0.007988,-0.192000,-0.120000
0.007988,-0.176000,-0.120000
0.007988,-0.176000,-0.112000
0.007988,-0.168000,-0.112000
0.007989,-0.168000,-0.104000
0.007989,-0.176000,-0.104000
0.007989,-0.152000,-0.104000
0.007989,-0.152000,-0.096000
0.007989,-0.160000,-0.096000
0.007990,-0.144000,-0.088000
0.007990,-0.144000,-0.088000
0.007990,-0.144000,-0.080000
0.007990,-0.136000,-0.080000
0.007990,-0.128000,-0.064000
0.007991,-0.136000,-0.064000
0.007991,-0.120000,-0.072000
0.007991,-0.120000,-0.064000
0.007991,-0.112000,-0.064000
0.007991,-0.112000,-0.048000
0.007992,-0.120000,-0.056000
0.007992,-0.112000,-0.048000
0.007992,-0.104000,-0.048000
0.007992,-0.096000,-0.040000
0.007992,-0.096000,-0.040000
0.007993,-0.104000,-0.040000
0.007993,-0.088000,-0.040000
0.007993,-0.080000,-0.024000
0.007993,-0.080000,-0.024000
0.007993,-0.072000,-0.024000
0.007994,-0.080000,-0.016000
0.007994,-0.064000,-0.016000
0.007994,-0.056000,-0.016000
0.007994,-0.056000,-0.008000
0.007994,-0.056000,0.000000
0.007995,-0.040000,0.000000
0.007995,-0.056000,0.008000
0.007995,-0.056000,0.008000
0.007995,-0.040000,0.024000
0.007995,-0.032000,0.016000
0.007996,-0.024000,0.024000
0.007996,-0.040000,0.024000
0.007996,-0.032000,0.024000
0.007996,-0.024000,0.040000
0.007996,-0.024000,0.032000
0.007997,-0.024000,0.040000
0.007997,-0.024000,0.048000
0.007997,-0.016000,0.048000
0.007997,-0.008000,0.056000
0.007997,-0.008000,0.056000
0.007998,0.008000,0.056000
0.007998,0.008000,0.056000
0.007998,0.016000,0.080000
0.007998,0.008000,0.072000
0.007998,0.016000,0.080000
0.007999,0.016000,0.072000
0.007999,0.024000,0.080000
0.007999,0.040000,0.080000
0.007999,0.032000,0.080000
0.007999,0.040000,0.088000
0.008000,0.048000,0.088000
0.008000,0.056000,0.096000
0.008000,0.048000,0.104000
0.008000,0.048000,0.096000
0.008000,0.056000,0.104000
0.008001,0.056000,0.112000
0.008001,0.056000,0.112000
0.008001,0.064000,0.120000
0.008001,0.080000,0.120000
0.008001,0.088000,0.120000
0.008002,0.080000,0.128000
0.008002,0.080000,0.120000
0.008002,0.072000,0.136000
0.008002,0.096000,0.136000
0.008002,0.088000,0.144000
0.008003,0.096000,0.144000
0.008003,0.104000,0.152000
0.008003,0.104000,0.152000
0.008003,0.104000,0.152000
0.008003,0.120000,0.152000
0.008004,0.120000,0.160000
0.008004,0.120000,0.168000
0.008004,0.136000,0.168000
0.008004,0.136000,0.176000
0.008004,0.120000,0.168000
0.008005,0.144000,0.176000
0.008005,0.144000,0.184000
0.008005,0.152000,0.192000
0.008005,0.152000,0.184000
0.008005,0.152000,0.200000
0.008006,0.152000,0.200000
0.008006,0.152000,0.200000
0.008006,0.160000,0.200000
0.008006,0.168000,0.208000
0.008006,0.160000,0.208000
0.008007,0.176000,0.216000
0.008007,0.168000,0.216000
0.008007,0.176000,0.216000
0.008007,0.176000,0.216000
0.008007,0.192000,0.224000
0.008008,0.176000,0.224000
0.008008,0.200000,0.232000
0.008008,0.184000,0.240000
0.008008,0.200000,0.248000
0.008008,0.200000,0.248000
0.008009,0.192000,0.240000
0.008009,0.216000,0.248000
0.008009,0.208000,0.248000
0.008009,0.232000,0.256000
0.008009,0.216000,0.272000
0.008010,0.232000,0.264000
0.008010,0.224000,0.272000
0.008010,0.232000,0.256000
0.008010,0.240000,0.272000
0.008010,0.232000,0.272000
0.008011,0.248000,0.280000
0.008011,0.256000,0.280000
0.008011,0.256000,0.288000
0.008011,0.256000,0.288000
0.008011,0.256000,0.296000
0.008012,0.256000,0.288000
0.008012,0.256000,0.288000
0.008012,0.272000,0.304000
0.008012,0.272000,0.304000
0.008012,0.272000,0.304000
0.008013,0.264000,0.312000
0.008013,0.288000,0.320000
0.008013,0.280000,0.312000
0.008013,0.296000,0.320000
0.008013,0.288000,0.328000
0.008014,0.304000,0.320000
0.008014,0.296000,0.320000
0.008014,0.296000,0.336000
0.008014,0.304000,0.328000
0.008014,0.304000,0.336000
0.008015,0.312000,0.328000
0.008015,0.312000,0.344000
0.008015,0.304000,0.344000
0.008015,0.312000,0.352000
0.008015,0.320000,0.352000
0.008016,0.320000,0.344000
0.008016,0.320000,0.352000
0.008016,0.336000,0.352000
0.008016,0.328000,0.360000
0.008016,0.336000,0.360000
0.008017,0.328000,0.368000
0.008017,0.328000,0.368000
0.008017,0.344000,0.360000
0.008017,0.328000,0.368000
0.008017,0.352000,0.368000
0.008018,0.360000,0.376000
0.008018,0.352000,0.376000
0.008018,0.352000,0.376000
0.008018,0.352000,0.376000
0.008018,0.360000,0.384000
0.008019,0.368000,0.384000
0.008019,0.376000,0.384000
0.008019,0.368000,0.392000
0.008019,0.368000,0.392000
0.008019,0.384000,0.392000
0.008020,0.384000,0.400000
0.008020,0.392000,0.392000
0.008020,0.384000,0.392000
0.008020,0.384000,0.408000
0.008020,0.384000,0.400000
0.008021,0.392000,0.416000
0.008021,0.392000,0.408000
0.008021,0.408000,0.408000
0.008021,0.400000,0.416000
0.008021,0.392000,0.424000
0.008022,0.400000,0.416000
0.008022,0.400000,0.416000
0.008022,0.416000,0.432000
0.008022,0.400000,0.424000
0.008022,0.408000,0.416000
0.008023,0.408000,0.432000
0.008023,0.400000,0.424000
0.008023,0.416000,0.432000
0.008023,0.416000,0.432000
0.008023,0.424000,0.432000
0.008024,0.416000,0.424000
0.008024,0.432000,0.440000
0.008024,0.424000,0.440000
0.008024,0.416000,0.432000
0.008024,0.440000,0.440000
0.008025,0.424000,0.448000
0.008025,0.424000,0.440000
0.008025,0.432000,0.448000
0.008025,0.424000,0.448000
0.008025,0.440000,0.448000
0.008026,0.440000,0.448000
0.008026,0.440000,0.456000
0.008026,0.448000,0.448000
0.008026,0.440000,0.456000
0.008026,0.448000,0.456000
0.008027,0.448000,0.456000
0.008027,0.448000,0.464000
0.008027,0.456000,0.456000
0.008027,0.464000,0.456000
0.008027,0.464000,0.464000
0.008028,0.464000,0.456000
0.008028,0.472000,0.464000
0.008028,0.464000,0.472000
0.008028,0.472000,0.464000
0.008028,0.464000,0.464000
0.008029,0.464000,0.464000
0.008029,0.472000,0.472000
0.008029,0.480000,0.464000
0.008029,0.480000,0.480000
0.008029,0.480000,0.472000
0.008030,0.472000,0.480000
0.008030,0.480000,0.472000
0.008030,0.480000,0.488000
0.008030,0.472000,0.472000
0.008030,0.488000,0.480000
0.008031,0.480000,0.472000
0.008031,0.480000,0.480000
0.008031,0.480000,0.488000
0.008031,0.480000,0.480000
0.008031,0.488000,0.480000
0.008032,0.480000,0.480000
0.008032,0.488000,0.480000
0.008032,0.496000,0.480000
0.008032,0.496000,0.480000
0.008032,0.488000,0.472000
0.008033,0.496000,0.488000
0.008033,0.496000,0.480000
0.008033,0.488000,0.480000
0.008033,0.496000,0.472000
0.008033,0.504000,0.480000
0.008034,0.496000,0.488000
0.008034,0.488000,0.480000
0.008034,0.504000,0.480000
0.008034,0.496000,0.480000
0.008034,0.504000,0.488000
0.008035,0.488000,0.488000
0.008035,0.504000,0.496000
0.008035,0.496000,0.480000
0.008035,0.512000,0.488000
0.008035,0.504000,0.488000
0.008036,0.496000,0.488000
0.008036,0.512000,0.480000
0.008036,0.504000,0.488000
0.008036,0.504000,0.480000
0.008036,0.496000,0.488000
0.008037,0.496000,0.480000
0.008037,0.512000,0.496000
0.008037,0.504000,0.488000
0.008037,0.512000,0.488000
0.008037,0.520000,0.488000
0.008038,0.512000,0.488000
0.008038,0.496000,0.480000
0.008038,0.512000,0.496000
0.008038,0.512000,0.488000
0.008038,0.512000,0.488000
0.008039,0.512000,0.488000
0.008039,0.504000,0.480000
0.008039,0.504000,0.488000
0.008039,0.504000,0.480000
0.008039,0.512000,0.480000
0.008040,0.520000,0.496000
0.008040,0.512000,0.480000
0.008040,0.504000,0.480000
0.008040,0.512000,0.480000
0.008040,0.512000,0.488000
0.008041,0.512000,0.480000
0.008041,0.504000,0.472000
0.008041,0.512000,0.480000
0.008041,0.504000,0.488000
0.008041,0.504000,0.472000
0.008042,0.504000,0.472000
0.008042,0.504000,0.472000
0.008042,0.496000,0.472000
0.008042,0.512000,0.472000
0.008042,0.512000,0.480000
0.008043,0.496000,0.472000
0.008043,0.504000,0.464000
0.008043,0.496000,0.472000
0.008043,0.504000,0.464000
0.008043,0.504000,0.464000
0.008044,0.504000,0.464000
0.008044,0.496000,0.464000
0.008044,0.488000,0.472000
0.008044,0.496000,0.464000
0.008044,0.496000,0.464000
0.008045,0.488000,0.456000
0.008045,0.504000,0.456000
0.008045,0.496000,0.464000
0.008045,0.496000,0.448000
0.008045,0.496000,0.448000
0.008046,0.488000,0.456000
0.008046,0.496000,0.456000
0.008046,0.488000,0.448000
0.008046,0.488000,0.456000
0.008046,0.480000,0.456000
0.008047,0.480000,0.448000
0.008047,0.504000,0.456000
0.008047,0.488000,0.448000
0.008047,0.472000,0.448000
0.008047,0.488000,0.440000
0.008048,0.480000,0.440000
0.008048,0.496000,0.448000
0.008048,0.488000,0.440000
0.008048,0.472000,0.440000
0.008048,0.488000,0.440000
0.008049,0.480000,0.432000
0.008049,0.480000,0.432000
0.008049,0.480000,0.424000
0.008049,0.480000,0.424000
0.008049,0.472000,0.424000
0.008050,0.472000,0.416000
0.008050,0.472000,0.424000
0.008050,0.472000,0.424000
0.008050,0.472000,0.424000
0.008050,0.472000,0.424000
0.008051,0.464000,0.416000
0.008051,0.464000,0.424000
0.008051,0.456000,0.408000
0.008051,0.456000,0.416000
0.008051,0.448000,0.408000
0.008052,0.456000,0.408000
0.008052,0.456000,0.400000
0.008052,0.456000,0.400000
0.008052,0.456000,0.392000
0.008052,0.456000,0.400000
0.008053,0.456000,0.392000
0.008053,0.440000,0.392000
0.008053,0.448000,0.384000
0.008053,0.456000,0.384000
0.008053,0.440000,0.384000
0.008054,0.432000,0.384000
0.008054,0.440000,0.376000
0.008054,0.448000,0.384000
0.008054,0.440000,0.376000
0.008054,0.424000,0.376000
0.008055,0.432000,0.376000
0.008055,0.424000,0.368000
0.008055,0.424000,0.368000
0.008055,0.416000,0.360000
0.008055,0.408000,0.368000
0.008056,0.416000,0.368000
0.008056,0.408000,0.360000
0.008056,0.416000,0.360000
0.008056,0.408000,0.352000
0.008056,0.392000,0.352000
0.008057,0.392000,0.352000
0.008057,0.392000,0.344000
0.008057,0.408000,0.344000
0.008057,0.400000,0.344000
0.008057,0.392000,0.336000
0.008058,0.392000,0.336000
0.008058,0.400000,0.336000
0.008058,0.392000,0.336000
0.008058,0.384000,0.328000
0.008058,0.392000,0.328000
0.008059,0.376000,0.320000
0.008059,0.376000,0.320000
0.008059,0.384000,0.320000
0.008059,0.376000,0.320000
0.008059,0.376000,0.320000
0.008060,0.368000,0.304000
0.008060,0.368000,0.304000
0.008060,0.360000,0.304000
0.008060,0.368000,0.304000
0.008060,0.368000,0.304000
0.008061,0.368000,0.296000
0.008061,0.360000,0.280000
0.008061,0.344000,0.288000
0.008061,0.344000,0.280000
0.008061,0.336000,0.280000
0.008062,0.352000,0.280000
0.008062,0.336000,0.280000
0.008062,0.344000,0.272000
0.008062,0.336000,0.272000
0.008062,0.328000,0.264000
0.008063,0.328000,0.256000
0.008063,0.328000,0.256000
0.008063,0.328000,0.256000
0.008063,0.312000,0.248000
0.008063,0.312000,0.248000
0.008064,0.312000,0.256000
0.008064,0.304000,0.240000
0.008064,0.312000,0.248000
0.008064,0.296000,0.232000
0.008064,0.304000,0.232000
0.008065,0.312000,0.224000
0.008065,0.288000,0.224000
0.008065,0.304000,0.224000
0.008065,0.288000,0.224000
0.008065,0.280000,0.216000
0.008066,0.288000,0.208000
0.008066,0.280000,0.208000
0.008066,0.272000,0.216000
0.008066,0.272000,0.208000
0.008066,0.272000,0.200000
0.008067,0.272000,0.200000
0.008067,0.272000,0.192000
0.008067,0.248000,0.184000
0.008067,0.264000,0.184000
0.008067,0.264000,0.184000
0.008068,0.256000,0.176000
0.008068,0.248000,0.168000
0.008068,0.232000,0.168000
0.008068,0.248000,0.168000
0.008068,0.232000,0.168000
0.008069,0.240000,0.160000
0.008069,0.224000,0.160000
0.008069,0.232000,0.152000
0.008069,0.216000,0.152000
0.008069,0.224000,0.144000
0.008070,0.216000,0.136000
0.008070,0.208000,0.144000
0.008070,0.216000,0.136000
0.008070,0.208000,0.128000
0.008070,0.208000,0.128000
0.008071,0.200000,0.128000
0.008071,0.192000,0.120000
0.008071,0.192000,0.128000
0.008071,0.192000,0.120000
0.008071,0.192000,0.112000
0.008072,0.192000,0.104000
0.008072,0.184000,0.104000
0.008072,0.176000,0.096000
0.008072,0.184000,0.104000
0.008072,0.176000,0.080000
0.008073,0.168000,0.088000
0.008073,0.168000,0.088000
0.008073,0.168000,0.080000
0.008073,0.152000,0.080000
0.008073,0.160000,0.080000
0.008074,0.152000,0.072000
0.008074,0.144000,0.064000
0.008074,0.136000,0.072000
0.008074,0.136000,0.064000
0.008074,0.128000,0.056000
0.008075,0.128000,0.056000
0.008075,0.120000,0.056000
0.008075,0.120000,0.048000
0.008075,0.112000,0.040000
0.008075,0.112000,0.040000
0.008076,0.104000,0.040000
0.008076,0.096000,0.032000
0.008076,0.096000,0.032000
0.008076,0.080000,0.032000
0.008076,0.088000,0.024000
0.008077,0.088000,0.024000
0.008077,0.088000,0.008000
0.008077,0.088000,0.016000
0.008077,0.072000,0.000000
0.008077,0.064000,0.008000
0.008078,0.072000,0.000000
0.008078,0.056000,-0.008000
0.008078,0.056000,-0.008000
0.008078,0.064000,-0.016000
0.008078,0.056000,-0.016000
0.008079,0.040000,-0.016000
0.008079,0.056000,-0.032000
0.008079,0.048000,-0.024000
0.008079,0.048000,-0.032000
0.008079,0.040000,-0.032000
0.008080,0.032000,-0.040000
0.008080,0.024000,-0.048000
0.008080,0.024000,-0.048000
0.008080,0.024000,-0.048000
0.008080,0.016000,-0.048000
0.008081,0.016000,-0.056000
0.008081,0.016000,-0.048000
0.008081,0.016000,-0.064000
0.008081,0.000000,-0.064000
0.008081,0.000000,-0.064000
0.008082,-0.008000,-0.072000
0.008082,0.000000,-0.088000
0.008082,-0.008000,-0.080000
0.008082,-0.016000,-0.080000
0.008082,-0.024000,-0.080000
0.008083,-0.024000,-0.088000
0.008083,-0.024000,-0.096000
0.008083,-0.040000,-0.104000
0.008083,-0.032000,-0.096000
0.008083,-0.040000,-0.104000
0.008084,-0.056000,-0.112000
0.008084,-0.048000,-0.112000
0.008084,-0.056000,-0.112000
0.008084,-0.056000,-0.120000
0.008084,-0.048000,-0.120000
0.008085,-0.072000,-0.128000
0.008085,-0.064000,-0.128000
0.008085,-0.064000,-0.144000
0.008085,-0.080000,-0.144000
0.008085,-0.072000,-0.144000
0.008086,-0.096000,-0.152000
0.008086,-0.096000,-0.152000
0.008086,-0.088000,-0.152000
0.008086,-0.088000,-0.152000
0.008086,-0.096000,-0.160000
0.008087,-0.088000,-0.160000
0.008087,-0.112000,-0.168000
0.008087,-0.112000,-0.168000
0.008087,-0.120000,-0.176000
0.008087,-0.112000,-0.184000
0.008088,-0.112000,-0.176000
0.008088,-0.136000,-0.176000
0.008088,-0.128000,-0.184000
0.008088,-0.128000,-0.192000
0.008088,-0.128000,-0.192000
0.008089,-0.144000,-0.200000
0.008089,-0.144000,-0.192000
0.008089,-0.144000,-0.200000
0.008089,-0.144000,-0.208000
0.008089,-0.144000,-0.208000
0.008090,-0.160000,-0.216000
0.008090,-0.160000,-0.224000
0.008090,-0.160000,-0.216000
0.008090,-0.160000,-0.224000
0.008090,-0.168000,-0.224000
0.008091,-0.184000,-0.224000
0.008091,-0.176000,-0.232000
0.008091,-0.176000,-0.224000
0.008091,-0.184000,-0.240000
0.008091,-0.184000,-0.240000
0.008092,-0.192000,-0.248000
0.008092,-0.192000,-0.256000
0.008092,-0.192000,-0.248000
0.008092,-0.192000,-0.256000
0.008092,-0.200000,-0.256000
0.008093,-0.200000,-0.256000
0.008093,-0.208000,-0.256000
0.008093,-0.208000,-0.264000
0.008093,-0.208000,-0.264000
0.008093,-0.224000,-0.272000
0.008094,-0.216000,-0.280000
0.008094,-0.232000,-0.280000
0.008094,-0.240000,-0.280000
0.008094,-0.232000,-0.280000
0.008094,-0.248000,-0.280000
0.008095,-0.240000,-0.280000
0.008095,-0.248000,-0.288000
0.008095,-0.248000,-0.288000
0.008095,-0.256000,-0.296000
0.008095,-0.248000,-0.304000
0.008096,-0.264000,-0.312000
0.008096,-0.264000,-0.312000
0.008096,-0.272000,-0.312000
0.008096,-0.272000,-0.312000
0.008096,-0.280000,-0.312000
0.008097,-0.272000,-0.328000
0.008097,-0.272000,-0.320000
0.008097,-0.288000,-0.312000
0.008097,-0.288000,-0.328000
0.008097,-0.272000,-0.328000
0.008098,-0.288000,-0.328000
0.008098,-0.304000,-0.328000
0.008098,-0.288000,-0.336000
0.008098,-0.296000,-0.328000
0.008098,-0.304000,-0.336000
0.008099,-0.304000,-0.352000
0.008099,-0.304000,-0.344000
0.008099,-0.304000,-0.344000
0.008099,-0.312000,-0.352000
0.008099,-0.312000,-0.352000
0.008100,-0.320000,-0.352000
0.008100,-0.312000,-0.360000
0.008100,-0.328000,-0.360000
0.008100,-0.328000,-0.360000
0.008100,-0.320000,-0.368000
0.008101,-0.344000,-0.368000
0.008101,-0.336000,-0.368000
0.008101,-0.336000,-0.376000
0.008101,-0.336000,-0.376000
0.008101,-0.344000,-0.384000
0.008102,-0.344000,-0.376000
0.008102,-0.352000,-0.392000
0.008102,-0.360000,-0.384000
0.008102,-0.352000,-0.384000
0.008102,-0.352000,-0.376000
0.008103,-0.352000,-0.392000
0.008103,-0.352000,-0.392000
0.008103,-0.368000,-0.392000
0.008103,-0.360000,-0.400000
0.008103,-0.384000,-0.400000
0.008104,-0.376000,-0.400000
0.008104,-0.376000,-0.408000
0.008104,-0.376000,-0.408000
0.008104,-0.368000,-0.408000
0.008104,-0.392000,-0.416000
0.008105,-0.376000,-0.424000
0.008105,-0.392000,-0.408000
0.008105,-0.384000,-0.424000
0.008105,-0.384000,-0.432000
0.008105,-0.400000,-0.424000
0.008106,-0.400000,-0.432000
0.008106,-0.400000,-0.424000
0.008106,-0.408000,-0.424000
0.008106,-0.400000,-0.424000
0.008106,-0.400000,-0.432000
0.008107,-0.416000,-0.424000
0.008107,-0.408000,-0.432000
0.008107,-0.408000,-0.432000
0.008107,-0.408000,-0.432000
0.008107,-0.416000,-0.432000
0.008108,-0.424000,-0.440000
0.008108,-0.408000,-0.440000
0.008108,-0.416000,-0.440000
0.008108,-0.408000,-0.448000
0.008108,-0.416000,-0.440000
0.008109,-0.424000,-0.448000
0.008109,-0.432000,-0.448000
0.008109,-0.432000,-0.456000
0.008109,-0.432000,-0.440000
0.008109,-0.432000,-0.448000
0.008110,-0.432000,-0.456000
0.008110,-0.432000,-0.456000
0.008110,-0.440000,-0.456000
0.008110,-0.440000,-0.456000
0.008110,-0.456000,-0.456000
0.008111,-0.456000,-0.464000
0.008111,-0.456000,-0.456000
0.008111,-0.448000,-0.472000
0.008111,-0.440000,-0.464000
0.008111,-0.448000,-0.464000
0.008112,-0.464000,-0.472000
0.008112,-0.448000,-0.464000
0.008112,-0.448000,-0.464000
0.008112,-0.456000,-0.472000
0.008112,-0.456000,-0.464000
0.008113,-0.456000,-0.472000
0.008113,-0.456000,-0.464000
0.008113,-0.456000,-0.472000
0.008113,-0.456000,-0.472000
0.008113,-0.464000,-0.472000
0.008114,-0.464000,-0.480000
0.008114,-0.472000,-0.464000
0.008114,-0.472000,-0.472000
0.008114,-0.472000,-0.472000
0.008114,-0.464000,-0.480000
0.008115,-0.472000,-0.480000
0.008115,-0.480000,-0.472000
0.008115,-0.464000,-0.472000
0.008115,-0.472000,-0.488000
0.008115,-0.480000,-0.488000
0.008116,-0.480000,-0.488000
0.008116,-0.496000,-0.488000
0.008116,-0.480000,-0.488000
0.008116,-0.496000,-0.480000
0.008116,-0.472000,-0.488000
0.008117,-0.480000,-0.488000
0.008117,-0.488000,-0.472000
0.008117,-0.496000,-0.480000
0.008117,-0.488000,-0.480000
0.008117,-0.488000,-0.488000
0.008118,-0.488000,-0.488000
0.008118,-0.480000,-0.488000
0.008118,-0.496000,-0.488000
0.008118,-0.488000,-0.488000
0.008118,-0.488000,-0.488000
0.008119,-0.480000,-0.480000
0.008119,-0.488000,-0.488000
0.008119,-0.488000,-0.480000
0.008119,-0.488000,-0.488000
0.008119,-0.488000,-0.480000
0.008120,-0.496000,-0.488000
0.008120,-0.488000,-0.480000
0.008120,-0.488000,-0.488000
0.008120,-0.488000,-0.488000
0.008120,-0.504000,-0.488000
0.008121,-0.496000,-0.480000
0.008121,-0.504000,-0.488000
0.008121,-0.488000,-0.488000
0.008121,-0.496000,-0.496000
0.008121,-0.496000,-0.488000
0.008122,-0.496000,-0.488000
0.008122,-0.496000,-0.480000
0.008122,-0.496000,-0.480000
0.008122,-0.488000,-0.480000
0.008122,-0.496000,-0.480000
0.008123,-0.504000,-0.488000
0.008123,-0.496000,-0.480000
0.008123,-0.488000,-0.472000
0.008123,-0.496000,-0.480000
0.008123,-0.496000,-0.480000
0.008124,-0.504000,-0.480000
0.008124,-0.488000,-0.480000
0.008124,-0.488000,-0.488000
0.008124,-0.496000,-0.472000
0.008124,-0.496000,-0.480000
0.008125,-0.488000,-0.472000
0.008125,-0.496000,-0.480000
0.008125,-0.488000,-0.480000
0.008125,-0.504000,-0.472000
0.008125,-0.488000,-0.480000
0.008126,-0.504000,-0.472000
0.008126,-0.504000,-0.472000
0.008126,-0.496000,-0.464000
0.008126,-0.488000,-0.464000
0.008126,-0.496000,-0.464000
0.008127,-0.488000,-0.472000
0.008127,-0.496000,-0.472000
0.008127,-0.488000,-0.464000
0.008127,-0.488000,-0.472000
0.008127,-0.496000,-0.464000
0.008128,-0.488000,-0.456000
0.008128,-0.488000,-0.472000
0.008128,-0.480000,-0.464000
0.008128,-0.488000,-0.456000
0.008128,-0.488000,-0.464000
0.008129,-0.488000,-0.456000
0.008129,-0.480000,-0.464000
0.008129,-0.480000,-0.448000
0.008129,-0.480000,-0.456000
0.008129,-0.472000,-0.448000
0.008130,-0.480000,-0.456000
0.008130,-0.480000,-0.456000
0.008130,-0.480000,-0.448000
0.008130,-0.496000,-0.456000
0.008130,-0.488000,-0.448000
0.008131,-0.480000,-0.440000
0.008131,-0.472000,-0.448000
0.008131,-0.472000,-0.440000
0.008131,-0.464000,-0.440000
0.008131,-0.464000,-0.448000
0.008132,-0.464000,-0.440000
0.008132,-0.472000,-0.440000
0.008132,-0.448000,-0.432000
0.008132,-0.464000,-0.424000
0.008132,-0.456000,-0.432000
0.008133,-0.448000,-0.432000
0.008133,-0.456000,-0.424000
0.008133,-0.456000,-0.432000
0.008133,-0.456000,-0.416000
0.008133,-0.448000,-0.424000
0.008134,-0.456000,-0.408000
0.008134,-0.456000,-0.408000
0.008134,-0.456000,-0.416000
0.008134,-0.440000,-0.408000
0.008134,-0.448000,-0.416000
0.008135,-0.456000,-0.408000
0.008135,-0.448000,-0.400000
0.008135,-0.440000,-0.408000
0.008135,-0.448000,-0.400000
0.008135,-0.440000,-0.400000
0.008136,-0.440000,-0.400000
0.008136,-0.432000,-0.392000
0.008136,-0.448000,-0.400000
0.008136,-0.432000,-0.392000
0.008136,-0.432000,-0.392000
0.008137,-0.432000,-0.384000
0.008137,-0.432000,-0.384000
0.008137,-0.424000,-0.384000
0.008137,-0.432000,-0.376000
0.008137,-0.424000,-0.376000
0.008138,-0.416000,-0.376000
0.008138,-0.424000,-0.376000
0.008138,-0.408000,-0.376000
0.008138,-0.416000,-0.376000
0.008138,-0.408000,-0.360000
0.008139,-0.400000,-0.360000
0.008139,-0.400000,-0.360000
0.008139,-0.392000,-0.352000
0.008139,-0.408000,-0.360000
0.008139,-0.408000,-0.344000
0.008140,-0.392000,-0.352000
0.008140,-0.392000,-0.344000
0.008140,-0.392000,-0.344000
0.008140,-0.392000,-0.344000
0.008140,-0.384000,-0.336000
0.008141,-0.392000,-0.344000
0.008141,-0.376000,-0.344000
0.008141,-0.376000,-0.328000
0.008141,-0.376000,-0.328000
0.008141,-0.376000,-0.336000
0.008142,-0.376000,-0.320000
0.008142,-0.368000,-0.320000
0.008142,-0.376000,-0.320000
0.008142,-0.360000,-0.312000
0.008142,-0.376000,-0.312000
0.008143,-0.360000,-0.312000
0.008143,-0.352000,-0.312000
0.008143,-0.368000,-0.304000
0.008143,-0.352000,-0.296000
0.008143,-0.360000,-0.304000
0.008144,-0.352000,-0.304000
0.008144,-0.344000,-0.296000
0.008144,-0.344000,-0.288000
0.008144,-0.336000,-0.288000
0.008144,-0.336000,-0.288000
0.008145,-0.344000,-0.280000
0.008145,-0.336000,-0.280000
0.008145,-0.336000,-0.280000
0.008145,-0.328000,-0.280000
0.008145,-0.336000,-0.272000
0.008146,-0.336000,-0.272000
0.008146,-0.320000,-0.264000
0.008146,-0.304000,-0.264000
0.008146,-0.320000,-0.256000
0.008146,-0.304000,-0.264000
0.008147,-0.312000,-0.248000
0.008147,-0.304000,-0.256000
0.008147,-0.288000,-0.248000
0.008147,-0.304000,-0.240000
0.008147,-0.296000,-0.232000
0.008148,-0.280000,-0.240000
0.008148,-0.288000,-0.240000
0.008148,-0.280000,-0.224000
0.008148,-0.288000,-0.224000
0.008148,-0.280000,-0.224000
0.008149,-0.264000,-0.224000
0.008149,-0.264000,-0.208000
0.008149,-0.272000,-0.216000
0.008149,-0.272000,-0.208000
0.008149,-0.256000,-0.200000
0.008150,-0.264000,-0.200000
0.008150,-0.264000,-0.208000
0.008150,-0.264000,-0.200000
0.008150,-0.256000,-0.192000
0.008150,-0.256000,-0.192000
0.008151,-0.240000,-0.192000
0.008151,-0.232000,-0.184000
0.008151,-0.240000,-0.176000
0.008151,-0.240000,-0.176000
0.008151,-0.224000,-0.168000
0.008152,-0.232000,-0.176000
0.008152,-0.224000,-0.168000
0.008152,-0.216000,-0.168000
0.008152,-0.216000,-0.160000
0.008152,-0.208000,-0.144000
0.008153,-0.208000,-0.152000
0.008153,-0.208000,-0.144000
0.008153,-0.200000,-0.144000
0.008153,-0.192000,-0.144000
0.008153,-0.200000,-0.136000
0.008154,-0.192000,-0.136000
0.008154,-0.192000,-0.136000
0.008154,-0.184000,-0.128000
0.008154,-0.176000,-0.128000
0.008154,-0.184000,-0.120000
0.008155,-0.176000,-0.120000
0.008155,-0.168000,-0.120000
0.008155,-0.176000,-0.104000
0.008155,-0.168000,-0.104000
0.008155,-0.168000,-0.104000
0.008156,-0.160000,-0.104000
0.008156,-0.160000,-0.096000
0.008156,-0.144000,-0.104000
0.008156,-0.144000,-0.096000
0.008156,-0.144000,-0.080000
0.008157,-0.144000,-0.088000
0.008157,-0.136000,-0.088000
0.008157,-0.136000,-0.072000
0.008157,-0.128000,-0.072000
0.008157,-0.120000,-0.064000
0.008158,-0.120000,-0.056000
0.008158,-0.104000,-0.056000
0.008158,-0.112000,-0.064000
0.008158,-0.120000,-0.048000
0.008158,-0.104000,-0.056000
0.008159,-0.096000,-0.040000
0.008159,-0.096000,-0.040000
0.008159,-0.088000,-0.040000
0.008159,-0.088000,-0.040000
0.008159,-0.080000,-0.032000
0.008160,-0.072000,-0.032000
0.008160,-0.072000,-0.024000
0.008160,-0.080000,-0.016000
0.008160,-0.072000,-0.024000
0.008160,-0.072000,-0.008000
0.008161,-0.064000,-0.016000
0.008161,-0.064000,0.000000
0.008161,-0.048000,0.000000
0.008161,-0.056000,0.008000
0.008161,-0.056000,0.008000
0.008162,-0.056000,0.008000
0.008162,-0.040000,0.008000
0.008162,-0.024000,0.016000
0.008162,-0.048000,0.008000
0.008162,-0.032000,0.024000
0.008163,-0.024000,0.024000
0.008163,-0.024000,0.024000
0.008163,-0.008000,0.040000
0.008163,-0.016000,0.032000
0.008163,-0.016000,0.048000
0.008164,-0.008000,0.048000
0.008164,-0.016000,0.056000
0.008164,0.000000,0.048000
0.008164,0.008000,0.056000
0.008164,0.000000,0.064000
0.008165,0.016000,0.064000
0.008165,0.008000,0.064000
0.008165,0.016000,0.064000
0.008165,0.008000,0.072000
0.008165,0.032000,0.080000
0.008166,0.024000,0.096000
0.008166,0.032000,0.088000
0.008166,0.032000,0.088000
0.008166,0.048000,0.088000
0.008166,0.048000,0.104000
0.008167,0.048000,0.104000
0.008167,0.064000,0.104000
0.008167,0.048000,0.104000
0.008167,0.056000,0.112000
0.008167,0.064000,0.112000
0.008168,0.080000,0.112000
0.008168,0.064000,0.120000
0.008168,0.080000,0.120000
0.008168,0.064000,0.136000
0.008168,0.088000,0.136000
0.008169,0.088000,0.136000
0.008169,0.096000,0.144000
0.008169,0.096000,0.144000
0.008169,0.104000,0.144000
0.008169,0.096000,0.152000
0.008170,0.104000,0.152000
0.008170,0.104000,0.160000
0.008170,0.112000,0.152000
0.008170,0.112000,0.160000
0.008170,0.128000,0.168000
0.008171,0.120000,0.168000
0.008171,0.120000,0.168000
0.008171,0.136000,0.176000
0.008171,0.136000,0.176000
0.008171,0.136000,0.184000
0.008172,0.136000,0.200000
0.008172,0.152000,0.192000
0.008172,0.160000,0.192000
0.008172,0.152000,0.200000
0.008172,0.160000,0.200000
0.008173,0.160000,0.208000
0.008173,0.176000,0.216000
0.008173,0.168000,0.208000
0.008173,0.168000,0.224000
0.008173,0.168000,0.224000
0.008174,0.184000,0.216000
0.008174,0.184000,0.224000
0.008174,0.184000,0.224000
0.008174,0.176000,0.232000
0.008174,0.192000,0.232000
0.008175,0.200000,0.232000
0.008175,0.192000,0.240000
0.008175,0.192000,0.248000
0.008175,0.192000,0.240000
0.008175,0.208000,0.240000
0.008176,0.208000,0.256000
0.008176,0.224000,0.256000
0.008176,0.224000,0.256000
0.008176,0.224000,0.272000
0.008176,0.216000,0.264000
0.008177,0.240000,0.272000
0.008177,0.232000,0.272000
0.008177,0.240000,0.280000
0.008177,0.248000,0.280000
0.008177,0.248000,0.280000
0.008178,0.264000,0.288000
0.008178,0.264000,0.288000
0.008178,0.256000,0.288000
0.008178,0.256000,0.296000
0.008178,0.264000,0.304000
0.008179,0.272000,0.304000
0.008179,0.264000,0.304000
0.008179,0.272000,0.304000
0.008179,0.280000,0.312000
0.008179,0.288000,0.312000
0.008180,0.288000,0.320000
0.008180,0.288000,0.320000
0.008180,0.288000,0.320000
0.008180,0.288000,0.320000
0.008180,0.288000,0.320000
0.008181,0.296000,0.328000
0.008181,0.304000,0.336000
0.008181,0.304000,0.336000
0.008181,0.304000,0.336000
0.008181,0.304000,0.336000
0.008182,0.312000,0.336000
0.008182,0.320000,0.344000
0.008182,0.320000,0.344000
0.008182,0.320000,0.352000
0.008182,0.320000,0.352000
0.008183,0.320000,0.352000
0.008183,0.336000,0.352000
0.008183,0.328000,0.368000
0.008183,0.336000,0.360000
0.008183,0.336000,0.360000
0.008184,0.344000,0.368000
0.008184,0.352000,0.368000
0.008184,0.344000,0.368000
0.008184,0.344000,0.376000
0.008184,0.360000,0.376000
0.008185,0.344000,0.376000
0.008185,0.360000,0.384000
0.008185,0.352000,0.376000
0.008185,0.352000,0.384000
0.008185,0.368000,0.392000
0.008186,0.376000,0.392000
0.008186,0.368000,0.400000
0.008186,0.376000,0.384000
0.008186,0.376000,0.392000
0.008186,0.376000,0.400000
0.008187,0.384000,0.400000
0.008187,0.384000,0.400000
0.008187,0.392000,0.408000
0.008187,0.392000,0.400000
0.008187,0.400000,0.408000
0.008188,0.392000,0.416000
0.008188,0.400000,0.408000
0.008188,0.400000,0.416000
0.008188,0.408000,0.416000
0.008188,0.400000,0.416000
0.008189,0.400000,0.416000
0.008189,0.408000,0.416000
0.008189,0.416000,0.432000
0.008189,0.416000,0.424000
0.008189,0.416000,0.432000
0.008190,0.416000,0.424000
0.008190,0.408000,0.424000
0.008190,0.416000,0.432000
0.008190,0.424000,0.432000
0.008190,0.424000,0.440000
0.008191,0.424000,0.432000
0.008191,0.432000,0.432000
0.008191,0.432000,0.440000
0.008191,0.424000,0.440000
0.008191,0.432000,0.440000
0.008192,0.432000,0.448000
0.008192,0.432000,0.448000
0.008192,0.440000,0.448000
0.008192,0.448000,0.456000
0.008192,0.448000,0.448000
0.008193,0.448000,0.448000
0.008193,0.456000,0.456000
0.008193,0.440000,0.464000
0.008193,0.448000,0.456000
0.008193,0.448000,0.464000
0.008194,0.456000,0.456000
0.008194,0.456000,0.464000
0.008194,0.456000,0.456000
0.008194,0.456000,0.464000
0.008194,0.472000,0.464000
0.008195,0.464000,0.456000
0.008195,0.464000,0.464000
0.008195,0.456000,0.464000
0.008195,0.464000,0.464000
0.008195,0.472000,0.472000
0.008196,0.472000,0.464000
0.008196,0.480000,0.472000
0.008196,0.480000,0.472000
0.008196,0.464000,0.472000
0.008196,0.480000,0.472000
0.008197,0.472000,0.480000
0.008197,0.480000,0.480000
0.008197,0.488000,0.480000
0.008197,0.480000,0.472000
0.008197,0.488000,0.480000
0.008198,0.488000,0.472000
0.008198,0.488000,0.480000
0.008198,0.496000,0.488000
0.008198,0.488000,0.472000
0.008198,0.488000,0.480000
0.008199,0.488000,0.480000
0.008199,0.496000,0.488000
0.008199,0.496000,0.480000
0.008199,0.496000,0.480000
0.008199,0.504000,0.480000
0.008200,0.488000,0.488000
0.008200,0.488000,0.472000
0.008200,0.488000,0.480000
0.008200,0.496000,0.480000
0.008200,0.496000,0.480000
0.008201,0.496000,0.488000
0.008201,0.480000,0.488000
0.008201,0.496000,0.488000
0.008201,0.496000,0.480000
0.008201,0.496000,0.496000
0.008202,0.504000,0.488000
0.008202,0.496000,0.480000
0.008202,0.504000,0.488000
0.008202,0.504000,0.480000
0.008202,0.504000,0.488000
0.008203,0.512000,0.488000
0.008203,0.504000,0.488000
0.008203,0.504000,0.488000
0.008203,0.520000,0.488000
0.008203,0.504000,0.480000
0.008204,0.512000,0.480000
0.008204,0.504000,0.488000
0.008204,0.496000,0.480000
0.008204,0.512000,0.488000
0.008204,0.504000,0.488000
0.008205,0.512000,0.488000
0.008205,0.504000,0.488000
0.008205,0.512000,0.480000
0.008205,0.520000,0.488000
0.008205,0.512000,0.488000
0.008206,0.512000,0.496000
0.008206,0.520000,0.480000
0.008206,0.504000,0.480000
0.008206,0.512000,0.480000
0.008206,0.512000,0.480000
0.008207,0.504000,0.480000
0.008207,0.512000,0.480000
0.008207,0.512000,0.480000
0.008207,0.520000,0.480000
0.008207,0.512000,0.480000
0.008208,0.512000,0.480000
0.008208,0.504000,0.480000
0.008208,0.512000,0.472000
0.008208,0.504000,0.480000
0.008208,0.504000,0.472000
0.008209,0.512000,0.472000
0.008209,0.504000,0.464000
0.008209,0.504000,0.472000
0.008209,0.504000,0.472000
0.008209,0.496000,0.472000
0.008210,0.496000,0.480000
0.008210,0.496000,0.464000
0.008210,0.504000,0.464000
0.008210,0.504000,0.464000
0.008210,0.504000,0.464000
0.008211,0.496000,0.464000
0.008211,0.504000,0.472000
0.008211,0.504000,0.456000
0.008211,0.504000,0.456000
0.008211,0.496000,0.456000
0.008212,0.504000,0.464000
0.008212,0.496000,0.456000
0.008212,0.496000,0.456000
0.008212,0.496000,0.456000
0.008212,0.496000,0.456000
0.008213,0.496000,0.456000
0.008213,0.488000,0.464000
0.008213,0.488000,0.456000
0.008213,0.488000,0.448000
0.008213,0.496000,0.448000
0.008214,0.488000,0.456000
0.008214,0.480000,0.456000
0.008214,0.480000,0.448000
0.008214,0.496000,0.440000
0.008214,0.480000,0.440000
0.008215,0.472000,0.440000
0.008215,0.472000,0.432000
0.008215,0.472000,0.440000
0.008215,0.472000,0.432000
0.008215,0.480000,0.432000
0.008216,0.488000,0.432000
0.008216,0.472000,0.432000
0.008216,0.464000,0.432000
0.008216,0.480000,0.424000
0.008216,0.464000,0.424000
0.008217,0.472000,0.424000
0.008217,0.472000,0.416000
0.008217,0.464000,0.424000
0.008217,0.456000,0.416000
0.008217,0.472000,0.408000
0.008218,0.464000,0.416000
0.008218,0.472000,0.416000
0.008218,0.456000,0.400000
0.008218,0.456000,0.408000
0.008218,0.448000,0.400000
0.008219,0.448000,0.408000
0.008219,0.448000,0.400000
0.008219,0.456000,0.400000
0.008219,0.456000,0.392000
0.008219,0.440000,0.392000
0.008220,0.440000,0.384000
0.008220,0.432000,0.392000
0.008220,0.440000,0.392000
0.008220,0.440000,0.384000
0.008220,0.440000,0.384000
0.008221,0.440000,0.384000
0.008221,0.432000,0.384000
0.008221,0.424000,0.376000
0.008221,0.432000,0.368000
0.008221,0.432000,0.368000
0.008222,0.416000,0.368000
0.008222,0.424000,0.368000
0.008222,0.416000,0.360000
0.008222,0.416000,0.360000
0.008222,0.424000,0.368000
0.008223,0.416000,0.352000
0.008223,0.416000,0.360000
0.008223,0.408000,0.344000
0.008223,0.400000,0.360000
0.008223,0.408000,0.352000
0.008224,0.400000,0.336000
0.008224,0.392000,0.336000
0.008224,0.400000,0.336000
0.008224,0.392000,0.328000
0.008224,0.400000,0.328000
0.008225,0.392000,0.328000
0.008225,0.384000,0.336000
0.008225,0.384000,0.320000
0.008225,0.392000,0.336000
0.008225,0.376000,0.320000
0.008226,0.384000,0.320000
0.008226,0.384000,0.320000
0.008226,0.384000,0.320000
0.008226,0.384000,0.296000
0.008226,0.360000,0.304000
0.008227,0.368000,0.312000
0.008227,0.368000,0.296000
0.008227,0.360000,0.304000
0.008227,0.360000,0.288000
0.008227,0.368000,0.280000
0.008228,0.360000,0.288000
0.008228,0.360000,0.280000
0.008228,0.352000,0.288000
0.008228,0.344000,0.288000
0.008228,0.344000,0.280000
0.008229,0.344000,0.272000
0.008229,0.344000,0.272000
0.008229,0.336000,0.264000
0.008229,0.328000,0.272000
0.008229,0.320000,0.256000
0.008230,0.320000,0.256000
0.008230,0.320000,0.256000
0.008230,0.328000,0.248000
0.008230,0.320000,0.248000
0.008230,0.312000,0.240000
0.008231,0.320000,0.240000
0.008231,0.304000,0.232000
0.008231,0.304000,0.224000
0.008231,0.296000,0.232000
0.008231,0.304000,0.224000
0.008232,0.288000,0.224000
0.008232,0.296000,0.224000
0.008232,0.288000,0.224000
0.008232,0.296000,0.224000
0.008232,0.280000,0.216000
0.008233,0.264000,0.216000
0.008233,0.272000,0.216000
0.008233,0.264000,0.192000
0.008233,0.280000,0.200000
0.008233,0.256000,0.200000
0.008234,0.256000,0.192000
0.008234,0.256000,0.184000
0.008234,0.264000,0.184000
0.008234,0.256000,0.176000
0.008234,0.240000,0.176000
0.008235,0.232000,0.176000
0.008235,0.248000,0.168000
0.008235,0.224000,0.168000
0.008235,0.240000,0.160000
0.008235,0.232000,0.160000
0.008236,0.224000,0.168000
0.008236,0.216000,0.152000
0.008236,0.224000,0.152000
0.008236,0.216000,0.144000
0.008236,0.216000,0.152000
0.008237,0.216000,0.136000
0.008237,0.216000,0.128000
0.008237,0.200000,0.136000
0.008237,0.200000,0.128000
0.008237,0.208000,0.136000
0.008238,0.200000,0.120000
0.008238,0.192000,0.112000
0.008238,0.192000,0.120000
0.008238,0.184000,0.104000
0.008238,0.176000,0.120000
0.008239,0.176000,0.104000
0.008239,0.184000,0.104000
0.008239,0.176000,0.088000
0.008239,0.168000,0.096000
0.008239,0.160000,0.096000
0.008240,0.152000,0.080000
0.008240,0.152000,0.088000
0.008240,0.144000,0.080000
0.008240,0.144000,0.080000
0.008240,0.136000,0.064000
0.008241,0.128000,0.064000
0.008241,0.128000,0.056000
0.008241,0.136000,0.064000
0.008241,0.128000,0.056000
0.008241,0.112000,0.048000
0.008242,0.128000,0.056000
0.008242,0.120000,0.040000
0.008242,0.112000,0.040000
0.008242,0.112000,0.048000
0.008242,0.104000,0.040000
0.008243,0.104000,0.032000
0.008243,0.096000,0.024000
0.008243,0.088000,0.024000
0.008243,0.088000,0.016000
0.008243,0.088000,0.016000
0.008244,0.072000,0.008000
0.008244,0.080000,0.016000
0.008244,0.072000,0.008000
0.008244,0.064000,0.000000
0.008244,0.064000,-0.008000
0.008245,0.056000,0.000000
0.008245,0.064000,-0.008000
0.008245,0.064000,-0.008000
0.008245,0.048000,-0.016000
0.008245,0.048000,-0.016000
0.008246,0.040000,-0.024000
0.008246,0.048000,-0.024000
0.008246,0.040000,-0.032000
0.008246,0.024000,-0.040000
0.008246,0.040000,-0.032000
0.008247,0.032000,-0.048000
0.008247,0.032000,-0.056000
0.008247,0.016000,-0.048000
0.008247,0.016000,-0.056000
0.008247,0.000000,-0.056000
0.008248,0.008000,-0.064000
0.008248,0.008000,-0.056000
0.008248,0.008000,-0.072000
0.008248,0.000000,-0.072000
0.008248,-0.008000,-0.072000
0.008249,-0.008000,-0.072000
0.008249,-0.016000,-0.080000
0.008249,-0.032000,-0.080000
0.008249,-0.032000,-0.080000
0.008249,-0.032000,-0.096000
0.008250,-0.032000,-0.096000
0.008250,-0.024000,-0.104000
