Channel 1,Channel 2,Channel 3,Channel 4,Channel 5,Channel 6,Channel 7,Channel 8,Channel 9,Channel 10
0.000044,2.439000,2.483000,1.515000,0.308000,0.081000,2.346000,1028.800000,7.619000,-37.300000
0.000088,2.380000,2.463000,1.383000,0.308000,0.081000,2.346000,1028.800000,7.619000,-37.300000
0.000136,2.346000,2.463000,1.388000,0.308000,0.081000,2.346000,1028.800000,7.619000,-37.300000
0.000180,2.346000,2.454000,1.334000,0.308000,0.081000,2.346000,1028.800000,7.619000,-37.300000
0.000224,2.346000,2.439000,1.525000,0.308000,0.081000,2.346000,1028.800000,7.619000,-37.300000
0.000272,2.361000,2.439000,1.779000,0.308000,0.081000,2.346000,1028.800000,7.619000,-37.300000
0.000320,2.390000,2.439000,2.092000,0.308000,0.081000,2.346000,1028.800000,7.619000,-37.300000
0.000372,2.429000,2.454000,2.326000,0.308000,0.081000,2.346000,1028.800000,7.619000,-37.300000
0.000424,2.493000,2.463000,2.717000,0.308000,0.081000,2.346000,1028.800000,7.619000,-37.300000
0.000476,2.537000,2.468000,3.006000,0.308000,0.081000,2.346000,1028.800000,7.619000,-37.300000
0.000524,2.586000,2.483000,3.456000,0.308000,0.081000,2.346000,1028.800000,7.619000,-37.300000
0.000576,2.620000,2.498000,3.597000,0.308000,0.081000,2.346000,1028.800000,7.619000,-37.300000
0.000628,2.649000,2.507000,3.558000,0.308000,0.081000,2.346000,1028.800000,7.619000,-37.300000
0.000680,2.654000,2.517000,3.656000,0.308000,0.081000,2.346000,1028.800000,7.619000,-37.300000
0.000728,2.649000,2.517000,3.534000,0.308000,0.081000,2.346000,1028.800000,7.619000,-37.300000
0.000780,2.639000,2.522000,3.245000,0.308000,0.081000,2.346000,1028.800000,7.619000,-37.300000
0.000832,2.595000,2.517000,2.889000,0.308000,0.081000,2.346000,1028.800000,7.619000,-37.300000
0.000880,2.561000,2.507000,2.517000,0.308000,0.081000,2.346000,1028.800000,7.619000,-37.300000
0.000932,2.502000,2.502000,2.151000,0.308000,0.081000,2.346000,1028.800000,7.619000,-37.300000
0.000984,2.463000,2.493000,1.838000,0.308000,0.081000,2.346000,1028.800000,7.619000,-37.300000
0.001040,2.410000,2.483000,1.486000,0.308000,0.081000,2.346000,1028.800000,7.619000,-37.300000
0.001088,2.361000,2.463000,1.403000,0.308000,0.081000,2.346000,1028.800000,7.619000,-37.300000
0.001140,2.346000,2.463000,1.310000,0.308000,0.081000,2.346000,1028.800000,7.619000,-37.300000
0.001192,2.346000,2.439000,1.388000,0.308000,0.081000,2.346000,1028.800000,7.619000,-37.300000
0.001240,2.351000,2.439000,1.486000,0.308000,0.081000,2.346000,1028.800000,7.619000,-37.300000
0.001292,2.375000,2.439000,1.828000,0.308000,0.081000,2.346000,1028.800000,7.619000,-37.300000
0.001344,2.405000,2.439000,2.180000,0.308000,0.081000,2.346000,1028.800000,7.619000,-37.300000
0.001392,2.463000,2.454000,2.561000,0.308000,0.081000,2.346000,1028.800000,7.619000,-37.300000
0.001444,2.502000,2.463000,2.889000,0.308000,0.081000,2.346000,1028.800000,7.619000,-37.300000
0.001492,2.537000,2.468000,3.201000,0.308000,0.081000,2.346000,1028.800000,7.619000,-37.300000
0.001544,2.586000,2.493000,3.441000,0.308000,0.081000,2.346000,1028.800000,7.619000,-37.300000
0.001596,2.625000,2.498000,3.656000,0.308000,0.081000,2.346000,1028.800000,7.619000,-37.300000
0.001644,2.654000,2.507000,3.705000,0.308000,0.081000,2.346000,1028.800000,7.619000,-37.300000
0.001696,2.654000,2.517000,3.641000,0.308000,0.081000,2.346000,1028.800000,7.619000,-37.300000
0.001748,2.649000,2.517000,3.441000,0.308000,0.081000,2.346000,1028.800000,7.619000,-37.300000
0.001796,2.625000,2.517000,3.162000,0.308000,0.081000,2.346000,1028.800000,7.619000,-37.300000
0.001848,2.576000,2.517000,2.849000,0.308000,0.081000,2.346000,1028.800000,7.619000,-37.300000
0.001896,2.537000,2.507000,2.537000,0.308000,0.081000,2.346000,1028.800000,7.619000,-37.300000
0.001948,2.483000,2.498000,2.151000,0.308000,0.081000,2.346000,1028.800000,7.619000,-37.300000
0.002000,2.439000,2.483000,1.681000,0.308000,0.081000,2.346000,1028.800000,7.619000,-37.300000
0.002056,2.390000,2.468000,1.486000,0.308000,0.081000,2.346000,1028.800000,7.619000,-37.300000
0.002104,2.361000,2.463000,1.325000,0.308000,0.081000,2.346000,1028.800000,7.619000,-37.300000
0.002148,2.346000,2.454000,1.325000,0.308000,0.081000,2.346000,1028.800000,7.619000,-37.300000
0.002196,2.326000,2.439000,1.344000,0.308000,0.081000,2.346000,1028.800000,7.619000,-37.300000
0.002244,2.346000,2.439000,1.525000,0.308000,0.081000,2.346000,1028.800000,7.619000,-37.300000
0.002288,2.366000,2.439000,1.779000,0.308000,0.081000,2.346000,1028.800000,7.619000,-37.300000
0.002336,2.405000,2.439000,2.048000,0.308000,0.081000,2.346000,1028.800000,7.619000,-37.300000
0.002384,2.444000,2.454000,2.463000,0.308000,0.081000,2.346000,1028.800000,7.619000,-37.300000
0.002432,2.493000,2.463000,2.776000,0.308000,0.081000,2.346000,1028.800000,7.619000,-37.300000
0.002476,2.537000,2.463000,3.040000,0.308000,0.081000,2.346000,1028.800000,7.619000,-37.300000
0.002524,2.576000,2.483000,3.319000,0.308000,0.081000,2.346000,1028.800000,7.619000,-37.300000
0.002572,2.620000,2.493000,3.514000,0.308000,0.081000,2.346000,1028.800000,7.619000,-37.300000
0.002616,2.654000,2.502000,3.631000,0.308000,0.081000,2.346000,1028.800000,7.619000,-37.300000
0.002664,2.654000,2.507000,3.587000,0.308000,0.081000,2.346000,1028.800000,7.619000,-37.300000
0.002712,2.654000,2.517000,3.578000,0.308000,0.081000,2.346000,1028.800000,7.619000,-37.300000
0.002756,2.639000,2.517000,3.377000,0.308000,0.081000,2.346000,1028.800000,7.619000,-37.300000
0.002804,2.620000,2.517000,3.123000,0.308000,0.081000,2.346000,1028.800000,7.619000,-37.300000
0.002852,2.576000,2.517000,2.717000,0.308000,0.081000,2.346000,1028.800000,7.619000,-37.300000
0.002896,2.537000,2.507000,2.361000,0.308000,0.081000,2.346000,1028.800000,7.619000,-37.300000
0.002944,2.483000,2.498000,2.087000,0.308000,0.081000,2.346000,1028.800000,7.619000,-37.300000
0.002992,2.444000,2.483000,1.735000,0.308000,0.081000,2.346000,1028.800000,7.619000,-37.300000
0.003036,2.405000,2.468000,1.593000,0.308000,0.081000,2.346000,1028.800000,7.619000,-37.300000
0.003088,2.366000,2.463000,1.344000,0.308000,0.081000,2.346000,1028.800000,7.619000,-37.300000
0.003136,2.346000,2.463000,1.344000,0.308000,0.081000,2.346000,1028.800000,7.619000,-37.300000
0.003184,2.346000,2.444000,1.320000,0.308000,0.081000,2.346000,1028.800000,7.619000,-37.300000
0.003228,2.346000,2.439000,1.491000,0.308000,0.081000,2.346000,1028.800000,7.619000,-37.300000
0.003276,2.361000,2.439000,1.720000,0.308000,0.081000,2.346000,1028.800000,7.619000,-37.300000
0.003324,2.380000,2.439000,1.994000,0.308000,0.081000,2.346000,1028.800000,7.619000,-37.300000
0.003368,2.429000,2.439000,2.405000,0.308000,0.081000,2.346000,1028.800000,7.619000,-37.300000
0.003416,2.478000,2.463000,2.693000,0.308000,0.081000,2.346000,1028.800000,7.619000,-37.300000
0.003464,2.532000,2.463000,3.006000,0.308000,0.081000,2.346000,1028.800000,7.619000,-37.300000
0.003508,2.571000,2.483000,3.343000,0.308000,0.081000,2.346000,1028.800000,7.619000,-37.300000
0.003556,2.620000,2.488000,3.514000,0.308000,0.081000,2.346000,1028.800000,7.619000,-37.300000
0.003604,2.639000,2.502000,3.558000,0.308000,0.081000,2.346000,1028.800000,7.619000,-37.300000
0.003652,2.654000,2.507000,3.715000,0.308000,0.081000,2.346000,1028.800000,7.619000,-37.300000
0.003696,2.654000,2.517000,3.631000,0.308000,0.081000,2.346000,1028.800000,7.619000,-37.300000
0.003744,2.649000,2.517000,3.441000,0.308000,0.081000,2.346000,1028.800000,7.619000,-37.300000
0.003792,2.620000,2.517000,3.162000,0.308000,0.081000,2.346000,1028.800000,7.619000,-37.300000
0.003836,2.586000,2.517000,2.972000,0.308000,0.081000,2.346000,1028.800000,7.619000,-37.300000
0.003884,2.537000,2.507000,2.576000,0.308000,0.081000,2.346000,1028.800000,7.619000,-37.300000
0.003932,2.502000,2.502000,2.190000,0.308000,0.081000,2.346000,1028.800000,7.619000,-37.300000
0.003976,2.463000,2.493000,1.891000,0.308000,0.081000,2.346000,1028.800000,7.619000,-37.300000
0.004024,2.419000,2.483000,1.623000,0.308000,0.081000,2.346000,1028.800000,7.619000,-37.300000
0.004072,2.375000,2.463000,1.369000,0.308000,0.081000,2.346000,1028.800000,7.619000,-37.300000
0.004124,2.346000,2.463000,1.325000,0.308000,0.081000,2.346000,1028.800000,7.619000,-37.300000
0.004168,2.346000,2.439000,1.369000,0.308000,0.081000,2.346000,1028.800000,7.619000,-37.300000
0.004216,2.346000,2.439000,1.554000,0.308000,0.081000,2.346000,1028.800000,7.619000,-37.300000
0.004264,2.351000,2.439000,1.672000,0.308000,0.081000,2.346000,1028.800000,7.619000,-37.300000
0.004308,2.380000,2.439000,1.994000,0.308000,0.081000,2.346000,1028.800000,7.619000,-37.300000
0.004356,2.419000,2.439000,2.263000,0.308000,0.081000,2.346000,1028.800000,7.619000,-37.300000
0.004400,2.463000,2.454000,2.595000,0.308000,0.081000,2.346000,1028.800000,7.619000,-37.300000
0.004448,2.502000,2.463000,2.908000,0.308000,0.081000,2.346000,1028.800000,7.619000,-37.300000
0.004492,2.561000,2.468000,3.118000,0.308000,0.081000,2.346000,1028.800000,7.619000,-37.300000
0.004540,2.586000,2.483000,3.421000,0.308000,0.081000,2.346000,1028.800000,7.619000,-37.300000
0.004584,2.625000,2.498000,3.514000,0.308000,0.081000,2.346000,1028.800000,7.619000,-37.300000
0.004632,2.649000,2.502000,3.656000,0.308000,0.081000,2.346000,1028.800000,7.619000,-37.300000
0.004680,2.654000,2.507000,3.558000,0.308000,0.081000,2.346000,1028.800000,7.619000,-37.300000
0.004724,2.649000,2.517000,3.514000,0.308000,0.081000,2.346000,1028.800000,7.619000,-37.300000
0.004772,2.639000,2.517000,3.201000,0.308000,0.081000,2.346000,1028.800000,7.619000,-37.300000
0.004816,2.595000,2.517000,3.006000,0.308000,0.081000,2.346000,1028.800000,7.619000,-37.300000
0.004864,2.571000,2.507000,2.717000,0.308000,0.081000,2.346000,1028.800000,7.619000,-37.300000
0.004908,2.532000,2.502000,2.351000,0.308000,0.081000,2.346000,1028.800000,7.619000,-37.300000
0.004956,2.478000,2.493000,2.102000,0.308000,0.081000,2.346000,1028.800000,7.619000,-37.300000
0.005004,2.429000,2.483000,1.711000,0.308000,0.081000,2.346000,1028.800000,7.619000,-37.300000
0.005048,2.380000,2.468000,1.554000,0.308000,0.081000,2.346000,1028.800000,7.619000,-37.300000
0.005096,2.351000,2.463000,1.325000,0.308000,0.081000,2.346000,1028.800000,7.619000,-37.300000
0.005148,2.346000,2.454000,1.320000,0.308000,0.081000,2.346000,1028.800000,7.619000,-37.300000
0.005196,2.346000,2.439000,1.369000,0.308000,0.081000,2.346000,1028.800000,7.619000,-37.300000
0.005240,2.346000,2.439000,1.554000,0.308000,0.081000,2.346000,1028.800000,7.619000,-37.300000
0.005288,2.366000,2.439000,1.857000,0.308000,0.081000,2.346000,1028.800000,7.619000,-37.300000
0.005332,2.390000,2.439000,2.067000,0.308000,0.081000,2.346000,1028.800000,7.619000,-37.300000
0.005380,2.439000,2.439000,2.468000,0.308000,0.081000,2.346000,1028.800000,7.619000,-37.300000
0.005424,2.483000,2.463000,2.737000,0.308000,0.081000,2.346000,1028.800000,7.619000,-37.300000
0.005472,2.532000,2.463000,3.050000,0.308000,0.081000,2.346000,1028.800000,7.619000,-37.300000
0.005516,2.576000,2.483000,3.299000,0.308000,0.081000,2.346000,1028.800000,7.619000,-37.300000
0.005564,2.620000,2.493000,3.534000,0.308000,0.081000,2.346000,1028.800000,7.619000,-37.300000
0.005612,2.639000,2.498000,3.602000,0.308000,0.081000,2.346000,1028.800000,7.619000,-37.300000
0.005656,2.649000,2.507000,3.631000,0.308000,0.081000,2.346000,1028.800000,7.619000,-37.300000
0.005704,2.654000,2.517000,3.475000,0.308000,0.081000,2.346000,1028.800000,7.619000,-37.300000
0.005748,2.649000,2.517000,3.421000,0.308000,0.081000,2.346000,1028.800000,7.619000,-37.300000
0.005796,2.620000,2.517000,3.162000,0.308000,0.081000,2.346000,1028.800000,7.619000,-37.300000
0.005840,2.576000,2.517000,2.874000,0.308000,0.081000,2.346000,1028.800000,7.619000,-37.300000
0.005888,2.546000,2.502000,2.527000,0.308000,0.081000,2.346000,1028.800000,7.619000,-37.300000
0.005936,2.502000,2.502000,2.195000,0.308000,0.081000,2.346000,1028.800000,7.619000,-37.300000
0.005980,2.463000,2.493000,1.877000,0.308000,0.081000,2.346000,1028.800000,7.619000,-37.300000
0.006028,2.405000,2.483000,1.681000,0.308000,0.081000,2.346000,1028.800000,7.619000,-37.300000
0.006072,2.380000,2.463000,1.466000,0.308000,0.081000,2.346000,1028.800000,7.619000,-37.300000
0.006120,2.346000,2.463000,1.369000,0.308000,0.081000,2.346000,1028.800000,7.619000,-37.300000
0.006172,2.346000,2.444000,1.369000,0.308000,0.081000,2.346000,1028.800000,7.619000,-37.300000
0.006220,2.336000,2.439000,1.403000,0.308000,0.081000,2.346000,1028.800000,7.619000,-37.300000
