Channel 1,Channel 2,Channel 3,Channel 4,Channel 5,Channel 6,Channel 7,Channel 8,Channel 9,Channel 10
0.000044,1.838000,2.478000,2.439000,1.872000,0.112000,1.004000,-0.300000,0.537000,-18.400000
0.000088,1.637000,2.463000,2.429000,1.872000,0.112000,1.004000,-0.300000,0.537000,-18.400000
0.000136,1.559000,2.444000,2.429000,1.872000,0.112000,1.004000,-0.300000,0.537000,-18.400000
0.000180,1.559000,2.429000,2.439000,1.872000,0.112000,1.004000,-0.300000,0.537000,-18.400000
0.000224,1.657000,2.424000,2.463000,1.872000,0.112000,1.004000,-0.300000,0.537000,-18.400000
0.000272,1.813000,2.424000,2.454000,1.872000,0.112000,1.004000,-0.300000,0.537000,-18.400000
0.000320,2.038000,2.424000,2.463000,1.872000,0.112000,1.004000,-0.300000,0.537000,-18.400000
0.000372,2.326000,2.429000,2.483000,1.872000,0.112000,1.004000,-0.300000,0.537000,-18.400000
0.000424,2.620000,2.444000,2.498000,1.872000,0.112000,1.004000,-0.300000,0.537000,-18.400000
0.000476,2.908000,2.463000,2.532000,1.872000,0.112000,1.004000,-0.300000,0.537000,-18.400000
0.000524,3.148000,2.483000,2.537000,1.872000,0.112000,1.004000,-0.300000,0.537000,-18.400000
0.000576,3.328000,2.502000,2.546000,1.872000,0.112000,1.004000,-0.300000,0.537000,-18.400000
0.000628,3.421000,2.517000,2.561000,1.872000,0.112000,1.004000,-0.300000,0.537000,-18.400000
0.000680,3.416000,2.537000,2.556000,1.872000,0.112000,1.004000,-0.300000,0.537000,-18.400000
0.000728,3.319000,2.537000,2.561000,1.872000,0.112000,1.004000,-0.300000,0.537000,-18.400000
0.000780,3.148000,2.537000,2.537000,1.872000,0.112000,1.004000,-0.300000,0.537000,-18.400000
0.000832,2.908000,2.537000,2.502000,1.872000,0.112000,1.004000,-0.300000,0.537000,-18.400000
0.000880,2.620000,2.532000,2.498000,1.872000,0.112000,1.004000,-0.300000,0.537000,-18.400000
0.000932,2.326000,2.517000,2.483000,1.872000,0.112000,1.004000,-0.300000,0.537000,-18.400000
0.000984,2.048000,2.498000,2.463000,1.872000,0.112000,1.004000,-0.300000,0.537000,-18.400000
0.001040,1.813000,2.483000,2.439000,1.872000,0.112000,1.004000,-0.300000,0.537000,-18.400000
0.001088,1.632000,2.463000,2.424000,1.872000,0.112000,1.004000,-0.300000,0.537000,-18.400000
0.001140,1.559000,2.439000,2.429000,1.872000,0.112000,1.004000,-0.300000,0.537000,-18.400000
0.001192,1.559000,2.429000,2.439000,1.872000,0.112000,1.004000,-0.300000,0.537000,-18.400000
0.001240,1.711000,2.424000,2.439000,1.872000,0.112000,1.004000,-0.300000,0.537000,-18.400000
0.001292,1.911000,2.424000,2.463000,1.872000,0.112000,1.004000,-0.300000,0.537000,-18.400000
0.001344,2.151000,2.424000,2.463000,1.872000,0.112000,1.004000,-0.300000,0.537000,-18.400000
0.001392,2.463000,2.439000,2.493000,1.872000,0.112000,1.004000,-0.300000,0.537000,-18.400000
0.001444,2.737000,2.454000,2.517000,1.872000,0.112000,1.004000,-0.300000,0.537000,-18.400000
0.001492,3.006000,2.468000,2.532000,1.872000,0.112000,1.004000,-0.300000,0.537000,-18.400000
0.001544,3.226000,2.493000,2.537000,1.872000,0.112000,1.004000,-0.300000,0.537000,-18.400000
0.001596,3.368000,2.502000,2.556000,1.872000,0.112000,1.004000,-0.300000,0.537000,-18.400000
0.001644,3.441000,2.517000,2.561000,1.872000,0.112000,1.004000,-0.300000,0.537000,-18.400000
0.001696,3.377000,2.537000,2.561000,1.872000,0.112000,1.004000,-0.300000,0.537000,-18.400000
0.001748,3.275000,2.537000,2.537000,1.872000,0.112000,1.004000,-0.300000,0.537000,-18.400000
0.001796,3.065000,2.537000,2.532000,1.872000,0.112000,1.004000,-0.300000,0.537000,-18.400000
0.001848,2.810000,2.537000,2.507000,1.872000,0.112000,1.004000,-0.300000,0.537000,-18.400000
0.001896,2.517000,2.522000,2.493000,1.872000,0.112000,1.004000,-0.300000,0.537000,-18.400000
0.001948,2.224000,2.507000,2.468000,1.872000,0.112000,1.004000,-0.300000,0.537000,-18.400000
0.002000,1.960000,2.493000,2.463000,1.872000,0.112000,1.004000,-0.300000,0.537000,-18.400000
0.002056,1.755000,2.468000,2.439000,1.872000,0.112000,1.004000,-0.300000,0.537000,-18.400000
0.002104,1.598000,2.463000,2.439000,1.872000,0.112000,1.004000,-0.300000,0.537000,-18.400000
0.002148,1.559000,2.439000,2.424000,1.872000,0.112000,1.004000,-0.300000,0.537000,-18.400000
0.002196,1.598000,2.424000,2.429000,1.872000,0.112000,1.004000,-0.300000,0.537000,-18.400000
0.002244,1.720000,2.424000,2.439000,1.872000,0.112000,1.004000,-0.300000,0.537000,-18.400000
0.002288,1.891000,2.424000,2.463000,1.872000,0.112000,1.004000,-0.300000,0.537000,-18.400000
0.002336,2.116000,2.424000,2.468000,1.872000,0.112000,1.004000,-0.300000,0.537000,-18.400000
0.002384,2.380000,2.429000,2.493000,1.872000,0.112000,1.004000,-0.300000,0.537000,-18.400000
0.002432,2.654000,2.439000,2.502000,1.872000,0.112000,1.004000,-0.300000,0.537000,-18.400000
0.002476,2.933000,2.463000,2.517000,1.872000,0.112000,1.004000,-0.300000,0.537000,-18.400000
0.002524,3.148000,2.483000,2.537000,1.872000,0.112000,1.004000,-0.300000,0.537000,-18.400000
0.002572,3.314000,2.498000,2.546000,1.872000,0.112000,1.004000,-0.300000,0.537000,-18.400000
0.002616,3.402000,2.507000,2.561000,1.872000,0.112000,1.004000,-0.300000,0.537000,-18.400000
0.002664,3.441000,2.532000,2.561000,1.872000,0.112000,1.004000,-0.300000,0.537000,-18.400000
0.002712,3.368000,2.537000,2.546000,1.872000,0.112000,1.004000,-0.300000,0.537000,-18.400000
0.002756,3.221000,2.537000,2.537000,1.872000,0.112000,1.004000,-0.300000,0.537000,-18.400000
0.002804,3.030000,2.537000,2.532000,1.872000,0.112000,1.004000,-0.300000,0.537000,-18.400000
0.002852,2.791000,2.537000,2.507000,1.872000,0.112000,1.004000,-0.300000,0.537000,-18.400000
0.002896,2.517000,2.517000,2.493000,1.872000,0.112000,1.004000,-0.300000,0.537000,-18.400000
0.002944,2.258000,2.507000,2.468000,1.872000,0.112000,1.004000,-0.300000,0.537000,-18.400000
0.002992,1.994000,2.498000,2.463000,1.872000,0.112000,1.004000,-0.300000,0.537000,-18.400000
0.003036,1.799000,2.478000,2.439000,1.872000,0.112000,1.004000,-0.300000,0.537000,-18.400000
0.003088,1.637000,2.463000,2.439000,1.872000,0.112000,1.004000,-0.300000,0.537000,-18.400000
0.003136,1.559000,2.439000,2.429000,1.872000,0.112000,1.004000,-0.300000,0.537000,-18.400000
0.003184,1.579000,2.429000,2.429000,1.872000,0.112000,1.004000,-0.300000,0.537000,-18.400000
0.003228,1.681000,2.424000,2.439000,1.872000,0.112000,1.004000,-0.300000,0.537000,-18.400000
0.003276,1.838000,2.424000,2.463000,1.872000,0.112000,1.004000,-0.300000,0.537000,-18.400000
0.003324,2.067000,2.424000,2.463000,1.872000,0.112000,1.004000,-0.300000,0.537000,-18.400000
0.003368,2.326000,2.429000,2.483000,1.872000,0.112000,1.004000,-0.300000,0.537000,-18.400000
0.003416,2.595000,2.439000,2.502000,1.872000,0.112000,1.004000,-0.300000,0.537000,-18.400000
0.003464,2.859000,2.463000,2.517000,1.872000,0.112000,1.004000,-0.300000,0.537000,-18.400000
0.003508,3.089000,2.478000,2.537000,1.872000,0.112000,1.004000,-0.300000,0.537000,-18.400000
0.003556,3.280000,2.493000,2.546000,1.872000,0.112000,1.004000,-0.300000,0.537000,-18.400000
0.003604,3.402000,2.507000,2.561000,1.872000,0.112000,1.004000,-0.300000,0.537000,-18.400000
0.003652,3.441000,2.517000,2.561000,1.872000,0.112000,1.004000,-0.300000,0.537000,-18.400000
0.003696,3.392000,2.537000,2.546000,1.872000,0.112000,1.004000,-0.300000,0.537000,-18.400000
0.003744,3.280000,2.537000,2.537000,1.872000,0.112000,1.004000,-0.300000,0.537000,-18.400000
0.003792,3.089000,2.537000,2.532000,1.872000,0.112000,1.004000,-0.300000,0.537000,-18.400000
0.003836,2.849000,2.537000,2.517000,1.872000,0.112000,1.004000,-0.300000,0.537000,-18.400000
0.003884,2.595000,2.532000,2.498000,1.872000,0.112000,1.004000,-0.300000,0.537000,-18.400000
0.003932,2.326000,2.507000,2.483000,1.872000,0.112000,1.004000,-0.300000,0.537000,-18.400000
0.003976,2.067000,2.498000,2.463000,1.872000,0.112000,1.004000,-0.300000,0.537000,-18.400000
0.004024,1.843000,2.483000,2.444000,1.872000,0.112000,1.004000,-0.300000,0.537000,-18.400000
0.004072,1.681000,2.463000,2.439000,1.872000,0.112000,1.004000,-0.300000,0.537000,-18.400000
0.004124,1.579000,2.439000,2.429000,1.872000,0.112000,1.004000,-0.300000,0.537000,-18.400000
0.004168,1.559000,2.429000,2.429000,1.872000,0.112000,1.004000,-0.300000,0.537000,-18.400000
0.004216,1.637000,2.424000,2.439000,1.872000,0.112000,1.004000,-0.300000,0.537000,-18.400000
0.004264,1.789000,2.424000,2.454000,1.872000,0.112000,1.004000,-0.300000,0.537000,-18.400000
0.004308,1.984000,2.424000,2.463000,1.872000,0.112000,1.004000,-0.300000,0.537000,-18.400000
0.004356,2.224000,2.424000,2.483000,1.872000,0.112000,1.004000,-0.300000,0.537000,-18.400000
0.004400,2.493000,2.439000,2.498000,1.872000,0.112000,1.004000,-0.300000,0.537000,-18.400000
0.004448,2.776000,2.454000,2.507000,1.872000,0.112000,1.004000,-0.300000,0.537000,-18.400000
0.004492,3.006000,2.463000,2.532000,1.872000,0.112000,1.004000,-0.300000,0.537000,-18.400000
0.004540,3.201000,2.493000,2.537000,1.872000,0.112000,1.004000,-0.300000,0.537000,-18.400000
0.004584,3.353000,2.502000,2.546000,1.872000,0.112000,1.004000,-0.300000,0.537000,-18.400000
0.004632,3.421000,2.517000,2.561000,1.872000,0.112000,1.004000,-0.300000,0.537000,-18.400000
0.004680,3.421000,2.532000,2.546000,1.872000,0.112000,1.004000,-0.300000,0.537000,-18.400000
0.004724,3.319000,2.537000,2.537000,1.872000,0.112000,1.004000,-0.300000,0.537000,-18.400000
0.004772,3.162000,2.537000,2.537000,1.872000,0.112000,1.004000,-0.300000,0.537000,-18.400000
0.004816,2.962000,2.537000,2.517000,1.872000,0.112000,1.004000,-0.300000,0.537000,-18.400000
0.004864,2.717000,2.537000,2.502000,1.872000,0.112000,1.004000,-0.300000,0.537000,-18.400000
0.004908,2.439000,2.517000,2.493000,1.872000,0.112000,1.004000,-0.300000,0.537000,-18.400000
0.004956,2.170000,2.502000,2.463000,1.872000,0.112000,1.004000,-0.300000,0.537000,-18.400000
0.005004,1.945000,2.493000,2.463000,1.872000,0.112000,1.004000,-0.300000,0.537000,-18.400000
0.005048,1.755000,2.463000,2.439000,1.872000,0.112000,1.004000,-0.300000,0.537000,-18.400000
0.005096,1.623000,2.463000,2.429000,1.872000,0.112000,1.004000,-0.300000,0.537000,-18.400000
0.005148,1.559000,2.439000,2.429000,1.872000,0.112000,1.004000,-0.300000,0.537000,-18.400000
0.005196,1.598000,2.424000,2.429000,1.872000,0.112000,1.004000,-0.300000,0.537000,-18.400000
0.005240,1.711000,2.424000,2.439000,1.872000,0.112000,1.004000,-0.300000,0.537000,-18.400000
0.005288,1.882000,2.424000,2.463000,1.872000,0.112000,1.004000,-0.300000,0.537000,-18.400000
0.005332,2.111000,2.424000,2.463000,1.872000,0.112000,1.004000,-0.300000,0.537000,-18.400000
0.005380,2.380000,2.429000,2.493000,1.872000,0.112000,1.004000,-0.300000,0.537000,-18.400000
0.005424,2.639000,2.439000,2.502000,1.872000,0.112000,1.004000,-0.300000,0.537000,-18.400000
0.005472,2.908000,2.463000,2.517000,1.872000,0.112000,1.004000,-0.300000,0.537000,-18.400000
0.005516,3.123000,2.483000,2.537000,1.872000,0.112000,1.004000,-0.300000,0.537000,-18.400000
0.005564,3.280000,2.498000,2.537000,1.872000,0.112000,1.004000,-0.300000,0.537000,-18.400000
0.005612,3.402000,2.507000,2.546000,1.872000,0.112000,1.004000,-0.300000,0.537000,-18.400000
0.005656,3.421000,2.522000,2.561000,1.872000,0.112000,1.004000,-0.300000,0.537000,-18.400000
0.005704,3.377000,2.537000,2.546000,1.872000,0.112000,1.004000,-0.300000,0.537000,-18.400000
0.005748,3.265000,2.537000,2.537000,1.872000,0.112000,1.004000,-0.300000,0.537000,-18.400000
0.005796,3.055000,2.537000,2.532000,1.872000,0.112000,1.004000,-0.300000,0.537000,-18.400000
0.005840,2.845000,2.537000,2.507000,1.872000,0.112000,1.004000,-0.300000,0.537000,-18.400000
0.005888,2.571000,2.522000,2.498000,1.872000,0.112000,1.004000,-0.300000,0.537000,-18.400000
0.005936,2.307000,2.507000,2.483000,1.872000,0.112000,1.004000,-0.300000,0.537000,-18.400000
0.005980,2.028000,2.498000,2.463000,1.872000,0.112000,1.004000,-0.300000,0.537000,-18.400000
0.006028,1.813000,2.483000,2.444000,1.872000,0.112000,1.004000,-0.300000,0.537000,-18.400000
0.006072,1.672000,2.463000,2.439000,1.872000,0.112000,1.004000,-0.300000,0.537000,-18.400000
0.006120,1.559000,2.439000,2.429000,1.872000,0.112000,1.004000,-0.300000,0.537000,-18.400000
0.006172,1.559000,2.429000,2.429000,1.872000,0.112000,1.004000,-0.300000,0.537000,-18.400000
0.006220,1.637000,2.424000,2.439000,1.872000,0.112000,1.004000,-0.300000,0.537000,-18.400000
