Channel 1,Channel 2,Channel 3,Channel 4,Channel 5,Channel 6,Channel 7,Channel 8,Channel 9,Channel 10
0.000044,2.703000,2.537000,3.754000,0.550000,0.305000,3.913000,954.200000,7.116000,-16740152.000000
0.000088,2.674000,2.537000,3.343000,0.550000,0.305000,3.913000,954.200000,7.116000,-16740152.000000
0.000136,2.610000,2.537000,2.717000,0.550000,0.305000,3.913000,954.200000,7.116000,-16740152.000000
0.000180,2.537000,2.517000,2.170000,0.550000,0.305000,3.913000,954.200000,7.116000,-16740152.000000
0.000224,2.463000,2.502000,1.720000,0.550000,0.305000,3.913000,954.200000,7.116000,-16740152.000000
0.000272,2.380000,2.483000,1.212000,0.550000,0.305000,3.913000,954.200000,7.116000,-16740152.000000
0.000320,2.307000,2.463000,0.777000,0.550000,0.305000,3.913000,954.200000,7.116000,-16740152.000000
0.000372,2.258000,2.439000,0.469000,0.550000,0.305000,3.913000,954.200000,7.116000,-16740152.000000
0.000424,2.224000,2.429000,0.499000,0.550000,0.305000,3.913000,954.200000,7.116000,-16740152.000000
0.000476,2.234000,2.424000,0.640000,0.550000,0.305000,3.913000,954.200000,7.116000,-16740152.000000
0.000524,2.258000,2.424000,1.095000,0.550000,0.305000,3.913000,954.200000,7.116000,-16740152.000000
0.000576,2.312000,2.424000,1.623000,0.550000,0.305000,3.913000,954.200000,7.116000,-16740152.000000
0.000628,2.380000,2.424000,2.141000,0.550000,0.305000,3.913000,954.200000,7.116000,-16740152.000000
0.000680,2.463000,2.439000,2.796000,0.550000,0.305000,3.913000,954.200000,7.116000,-16740152.000000
0.000728,2.537000,2.463000,3.377000,0.550000,0.305000,3.913000,954.200000,7.116000,-16740152.000000
0.000780,2.639000,2.483000,3.944000,0.550000,0.305000,3.913000,954.200000,7.116000,-16740152.000000
0.000832,2.693000,2.502000,4.238000,0.550000,0.305000,3.913000,954.200000,7.116000,-16740152.000000
0.000880,2.737000,2.517000,4.394000,0.550000,0.305000,3.913000,954.200000,7.116000,-16740152.000000
0.000932,2.752000,2.537000,4.360000,0.550000,0.305000,3.913000,954.200000,7.116000,-16740152.000000
0.000984,2.757000,2.537000,4.282000,0.550000,0.305000,3.913000,954.200000,7.116000,-16740152.000000
0.001040,2.737000,2.537000,3.734000,0.550000,0.305000,3.913000,954.200000,7.116000,-16740152.000000
0.001088,2.654000,2.537000,3.280000,0.550000,0.305000,3.913000,954.200000,7.116000,-16740152.000000
0.001140,2.595000,2.537000,2.674000,0.550000,0.305000,3.913000,954.200000,7.116000,-16740152.000000
0.001192,2.507000,2.517000,2.038000,0.550000,0.305000,3.913000,954.200000,7.116000,-16740152.000000
0.001240,2.424000,2.498000,1.481000,0.550000,0.305000,3.913000,954.200000,7.116000,-16740152.000000
0.001292,2.346000,2.468000,1.095000,0.550000,0.305000,3.913000,954.200000,7.116000,-16740152.000000
0.001344,2.283000,2.463000,0.694000,0.550000,0.305000,3.913000,954.200000,7.116000,-16740152.000000
0.001392,2.243000,2.439000,0.547000,0.550000,0.305000,3.913000,954.200000,7.116000,-16740152.000000
0.001444,2.209000,2.424000,0.777000,0.550000,0.305000,3.913000,954.200000,7.116000,-16740152.000000
0.001492,2.224000,2.424000,0.860000,0.550000,0.305000,3.913000,954.200000,7.116000,-16740152.000000
0.001544,2.283000,2.424000,1.241000,0.550000,0.305000,3.913000,954.200000,7.116000,-16740152.000000
0.001596,2.346000,2.424000,1.755000,0.550000,0.305000,3.913000,954.200000,7.116000,-16740152.000000
0.001644,2.405000,2.429000,2.297000,0.550000,0.305000,3.913000,954.200000,7.116000,-16740152.000000
0.001696,2.493000,2.454000,2.972000,0.550000,0.305000,3.913000,954.200000,7.116000,-16740152.000000
0.001748,2.576000,2.463000,3.587000,0.550000,0.305000,3.913000,954.200000,7.116000,-16740152.000000
0.001796,2.654000,2.493000,3.969000,0.550000,0.305000,3.913000,954.200000,7.116000,-16740152.000000
0.001848,2.717000,2.507000,4.340000,0.550000,0.305000,3.913000,954.200000,7.116000,-16740152.000000
0.001896,2.766000,2.517000,4.394000,0.550000,0.305000,3.913000,954.200000,7.116000,-16740152.000000
0.001948,2.776000,2.537000,4.345000,0.550000,0.305000,3.913000,954.200000,7.116000,-16740152.000000
0.002000,2.752000,2.537000,4.101000,0.550000,0.305000,3.913000,954.200000,7.116000,-16740152.000000
0.002056,2.717000,2.537000,3.680000,0.550000,0.305000,3.913000,954.200000,7.116000,-16740152.000000
0.002104,2.654000,2.537000,3.143000,0.550000,0.305000,3.913000,954.200000,7.116000,-16740152.000000
0.002148,2.576000,2.532000,2.498000,0.550000,0.305000,3.913000,954.200000,7.116000,-16740152.000000
0.002196,2.498000,2.507000,1.950000,0.550000,0.305000,3.913000,954.200000,7.116000,-16740152.000000
0.002244,2.429000,2.498000,1.452000,0.550000,0.305000,3.913000,954.200000,7.116000,-16740152.000000
0.002288,2.346000,2.468000,0.973000,0.550000,0.305000,3.913000,954.200000,7.116000,-16740152.000000
0.002336,2.287000,2.463000,0.743000,0.550000,0.305000,3.913000,954.200000,7.116000,-16740152.000000
0.002384,2.224000,2.439000,0.621000,0.550000,0.305000,3.913000,954.200000,7.116000,-16740152.000000
0.002432,2.224000,2.424000,0.606000,0.550000,0.305000,3.913000,954.200000,7.116000,-16740152.000000
0.002476,2.219000,2.424000,0.762000,0.550000,0.305000,3.913000,954.200000,7.116000,-16740152.000000
0.002524,2.263000,2.424000,1.085000,0.550000,0.305000,3.913000,954.200000,7.116000,-16740152.000000
0.002572,2.307000,2.424000,1.481000,0.550000,0.305000,3.913000,954.200000,7.116000,-16740152.000000
0.002616,2.361000,2.424000,2.028000,0.550000,0.305000,3.913000,954.200000,7.116000,-16740152.000000
0.002664,2.429000,2.439000,2.625000,0.550000,0.305000,3.913000,954.200000,7.116000,-16740152.000000
0.002712,2.517000,2.463000,3.182000,0.550000,0.305000,3.913000,954.200000,7.116000,-16740152.000000
0.002756,2.595000,2.468000,3.671000,0.550000,0.305000,3.913000,954.200000,7.116000,-16740152.000000
0.002804,2.654000,2.493000,4.047000,0.550000,0.305000,3.913000,954.200000,7.116000,-16740152.000000
0.002852,2.727000,2.507000,4.340000,0.550000,0.305000,3.913000,954.200000,7.116000,-16740152.000000
0.002896,2.752000,2.517000,4.399000,0.550000,0.305000,3.913000,954.200000,7.116000,-16740152.000000
0.002944,2.796000,2.537000,4.477000,0.550000,0.305000,3.913000,954.200000,7.116000,-16740152.000000
0.002992,2.766000,2.537000,4.184000,0.550000,0.305000,3.913000,954.200000,7.116000,-16740152.000000
0.003036,2.727000,2.537000,3.822000,0.550000,0.305000,3.913000,954.200000,7.116000,-16740152.000000
0.003088,2.674000,2.537000,3.299000,0.550000,0.305000,3.913000,954.200000,7.116000,-16740152.000000
0.003136,2.595000,2.532000,2.693000,0.550000,0.305000,3.913000,954.200000,7.116000,-16740152.000000
0.003184,2.532000,2.517000,2.151000,0.550000,0.305000,3.913000,954.200000,7.116000,-16740152.000000
0.003228,2.439000,2.498000,1.525000,0.550000,0.305000,3.913000,954.200000,7.116000,-16740152.000000
0.003276,2.361000,2.483000,1.281000,0.550000,0.305000,3.913000,954.200000,7.116000,-16740152.000000
0.003324,2.307000,2.463000,0.748000,0.550000,0.305000,3.913000,954.200000,7.116000,-16740152.000000
0.003368,2.258000,2.439000,0.621000,0.550000,0.305000,3.913000,954.200000,7.116000,-16740152.000000
0.003416,2.224000,2.424000,0.523000,0.550000,0.305000,3.913000,954.200000,7.116000,-16740152.000000
0.003464,2.224000,2.424000,0.694000,0.550000,0.305000,3.913000,954.200000,7.116000,-16740152.000000
0.003508,2.234000,2.424000,0.953000,0.550000,0.305000,3.913000,954.200000,7.116000,-16740152.000000
0.003556,2.283000,2.424000,1.285000,0.550000,0.305000,3.913000,954.200000,7.116000,-16740152.000000
0.003604,2.346000,2.424000,1.877000,0.550000,0.305000,3.913000,954.200000,7.116000,-16740152.000000
0.003652,2.424000,2.429000,2.380000,0.550000,0.305000,3.913000,954.200000,7.116000,-16740152.000000
0.003696,2.493000,2.444000,3.089000,0.550000,0.305000,3.913000,954.200000,7.116000,-16740152.000000
0.003744,2.576000,2.463000,3.602000,0.550000,0.305000,3.913000,954.200000,7.116000,-16740152.000000
0.003792,2.639000,2.483000,3.978000,0.550000,0.305000,3.913000,954.200000,7.116000,-16740152.000000
0.003836,2.703000,2.502000,4.301000,0.550000,0.305000,3.913000,954.200000,7.116000,-16740152.000000
0.003884,2.742000,2.517000,4.448000,0.550000,0.305000,3.913000,954.200000,7.116000,-16740152.000000
0.003932,2.776000,2.537000,4.472000,0.550000,0.305000,3.913000,954.200000,7.116000,-16740152.000000
0.003976,2.776000,2.537000,4.257000,0.550000,0.305000,3.913000,954.200000,7.116000,-16740152.000000
0.004024,2.737000,2.537000,3.905000,0.550000,0.305000,3.913000,954.200000,7.116000,-16740152.000000
0.004072,2.693000,2.537000,3.587000,0.550000,0.305000,3.913000,954.200000,7.116000,-16740152.000000
0.004124,2.620000,2.537000,2.849000,0.550000,0.305000,3.913000,954.200000,7.116000,-16740152.000000
0.004168,2.537000,2.517000,2.273000,0.550000,0.305000,3.913000,954.200000,7.116000,-16740152.000000
0.004216,2.463000,2.502000,1.755000,0.550000,0.305000,3.913000,954.200000,7.116000,-16740152.000000
0.004264,2.390000,2.483000,1.202000,0.550000,0.305000,3.913000,954.200000,7.116000,-16740152.000000
0.004308,2.326000,2.463000,0.997000,0.550000,0.305000,3.913000,954.200000,7.116000,-16740152.000000
0.004356,2.273000,2.454000,0.743000,0.550000,0.305000,3.913000,954.200000,7.116000,-16740152.000000
0.004400,2.234000,2.429000,0.621000,0.550000,0.305000,3.913000,954.200000,7.116000,-16740152.000000
0.004448,2.224000,2.424000,0.587000,0.550000,0.305000,3.913000,954.200000,7.116000,-16740152.000000
0.004492,2.248000,2.424000,0.904000,0.550000,0.305000,3.913000,954.200000,7.116000,-16740152.000000
0.004540,2.263000,2.419000,1.178000,0.550000,0.305000,3.913000,954.200000,7.116000,-16740152.000000
0.004584,2.326000,2.424000,1.711000,0.550000,0.305000,3.913000,954.200000,7.116000,-16740152.000000
0.004632,2.380000,2.424000,2.283000,0.550000,0.305000,3.913000,954.200000,7.116000,-16740152.000000
0.004680,2.463000,2.439000,2.742000,0.550000,0.305000,3.913000,954.200000,7.116000,-16740152.000000
0.004724,2.532000,2.463000,3.377000,0.550000,0.305000,3.913000,954.200000,7.116000,-16740152.000000
0.004772,2.620000,2.478000,3.754000,0.550000,0.305000,3.913000,954.200000,7.116000,-16740152.000000
0.004816,2.674000,2.498000,4.189000,0.550000,0.305000,3.913000,954.200000,7.116000,-16740152.000000
0.004864,2.727000,2.507000,4.257000,0.550000,0.305000,3.913000,954.200000,7.116000,-16740152.000000
0.004908,2.752000,2.522000,4.413000,0.550000,0.305000,3.913000,954.200000,7.116000,-16740152.000000
0.004956,2.776000,2.537000,4.282000,0.550000,0.305000,3.913000,954.200000,7.116000,-16740152.000000
0.005004,2.752000,2.537000,4.047000,0.550000,0.305000,3.913000,954.200000,7.116000,-16740152.000000
0.005048,2.717000,2.537000,3.690000,0.550000,0.305000,3.913000,954.200000,7.116000,-16740152.000000
0.005096,2.654000,2.537000,3.187000,0.550000,0.305000,3.913000,954.200000,7.116000,-16740152.000000
0.005148,2.576000,2.522000,2.483000,0.550000,0.305000,3.913000,954.200000,7.116000,-16740152.000000
0.005196,2.502000,2.507000,1.960000,0.550000,0.305000,3.913000,954.200000,7.116000,-16740152.000000
0.005240,2.424000,2.493000,1.554000,0.550000,0.305000,3.913000,954.200000,7.116000,-16740152.000000
0.005288,2.361000,2.478000,1.149000,0.550000,0.305000,3.913000,954.200000,7.116000,-16740152.000000
0.005332,2.307000,2.463000,0.841000,0.550000,0.305000,3.913000,954.200000,7.116000,-16740152.000000
0.005380,2.258000,2.439000,0.670000,0.550000,0.305000,3.913000,954.200000,7.116000,-16740152.000000
0.005424,2.234000,2.424000,0.709000,0.550000,0.305000,3.913000,954.200000,7.116000,-16740152.000000
0.005472,2.224000,2.424000,0.709000,0.550000,0.305000,3.913000,954.200000,7.116000,-16740152.000000
0.005516,2.248000,2.414000,1.056000,0.550000,0.305000,3.913000,954.200000,7.116000,-16740152.000000
0.005564,2.307000,2.424000,1.442000,0.550000,0.305000,3.913000,954.200000,7.116000,-16740152.000000
0.005612,2.351000,2.424000,1.970000,0.550000,0.305000,3.913000,954.200000,7.116000,-16740152.000000
0.005656,2.424000,2.429000,2.507000,0.550000,0.305000,3.913000,954.200000,7.116000,-16740152.000000
0.005704,2.502000,2.454000,3.006000,0.550000,0.305000,3.913000,954.200000,7.116000,-16740152.000000
0.005748,2.576000,2.463000,3.597000,0.550000,0.305000,3.913000,954.200000,7.116000,-16740152.000000
0.005796,2.654000,2.483000,3.988000,0.550000,0.305000,3.913000,954.200000,7.116000,-16740152.000000
0.005840,2.703000,2.502000,4.301000,0.550000,0.305000,3.913000,954.200000,7.116000,-16740152.000000
0.005888,2.752000,2.517000,4.340000,0.550000,0.305000,3.913000,954.200000,7.116000,-16740152.000000
0.005936,2.776000,2.537000,4.413000,0.550000,0.305000,3.913000,954.200000,7.116000,-16740152.000000
0.005980,2.776000,2.537000,4.110000,0.550000,0.305000,3.913000,954.200000,7.116000,-16740152.000000
0.006028,2.737000,2.537000,3.988000,0.550000,0.305000,3.913000,954.200000,7.116000,-16740152.000000
0.006072,2.693000,2.537000,3.456000,0.550000,0.305000,3.913000,954.200000,7.116000,-16740152.000000
0.006120,2.620000,2.537000,2.908000,0.550000,0.305000,3.913000,954.200000,7.116000,-16740152.000000
0.006172,2.537000,2.517000,2.190000,0.550000,0.305000,3.913000,954.200000,7.116000,-16740152.000000
0.006220,2.463000,2.502000,1.681000,0.550000,0.305000,3.913000,954.200000,7.116000,-16740152.000000
