Channel 1,Channel 2,Channel 3,Channel 4,Channel 5,Channel 6,Channel 7,Channel 8,Channel 9,Channel 10
0.000044,2.688000,2.537000,3.754000,0.428000,0.110000,3.038000,1004.000000,7.103000,-19.800000
0.000088,2.688000,2.537000,3.558000,0.428000,0.110000,3.038000,1004.000000,7.103000,-19.800000
0.000136,2.649000,2.537000,3.162000,0.428000,0.110000,3.038000,1004.000000,7.103000,-19.800000
0.000180,2.595000,2.532000,2.752000,0.428000,0.110000,3.038000,1004.000000,7.103000,-19.800000
0.000224,2.537000,2.517000,2.326000,0.428000,0.110000,3.038000,1004.000000,7.103000,-19.800000
0.000272,2.478000,2.502000,1.950000,0.428000,0.110000,3.038000,1004.000000,7.103000,-19.800000
0.000320,2.414000,2.483000,1.500000,0.428000,0.110000,3.038000,1004.000000,7.103000,-19.800000
0.000372,2.351000,2.463000,1.212000,0.428000,0.110000,3.038000,1004.000000,7.103000,-19.800000
0.000424,2.307000,2.454000,0.953000,0.428000,0.110000,3.038000,1004.000000,7.103000,-19.800000
0.000476,2.283000,2.439000,0.973000,0.428000,0.110000,3.038000,1004.000000,7.103000,-19.800000
0.000524,2.283000,2.429000,1.153000,0.428000,0.110000,3.038000,1004.000000,7.103000,-19.800000
0.000576,2.307000,2.429000,1.369000,0.428000,0.110000,3.038000,1004.000000,7.103000,-19.800000
0.000628,2.346000,2.429000,1.701000,0.428000,0.110000,3.038000,1004.000000,7.103000,-19.800000
0.000680,2.405000,2.439000,2.248000,0.428000,0.110000,3.038000,1004.000000,7.103000,-19.800000
0.000728,2.463000,2.454000,2.620000,0.428000,0.110000,3.038000,1004.000000,7.103000,-19.800000
0.000780,2.532000,2.463000,3.143000,0.428000,0.110000,3.038000,1004.000000,7.103000,-19.800000
0.000832,2.595000,2.483000,3.578000,0.428000,0.110000,3.038000,1004.000000,7.103000,-19.800000
0.000880,2.654000,2.498000,3.837000,0.428000,0.110000,3.038000,1004.000000,7.103000,-19.800000
0.000932,2.678000,2.507000,4.062000,0.428000,0.110000,3.038000,1004.000000,7.103000,-19.800000
0.000984,2.703000,2.517000,3.983000,0.428000,0.110000,3.038000,1004.000000,7.103000,-19.800000
0.001040,2.693000,2.537000,3.759000,0.428000,0.110000,3.038000,1004.000000,7.103000,-19.800000
0.001088,2.688000,2.537000,3.558000,0.428000,0.110000,3.038000,1004.000000,7.103000,-19.800000
0.001140,2.639000,2.537000,3.089000,0.428000,0.110000,3.038000,1004.000000,7.103000,-19.800000
0.001192,2.586000,2.517000,2.625000,0.428000,0.110000,3.038000,1004.000000,7.103000,-19.800000
0.001240,2.517000,2.507000,2.190000,0.428000,0.110000,3.038000,1004.000000,7.103000,-19.800000
0.001292,2.454000,2.498000,1.672000,0.428000,0.110000,3.038000,1004.000000,7.103000,-19.800000
0.001344,2.380000,2.483000,1.344000,0.428000,0.110000,3.038000,1004.000000,7.103000,-19.800000
0.001392,2.346000,2.463000,1.153000,0.428000,0.110000,3.038000,1004.000000,7.103000,-19.800000
0.001444,2.307000,2.444000,0.973000,0.428000,0.110000,3.038000,1004.000000,7.103000,-19.800000
0.001492,2.283000,2.429000,0.982000,0.428000,0.110000,3.038000,1004.000000,7.103000,-19.800000
0.001544,2.283000,2.424000,1.217000,0.428000,0.110000,3.038000,1004.000000,7.103000,-19.800000
0.001596,2.307000,2.424000,1.544000,0.428000,0.110000,3.038000,1004.000000,7.103000,-19.800000
0.001644,2.351000,2.429000,1.882000,0.428000,0.110000,3.038000,1004.000000,7.103000,-19.800000
0.001696,2.424000,2.439000,2.263000,0.428000,0.110000,3.038000,1004.000000,7.103000,-19.800000
0.001748,2.483000,2.454000,2.859000,0.428000,0.110000,3.038000,1004.000000,7.103000,-19.800000
0.001796,2.556000,2.463000,3.343000,0.428000,0.110000,3.038000,1004.000000,7.103000,-19.800000
0.001848,2.620000,2.483000,3.675000,0.428000,0.110000,3.038000,1004.000000,7.103000,-19.800000
0.001896,2.654000,2.502000,3.925000,0.428000,0.110000,3.038000,1004.000000,7.103000,-19.800000
0.001948,2.703000,2.517000,3.993000,0.428000,0.110000,3.038000,1004.000000,7.103000,-19.800000
0.002000,2.717000,2.527000,3.969000,0.428000,0.110000,3.038000,1004.000000,7.103000,-19.800000
0.002056,2.703000,2.537000,3.822000,0.428000,0.110000,3.038000,1004.000000,7.103000,-19.800000
0.002104,2.674000,2.537000,3.475000,0.428000,0.110000,3.038000,1004.000000,7.103000,-19.800000
0.002148,2.639000,2.532000,3.040000,0.428000,0.110000,3.038000,1004.000000,7.103000,-19.800000
0.002196,2.586000,2.517000,2.571000,0.428000,0.110000,3.038000,1004.000000,7.103000,-19.800000
0.002244,2.517000,2.507000,2.111000,0.428000,0.110000,3.038000,1004.000000,7.103000,-19.800000
0.002288,2.454000,2.498000,1.735000,0.428000,0.110000,3.038000,1004.000000,7.103000,-19.800000
0.002336,2.380000,2.483000,1.398000,0.428000,0.110000,3.038000,1004.000000,7.103000,-19.800000
0.002384,2.346000,2.463000,1.095000,0.428000,0.110000,3.038000,1004.000000,7.103000,-19.800000
0.002432,2.307000,2.454000,1.031000,0.428000,0.110000,3.038000,1004.000000,7.103000,-19.800000
0.002476,2.273000,2.439000,0.938000,0.428000,0.110000,3.038000,1004.000000,7.103000,-19.800000
0.002524,2.283000,2.429000,1.095000,0.428000,0.110000,3.038000,1004.000000,7.103000,-19.800000
0.002572,2.307000,2.424000,1.310000,0.428000,0.110000,3.038000,1004.000000,7.103000,-19.800000
0.002616,2.336000,2.424000,1.608000,0.428000,0.110000,3.038000,1004.000000,7.103000,-19.800000
0.002664,2.380000,2.429000,2.028000,0.428000,0.110000,3.038000,1004.000000,7.103000,-19.800000
0.002712,2.439000,2.439000,2.576000,0.428000,0.110000,3.038000,1004.000000,7.103000,-19.800000
0.002756,2.498000,2.463000,2.972000,0.428000,0.110000,3.038000,1004.000000,7.103000,-19.800000
0.002804,2.556000,2.463000,3.368000,0.428000,0.110000,3.038000,1004.000000,7.103000,-19.800000
0.002852,2.620000,2.483000,3.715000,0.428000,0.110000,3.038000,1004.000000,7.103000,-19.800000
0.002896,2.654000,2.502000,3.969000,0.428000,0.110000,3.038000,1004.000000,7.103000,-19.800000
0.002944,2.693000,2.507000,4.027000,0.428000,0.110000,3.038000,1004.000000,7.103000,-19.800000
0.002992,2.713000,2.517000,3.993000,0.428000,0.110000,3.038000,1004.000000,7.103000,-19.800000
0.003036,2.717000,2.532000,3.925000,0.428000,0.110000,3.038000,1004.000000,7.103000,-19.800000
0.003088,2.688000,2.537000,3.597000,0.428000,0.110000,3.038000,1004.000000,7.103000,-19.800000
0.003136,2.639000,2.537000,3.236000,0.428000,0.110000,3.038000,1004.000000,7.103000,-19.800000
0.003184,2.595000,2.532000,2.810000,0.428000,0.110000,3.038000,1004.000000,7.103000,-19.800000
0.003228,2.537000,2.517000,2.326000,0.428000,0.110000,3.038000,1004.000000,7.103000,-19.800000
0.003276,2.483000,2.502000,1.813000,0.428000,0.110000,3.038000,1004.000000,7.103000,-19.800000
0.003324,2.414000,2.483000,1.544000,0.428000,0.110000,3.038000,1004.000000,7.103000,-19.800000
0.003368,2.346000,2.468000,1.212000,0.428000,0.110000,3.038000,1004.000000,7.103000,-19.800000
0.003416,2.312000,2.463000,0.919000,0.428000,0.110000,3.038000,1004.000000,7.103000,-19.800000
0.003464,2.297000,2.439000,0.973000,0.428000,0.110000,3.038000,1004.000000,7.103000,-19.800000
0.003508,2.283000,2.439000,0.968000,0.428000,0.110000,3.038000,1004.000000,7.103000,-19.800000
0.003556,2.307000,2.429000,1.212000,0.428000,0.110000,3.038000,1004.000000,7.103000,-19.800000
0.003604,2.326000,2.429000,1.500000,0.428000,0.110000,3.038000,1004.000000,7.103000,-19.800000
0.003652,2.375000,2.429000,1.911000,0.428000,0.110000,3.038000,1004.000000,7.103000,-19.800000
0.003696,2.424000,2.439000,2.326000,0.428000,0.110000,3.038000,1004.000000,7.103000,-19.800000
0.003744,2.483000,2.463000,2.889000,0.428000,0.110000,3.038000,1004.000000,7.103000,-19.800000
0.003792,2.537000,2.463000,3.221000,0.428000,0.110000,3.038000,1004.000000,7.103000,-19.800000
0.003836,2.595000,2.483000,3.631000,0.428000,0.110000,3.038000,1004.000000,7.103000,-19.800000
0.003884,2.654000,2.498000,3.847000,0.428000,0.110000,3.038000,1004.000000,7.103000,-19.800000
0.003932,2.693000,2.507000,4.027000,0.428000,0.110000,3.038000,1004.000000,7.103000,-19.800000
0.003976,2.717000,2.517000,4.003000,0.428000,0.110000,3.038000,1004.000000,7.103000,-19.800000
0.004024,2.717000,2.537000,3.964000,0.428000,0.110000,3.038000,1004.000000,7.103000,-19.800000
0.004072,2.693000,2.537000,3.715000,0.428000,0.110000,3.038000,1004.000000,7.103000,-19.800000
0.004124,2.654000,2.537000,3.353000,0.428000,0.110000,3.038000,1004.000000,7.103000,-19.800000
0.004168,2.610000,2.532000,2.830000,0.428000,0.110000,3.038000,1004.000000,7.103000,-19.800000
0.004216,2.546000,2.517000,2.517000,0.428000,0.110000,3.038000,1004.000000,7.103000,-19.800000
0.004264,2.498000,2.502000,1.994000,0.428000,0.110000,3.038000,1004.000000,7.103000,-19.800000
0.004308,2.424000,2.493000,1.559000,0.428000,0.110000,3.038000,1004.000000,7.103000,-19.800000
0.004356,2.361000,2.468000,1.188000,0.428000,0.110000,3.038000,1004.000000,7.103000,-19.800000
0.004400,2.326000,2.463000,1.109000,0.428000,0.110000,3.038000,1004.000000,7.103000,-19.800000
0.004448,2.297000,2.439000,0.953000,0.428000,0.110000,3.038000,1004.000000,7.103000,-19.800000
0.004492,2.283000,2.429000,1.031000,0.428000,0.110000,3.038000,1004.000000,7.103000,-19.800000
0.004540,2.297000,2.424000,1.193000,0.428000,0.110000,3.038000,1004.000000,7.103000,-19.800000
0.004584,2.307000,2.424000,1.403000,0.428000,0.110000,3.038000,1004.000000,7.103000,-19.800000
0.004632,2.346000,2.424000,1.725000,0.428000,0.110000,3.038000,1004.000000,7.103000,-19.800000
0.004680,2.405000,2.429000,2.307000,0.428000,0.110000,3.038000,1004.000000,7.103000,-19.800000
0.004724,2.454000,2.439000,2.654000,0.428000,0.110000,3.038000,1004.000000,7.103000,-19.800000
0.004772,2.507000,2.463000,3.050000,0.428000,0.110000,3.038000,1004.000000,7.103000,-19.800000
0.004816,2.576000,2.468000,3.421000,0.428000,0.110000,3.038000,1004.000000,7.103000,-19.800000
0.004864,2.620000,2.483000,3.690000,0.428000,0.110000,3.038000,1004.000000,7.103000,-19.800000
0.004908,2.664000,2.502000,4.008000,0.428000,0.110000,3.038000,1004.000000,7.103000,-19.800000
0.004956,2.693000,2.507000,3.905000,0.428000,0.110000,3.038000,1004.000000,7.103000,-19.800000
0.005004,2.717000,2.522000,4.101000,0.428000,0.110000,3.038000,1004.000000,7.103000,-19.800000
0.005048,2.693000,2.532000,3.822000,0.428000,0.110000,3.038000,1004.000000,7.103000,-19.800000
0.005096,2.688000,2.537000,3.563000,0.428000,0.110000,3.038000,1004.000000,7.103000,-19.800000
0.005148,2.634000,2.532000,3.123000,0.428000,0.110000,3.038000,1004.000000,7.103000,-19.800000
0.005196,2.576000,2.517000,2.693000,0.428000,0.110000,3.038000,1004.000000,7.103000,-19.800000
0.005240,2.517000,2.502000,2.155000,0.428000,0.110000,3.038000,1004.000000,7.103000,-19.800000
0.005288,2.444000,2.498000,1.799000,0.428000,0.110000,3.038000,1004.000000,7.103000,-19.800000
0.005332,2.405000,2.483000,1.422000,0.428000,0.110000,3.038000,1004.000000,7.103000,-19.800000
0.005380,2.346000,2.463000,1.178000,0.428000,0.110000,3.038000,1004.000000,7.103000,-19.800000
0.005424,2.307000,2.454000,0.997000,0.428000,0.110000,3.038000,1004.000000,7.103000,-19.800000
0.005472,2.283000,2.439000,1.056000,0.428000,0.110000,3.038000,1004.000000,7.103000,-19.800000
0.005516,2.283000,2.424000,1.173000,0.428000,0.110000,3.038000,1004.000000,7.103000,-19.800000
0.005564,2.297000,2.424000,1.305000,0.428000,0.110000,3.038000,1004.000000,7.103000,-19.800000
0.005612,2.326000,2.424000,1.632000,0.428000,0.110000,3.038000,1004.000000,7.103000,-19.800000
0.005656,2.361000,2.429000,1.911000,0.428000,0.110000,3.038000,1004.000000,7.103000,-19.800000
0.005704,2.424000,2.439000,2.361000,0.428000,0.110000,3.038000,1004.000000,7.103000,-19.800000
0.005748,2.483000,2.454000,2.874000,0.428000,0.110000,3.038000,1004.000000,7.103000,-19.800000
0.005796,2.537000,2.463000,3.265000,0.428000,0.110000,3.038000,1004.000000,7.103000,-19.800000
0.005840,2.595000,2.483000,3.612000,0.428000,0.110000,3.038000,1004.000000,7.103000,-19.800000
0.005888,2.639000,2.493000,3.715000,0.428000,0.110000,3.038000,1004.000000,7.103000,-19.800000
0.005936,2.688000,2.502000,4.096000,0.428000,0.110000,3.038000,1004.000000,7.103000,-19.800000
0.005980,2.693000,2.517000,3.905000,0.428000,0.110000,3.038000,1004.000000,7.103000,-19.800000
0.006028,2.693000,2.532000,3.925000,0.428000,0.110000,3.038000,1004.000000,7.103000,-19.800000
0.006072,2.674000,2.537000,3.578000,0.428000,0.110000,3.038000,1004.000000,7.103000,-19.800000
0.006120,2.654000,2.532000,3.402000,0.428000,0.110000,3.038000,1004.000000,7.103000,-19.800000
0.006172,2.620000,2.517000,2.952000,0.428000,0.110000,3.038000,1004.000000,7.103000,-19.800000
0.006220,2.537000,2.517000,2.483000,0.428000,0.110000,3.038000,1004.000000,7.103000,-19.800000
