Channel 1,Channel 2,Channel 3,Channel 4,Channel 5,Channel 6,Channel 7,Channel 8,Channel 9,Channel 10
0.000044,1.799000,2.454000,2.439000,1.549000,0.103000,0.122000,1068.400000,0.079000,-19.300000
0.000088,1.735000,2.439000,2.439000,1.549000,0.103000,0.122000,1068.400000,0.079000,-19.300000
0.000136,1.813000,2.439000,2.444000,1.549000,0.103000,0.122000,1068.400000,0.079000,-19.300000
0.000180,1.950000,2.439000,2.463000,1.549000,0.103000,0.122000,1068.400000,0.079000,-19.300000
0.000224,2.141000,2.439000,2.468000,1.549000,0.103000,0.122000,1068.400000,0.079000,-19.300000
0.000272,2.346000,2.439000,2.493000,1.549000,0.103000,0.122000,1068.400000,0.079000,-19.300000
0.000320,2.595000,2.463000,2.502000,1.549000,0.103000,0.122000,1068.400000,0.079000,-19.300000
0.000372,2.830000,2.463000,2.517000,1.549000,0.103000,0.122000,1068.400000,0.079000,-19.300000
0.000424,3.045000,2.483000,2.537000,1.549000,0.103000,0.122000,1068.400000,0.079000,-19.300000
0.000476,3.192000,2.498000,2.537000,1.549000,0.103000,0.122000,1068.400000,0.079000,-19.300000
0.000524,3.265000,2.517000,2.537000,1.549000,0.103000,0.122000,1068.400000,0.079000,-19.300000
0.000576,3.280000,2.532000,2.537000,1.549000,0.103000,0.122000,1068.400000,0.079000,-19.300000
0.000628,3.201000,2.537000,2.537000,1.549000,0.103000,0.122000,1068.400000,0.079000,-19.300000
0.000680,3.055000,2.537000,2.532000,1.549000,0.103000,0.122000,1068.400000,0.079000,-19.300000
0.000728,2.849000,2.537000,2.517000,1.549000,0.103000,0.122000,1068.400000,0.079000,-19.300000
0.000780,2.620000,2.532000,2.502000,1.549000,0.103000,0.122000,1068.400000,0.079000,-19.300000
0.000832,2.375000,2.517000,2.483000,1.549000,0.103000,0.122000,1068.400000,0.079000,-19.300000
0.000880,2.116000,2.502000,2.463000,1.549000,0.103000,0.122000,1068.400000,0.079000,-19.300000
0.000932,1.921000,2.483000,2.463000,1.549000,0.103000,0.122000,1068.400000,0.079000,-19.300000
0.000984,1.799000,2.463000,2.439000,1.549000,0.103000,0.122000,1068.400000,0.079000,-19.300000
0.001040,1.720000,2.454000,2.439000,1.549000,0.103000,0.122000,1068.400000,0.079000,-19.300000
0.001088,1.735000,2.439000,2.439000,1.549000,0.103000,0.122000,1068.400000,0.079000,-19.300000
0.001140,1.838000,2.429000,2.454000,1.549000,0.103000,0.122000,1068.400000,0.079000,-19.300000
0.001192,1.994000,2.429000,2.463000,1.549000,0.103000,0.122000,1068.400000,0.079000,-19.300000
0.001240,2.195000,2.439000,2.468000,1.549000,0.103000,0.122000,1068.400000,0.079000,-19.300000
0.001292,2.439000,2.439000,2.493000,1.549000,0.103000,0.122000,1068.400000,0.079000,-19.300000
0.001344,2.678000,2.463000,2.502000,1.549000,0.103000,0.122000,1068.400000,0.079000,-19.300000
0.001392,2.923000,2.468000,2.517000,1.549000,0.103000,0.122000,1068.400000,0.079000,-19.300000
0.001444,3.094000,2.483000,2.537000,1.549000,0.103000,0.122000,1068.400000,0.079000,-19.300000
0.001492,3.221000,2.502000,2.537000,1.549000,0.103000,0.122000,1068.400000,0.079000,-19.300000
0.001544,3.275000,2.517000,2.537000,1.549000,0.103000,0.122000,1068.400000,0.079000,-19.300000
0.001596,3.250000,2.522000,2.537000,1.549000,0.103000,0.122000,1068.400000,0.079000,-19.300000
0.001644,3.157000,2.532000,2.537000,1.549000,0.103000,0.122000,1068.400000,0.079000,-19.300000
0.001696,2.986000,2.537000,2.532000,1.549000,0.103000,0.122000,1068.400000,0.079000,-19.300000
0.001748,2.781000,2.532000,2.507000,1.549000,0.103000,0.122000,1068.400000,0.079000,-19.300000
0.001796,2.537000,2.517000,2.493000,1.549000,0.103000,0.122000,1068.400000,0.079000,-19.300000
0.001848,2.283000,2.502000,2.478000,1.549000,0.103000,0.122000,1068.400000,0.079000,-19.300000
0.001896,2.067000,2.493000,2.463000,1.549000,0.103000,0.122000,1068.400000,0.079000,-19.300000
0.001948,1.877000,2.478000,2.463000,1.549000,0.103000,0.122000,1068.400000,0.079000,-19.300000
0.002000,1.755000,2.463000,2.439000,1.549000,0.103000,0.122000,1068.400000,0.079000,-19.300000
0.002056,1.720000,2.444000,2.439000,1.549000,0.103000,0.122000,1068.400000,0.079000,-19.300000
0.002104,1.755000,2.439000,2.439000,1.549000,0.103000,0.122000,1068.400000,0.079000,-19.300000
0.002148,1.877000,2.429000,2.463000,1.549000,0.103000,0.122000,1068.400000,0.079000,-19.300000
0.002196,2.014000,2.429000,2.463000,1.549000,0.103000,0.122000,1068.400000,0.079000,-19.300000
0.002244,2.219000,2.429000,2.478000,1.549000,0.103000,0.122000,1068.400000,0.079000,-19.300000
0.002288,2.424000,2.439000,2.493000,1.549000,0.103000,0.122000,1068.400000,0.079000,-19.300000
0.002336,2.654000,2.463000,2.502000,1.549000,0.103000,0.122000,1068.400000,0.079000,-19.300000
0.002384,2.874000,2.463000,2.517000,1.549000,0.103000,0.122000,1068.400000,0.079000,-19.300000
0.002432,3.050000,2.483000,2.532000,1.549000,0.103000,0.122000,1068.400000,0.079000,-19.300000
0.002476,3.187000,2.498000,2.537000,1.549000,0.103000,0.122000,1068.400000,0.079000,-19.300000
0.002524,3.265000,2.507000,2.537000,1.549000,0.103000,0.122000,1068.400000,0.079000,-19.300000
0.002572,3.275000,2.517000,2.537000,1.549000,0.103000,0.122000,1068.400000,0.079000,-19.300000
0.002616,3.211000,2.532000,2.537000,1.549000,0.103000,0.122000,1068.400000,0.079000,-19.300000
0.002664,3.089000,2.537000,2.532000,1.549000,0.103000,0.122000,1068.400000,0.079000,-19.300000
0.002712,2.933000,2.537000,2.532000,1.549000,0.103000,0.122000,1068.400000,0.079000,-19.300000
0.002756,2.722000,2.532000,2.502000,1.549000,0.103000,0.122000,1068.400000,0.079000,-19.300000
0.002804,2.502000,2.517000,2.507000,1.549000,0.103000,0.122000,1068.400000,0.079000,-19.300000
0.002852,2.263000,2.502000,2.463000,1.549000,0.103000,0.122000,1068.400000,0.079000,-19.300000
0.002896,2.067000,2.493000,2.468000,1.549000,0.103000,0.122000,1068.400000,0.079000,-19.300000
0.002944,1.891000,2.478000,2.454000,1.549000,0.103000,0.122000,1068.400000,0.079000,-19.300000
0.002992,1.779000,2.463000,2.439000,1.549000,0.103000,0.122000,1068.400000,0.079000,-19.300000
0.003036,1.720000,2.454000,2.439000,1.549000,0.103000,0.122000,1068.400000,0.079000,-19.300000
0.003088,1.725000,2.439000,2.439000,1.549000,0.103000,0.122000,1068.400000,0.079000,-19.300000
0.003136,1.813000,2.429000,2.439000,1.549000,0.103000,0.122000,1068.400000,0.079000,-19.300000
0.003184,1.950000,2.429000,2.463000,1.549000,0.103000,0.122000,1068.400000,0.079000,-19.300000
0.003228,2.151000,2.429000,2.463000,1.549000,0.103000,0.122000,1068.400000,0.079000,-19.300000
0.003276,2.361000,2.439000,2.493000,1.549000,0.103000,0.122000,1068.400000,0.079000,-19.300000
0.003324,2.576000,2.454000,2.483000,1.549000,0.103000,0.122000,1068.400000,0.079000,-19.300000
0.003368,2.810000,2.463000,2.537000,1.549000,0.103000,0.122000,1068.400000,0.079000,-19.300000
0.003416,3.001000,2.478000,2.532000,1.549000,0.103000,0.122000,1068.400000,0.079000,-19.300000
0.003464,3.157000,2.493000,2.537000,1.549000,0.103000,0.122000,1068.400000,0.079000,-19.300000
0.003508,3.245000,2.502000,2.537000,1.549000,0.103000,0.122000,1068.400000,0.079000,-19.300000
0.003556,3.280000,2.517000,2.556000,1.549000,0.103000,0.122000,1068.400000,0.079000,-19.300000
0.003604,3.245000,2.522000,2.537000,1.549000,0.103000,0.122000,1068.400000,0.079000,-19.300000
0.003652,3.123000,2.532000,2.537000,1.549000,0.103000,0.122000,1068.400000,0.079000,-19.300000
0.003696,2.986000,2.537000,2.517000,1.549000,0.103000,0.122000,1068.400000,0.079000,-19.300000
0.003744,2.796000,2.532000,2.507000,1.549000,0.103000,0.122000,1068.400000,0.079000,-19.300000
0.003792,2.576000,2.517000,2.498000,1.549000,0.103000,0.122000,1068.400000,0.079000,-19.300000
0.003836,2.336000,2.507000,2.483000,1.549000,0.103000,0.122000,1068.400000,0.079000,-19.300000
0.003884,2.116000,2.498000,2.463000,1.549000,0.103000,0.122000,1068.400000,0.079000,-19.300000
0.003932,1.945000,2.483000,2.463000,1.549000,0.103000,0.122000,1068.400000,0.079000,-19.300000
0.003976,1.804000,2.463000,2.439000,1.549000,0.103000,0.122000,1068.400000,0.079000,-19.300000
0.004024,1.725000,2.463000,2.439000,1.549000,0.103000,0.122000,1068.400000,0.079000,-19.300000
0.004072,1.720000,2.439000,2.439000,1.549000,0.103000,0.122000,1068.400000,0.079000,-19.300000
0.004124,1.799000,2.429000,2.454000,1.549000,0.103000,0.122000,1068.400000,0.079000,-19.300000
0.004168,1.911000,2.429000,2.463000,1.549000,0.103000,0.122000,1068.400000,0.079000,-19.300000
0.004216,2.067000,2.429000,2.463000,1.549000,0.103000,0.122000,1068.400000,0.079000,-19.300000
0.004264,2.297000,2.439000,2.483000,1.549000,0.103000,0.122000,1068.400000,0.079000,-19.300000
0.004308,2.517000,2.439000,2.498000,1.549000,0.103000,0.122000,1068.400000,0.079000,-19.300000
0.004356,2.737000,2.463000,2.517000,1.549000,0.103000,0.122000,1068.400000,0.079000,-19.300000
0.004400,2.937000,2.468000,2.522000,1.549000,0.103000,0.122000,1068.400000,0.079000,-19.300000
0.004448,3.109000,2.493000,2.537000,1.549000,0.103000,0.122000,1068.400000,0.079000,-19.300000
0.004492,3.221000,2.502000,2.546000,1.549000,0.103000,0.122000,1068.400000,0.079000,-19.300000
0.004540,3.275000,2.517000,2.537000,1.549000,0.103000,0.122000,1068.400000,0.079000,-19.300000
0.004584,3.265000,2.517000,2.537000,1.549000,0.103000,0.122000,1068.400000,0.079000,-19.300000
0.004632,3.187000,2.532000,2.537000,1.549000,0.103000,0.122000,1068.400000,0.079000,-19.300000
0.004680,3.050000,2.537000,2.532000,1.549000,0.103000,0.122000,1068.400000,0.079000,-19.300000
0.004724,2.874000,2.532000,2.517000,1.549000,0.103000,0.122000,1068.400000,0.079000,-19.300000
0.004772,2.664000,2.517000,2.502000,1.549000,0.103000,0.122000,1068.400000,0.079000,-19.300000
0.004816,2.424000,2.517000,2.493000,1.549000,0.103000,0.122000,1068.400000,0.079000,-19.300000
0.004864,2.204000,2.502000,2.463000,1.549000,0.103000,0.122000,1068.400000,0.079000,-19.300000
0.004908,2.023000,2.493000,2.463000,1.549000,0.103000,0.122000,1068.400000,0.079000,-19.300000
0.004956,1.877000,2.468000,2.454000,1.549000,0.103000,0.122000,1068.400000,0.079000,-19.300000
0.005004,1.755000,2.463000,2.439000,1.549000,0.103000,0.122000,1068.400000,0.079000,-19.300000
0.005048,1.720000,2.439000,2.439000,1.549000,0.103000,0.122000,1068.400000,0.079000,-19.300000
0.005096,1.725000,2.439000,2.439000,1.549000,0.103000,0.122000,1068.400000,0.079000,-19.300000
0.005148,1.857000,2.429000,2.444000,1.549000,0.103000,0.122000,1068.400000,0.079000,-19.300000
0.005196,1.994000,2.429000,2.463000,1.549000,0.103000,0.122000,1068.400000,0.079000,-19.300000
0.005240,2.190000,2.429000,2.463000,1.549000,0.103000,0.122000,1068.400000,0.079000,-19.300000
0.005288,2.414000,2.439000,2.502000,1.549000,0.103000,0.122000,1068.400000,0.079000,-19.300000
0.005332,2.639000,2.454000,2.502000,1.549000,0.103000,0.122000,1068.400000,0.079000,-19.300000
0.005380,2.849000,2.463000,2.517000,1.549000,0.103000,0.122000,1068.400000,0.079000,-19.300000
0.005424,3.030000,2.483000,2.532000,1.549000,0.103000,0.122000,1068.400000,0.079000,-19.300000
0.005472,3.172000,2.498000,2.537000,1.549000,0.103000,0.122000,1068.400000,0.079000,-19.300000
0.005516,3.265000,2.507000,2.537000,1.549000,0.103000,0.122000,1068.400000,0.079000,-19.300000
0.005564,3.280000,2.517000,2.537000,1.549000,0.103000,0.122000,1068.400000,0.079000,-19.300000
0.005612,3.245000,2.532000,2.537000,1.549000,0.103000,0.122000,1068.400000,0.079000,-19.300000
0.005656,3.123000,2.537000,2.537000,1.549000,0.103000,0.122000,1068.400000,0.079000,-19.300000
0.005704,2.972000,2.532000,2.517000,1.549000,0.103000,0.122000,1068.400000,0.079000,-19.300000
0.005748,2.776000,2.532000,2.507000,1.549000,0.103000,0.122000,1068.400000,0.079000,-19.300000
0.005796,2.537000,2.517000,2.498000,1.549000,0.103000,0.122000,1068.400000,0.079000,-19.300000
0.005840,2.312000,2.507000,2.483000,1.549000,0.103000,0.122000,1068.400000,0.079000,-19.300000
0.005888,2.111000,2.498000,2.463000,1.549000,0.103000,0.122000,1068.400000,0.079000,-19.300000
0.005936,1.911000,2.483000,2.463000,1.549000,0.103000,0.122000,1068.400000,0.079000,-19.300000
0.005980,1.799000,2.463000,2.439000,1.549000,0.103000,0.122000,1068.400000,0.079000,-19.300000
0.006028,1.725000,2.454000,2.439000,1.549000,0.103000,0.122000,1068.400000,0.079000,-19.300000
0.006072,1.720000,2.439000,2.439000,1.549000,0.103000,0.122000,1068.400000,0.079000,-19.300000
0.006120,1.779000,2.429000,2.439000,1.549000,0.103000,0.122000,1068.400000,0.079000,-19.300000
0.006172,1.911000,2.429000,2.463000,1.549000,0.103000,0.122000,1068.400000,0.079000,-19.300000
0.006220,2.092000,2.429000,2.463000,1.549000,0.103000,0.122000,1068.400000,0.079000,-19.300000
