Channel 1,Channel 2,Channel 3,Channel 4,Channel 5,Channel 6,Channel 7,Channel 8,Channel 9,Channel 10
0.000044,2.498000,2.498000,1.877000,0.354000,0.103000,2.639000,1016.300000,7.448000,-36.700000
0.000088,2.414000,2.483000,1.486000,0.354000,0.103000,2.639000,1016.300000,7.448000,-36.700000
0.000136,2.361000,2.463000,1.344000,0.354000,0.103000,2.639000,1016.300000,7.448000,-36.700000
0.000180,2.336000,2.463000,1.246000,0.354000,0.103000,2.639000,1016.300000,7.448000,-36.700000
0.000224,2.326000,2.454000,1.163000,0.354000,0.103000,2.639000,1016.300000,7.448000,-36.700000
0.000272,2.326000,2.439000,1.344000,0.354000,0.103000,2.639000,1016.300000,7.448000,-36.700000
0.000320,2.346000,2.429000,1.544000,0.354000,0.103000,2.639000,1016.300000,7.448000,-36.700000
0.000372,2.375000,2.439000,1.828000,0.354000,0.103000,2.639000,1016.300000,7.448000,-36.700000
0.000424,2.414000,2.439000,2.224000,0.354000,0.103000,2.639000,1016.300000,7.448000,-36.700000
0.000476,2.463000,2.463000,2.639000,0.354000,0.103000,2.639000,1016.300000,7.448000,-36.700000
0.000524,2.517000,2.463000,3.094000,0.354000,0.103000,2.639000,1016.300000,7.448000,-36.700000
0.000576,2.576000,2.483000,3.363000,0.354000,0.103000,2.639000,1016.300000,7.448000,-36.700000
0.000628,2.620000,2.498000,3.666000,0.354000,0.103000,2.639000,1016.300000,7.448000,-36.700000
0.000680,2.654000,2.507000,3.768000,0.354000,0.103000,2.639000,1016.300000,7.448000,-36.700000
0.000728,2.674000,2.517000,3.788000,0.354000,0.103000,2.639000,1016.300000,7.448000,-36.700000
0.000780,2.674000,2.517000,3.754000,0.354000,0.103000,2.639000,1016.300000,7.448000,-36.700000
0.000832,2.654000,2.532000,3.495000,0.354000,0.103000,2.639000,1016.300000,7.448000,-36.700000
0.000880,2.625000,2.532000,3.065000,0.354000,0.103000,2.639000,1016.300000,7.448000,-36.700000
0.000932,2.576000,2.517000,2.674000,0.354000,0.103000,2.639000,1016.300000,7.448000,-36.700000
0.000984,2.517000,2.507000,2.204000,0.354000,0.103000,2.639000,1016.300000,7.448000,-36.700000
0.001040,2.463000,2.498000,1.828000,0.354000,0.103000,2.639000,1016.300000,7.448000,-36.700000
0.001088,2.405000,2.483000,1.525000,0.354000,0.103000,2.639000,1016.300000,7.448000,-36.700000
0.001140,2.351000,2.463000,1.246000,0.354000,0.103000,2.639000,1016.300000,7.448000,-36.700000
0.001192,2.331000,2.463000,1.241000,0.354000,0.103000,2.639000,1016.300000,7.448000,-36.700000
0.001240,2.312000,2.439000,1.212000,0.354000,0.103000,2.639000,1016.300000,7.448000,-36.700000
0.001292,2.326000,2.439000,1.310000,0.354000,0.103000,2.639000,1016.300000,7.448000,-36.700000
0.001344,2.346000,2.429000,1.681000,0.354000,0.103000,2.639000,1016.300000,7.448000,-36.700000
0.001392,2.380000,2.439000,1.994000,0.354000,0.103000,2.639000,1016.300000,7.448000,-36.700000
0.001444,2.424000,2.439000,2.424000,0.354000,0.103000,2.639000,1016.300000,7.448000,-36.700000
0.001492,2.493000,2.463000,2.796000,0.354000,0.103000,2.639000,1016.300000,7.448000,-36.700000
0.001544,2.537000,2.468000,3.201000,0.354000,0.103000,2.639000,1016.300000,7.448000,-36.700000
0.001596,2.595000,2.483000,3.514000,0.354000,0.103000,2.639000,1016.300000,7.448000,-36.700000
0.001644,2.639000,2.498000,3.631000,0.354000,0.103000,2.639000,1016.300000,7.448000,-36.700000
0.001696,2.654000,2.507000,3.754000,0.354000,0.103000,2.639000,1016.300000,7.448000,-36.700000
0.001748,2.674000,2.517000,3.754000,0.354000,0.103000,2.639000,1016.300000,7.448000,-36.700000
0.001796,2.674000,2.517000,3.656000,0.354000,0.103000,2.639000,1016.300000,7.448000,-36.700000
0.001848,2.649000,2.532000,3.280000,0.354000,0.103000,2.639000,1016.300000,7.448000,-36.700000
0.001896,2.620000,2.517000,2.937000,0.354000,0.103000,2.639000,1016.300000,7.448000,-36.700000
0.001948,2.561000,2.507000,2.586000,0.354000,0.103000,2.639000,1016.300000,7.448000,-36.700000
0.002000,2.502000,2.502000,2.155000,0.354000,0.103000,2.639000,1016.300000,7.448000,-36.700000
0.002056,2.454000,2.493000,1.755000,0.354000,0.103000,2.639000,1016.300000,7.448000,-36.700000
0.002104,2.390000,2.468000,1.442000,0.354000,0.103000,2.639000,1016.300000,7.448000,-36.700000
0.002148,2.346000,2.463000,1.310000,0.354000,0.103000,2.639000,1016.300000,7.448000,-36.700000
0.002196,2.326000,2.454000,1.285000,0.354000,0.103000,2.639000,1016.300000,7.448000,-36.700000
0.002244,2.312000,2.439000,1.212000,0.354000,0.103000,2.639000,1016.300000,7.448000,-36.700000
0.002288,2.326000,2.429000,1.325000,0.354000,0.103000,2.639000,1016.300000,7.448000,-36.700000
0.002336,2.346000,2.429000,1.559000,0.354000,0.103000,2.639000,1016.300000,7.448000,-36.700000
0.002384,2.375000,2.429000,1.911000,0.354000,0.103000,2.639000,1016.300000,7.448000,-36.700000
0.002432,2.424000,2.439000,2.346000,0.354000,0.103000,2.639000,1016.300000,7.448000,-36.700000
0.002476,2.463000,2.454000,2.571000,0.354000,0.103000,2.639000,1016.300000,7.448000,-36.700000
0.002524,2.517000,2.463000,3.162000,0.354000,0.103000,2.639000,1016.300000,7.448000,-36.700000
0.002572,2.571000,2.468000,3.363000,0.354000,0.103000,2.639000,1016.300000,7.448000,-36.700000
0.002616,2.620000,2.493000,3.578000,0.354000,0.103000,2.639000,1016.300000,7.448000,-36.700000
0.002664,2.654000,2.502000,3.788000,0.354000,0.103000,2.639000,1016.300000,7.448000,-36.700000
0.002712,2.664000,2.507000,3.827000,0.354000,0.103000,2.639000,1016.300000,7.448000,-36.700000
0.002756,2.688000,2.517000,3.768000,0.354000,0.103000,2.639000,1016.300000,7.448000,-36.700000
0.002804,2.664000,2.522000,3.563000,0.354000,0.103000,2.639000,1016.300000,7.448000,-36.700000
0.002852,2.654000,2.532000,3.319000,0.354000,0.103000,2.639000,1016.300000,7.448000,-36.700000
0.002896,2.620000,2.517000,2.972000,0.354000,0.103000,2.639000,1016.300000,7.448000,-36.700000
0.002944,2.561000,2.517000,2.595000,0.354000,0.103000,2.639000,1016.300000,7.448000,-36.700000
0.002992,2.502000,2.502000,2.126000,0.354000,0.103000,2.639000,1016.300000,7.448000,-36.700000
0.003036,2.463000,2.498000,1.799000,0.354000,0.103000,2.639000,1016.300000,7.448000,-36.700000
0.003088,2.414000,2.483000,1.486000,0.354000,0.103000,2.639000,1016.300000,7.448000,-36.700000
0.003136,2.361000,2.463000,1.246000,0.354000,0.103000,2.639000,1016.300000,7.448000,-36.700000
0.003184,2.346000,2.463000,1.246000,0.354000,0.103000,2.639000,1016.300000,7.448000,-36.700000
0.003228,2.326000,2.439000,1.188000,0.354000,0.103000,2.639000,1016.300000,7.448000,-36.700000
0.003276,2.326000,2.429000,1.266000,0.354000,0.103000,2.639000,1016.300000,7.448000,-36.700000
0.003324,2.336000,2.429000,1.486000,0.354000,0.103000,2.639000,1016.300000,7.448000,-36.700000
0.003368,2.351000,2.429000,1.896000,0.354000,0.103000,2.639000,1016.300000,7.448000,-36.700000
0.003416,2.405000,2.439000,2.190000,0.354000,0.103000,2.639000,1016.300000,7.448000,-36.700000
0.003464,2.463000,2.454000,2.532000,0.354000,0.103000,2.639000,1016.300000,7.448000,-36.700000
0.003508,2.502000,2.463000,2.972000,0.354000,0.103000,2.639000,1016.300000,7.448000,-36.700000
0.003556,2.561000,2.468000,3.275000,0.354000,0.103000,2.639000,1016.300000,7.448000,-36.700000
0.003604,2.595000,2.483000,3.558000,0.354000,0.103000,2.639000,1016.300000,7.448000,-36.700000
0.003652,2.649000,2.498000,3.715000,0.354000,0.103000,2.639000,1016.300000,7.448000,-36.700000
0.003696,2.674000,2.507000,3.827000,0.354000,0.103000,2.639000,1016.300000,7.448000,-36.700000
0.003744,2.688000,2.517000,3.719000,0.354000,0.103000,2.639000,1016.300000,7.448000,-36.700000
0.003792,2.688000,2.517000,3.754000,0.354000,0.103000,2.639000,1016.300000,7.448000,-36.700000
0.003836,2.649000,2.532000,3.402000,0.354000,0.103000,2.639000,1016.300000,7.448000,-36.700000
0.003884,2.620000,2.517000,3.055000,0.354000,0.103000,2.639000,1016.300000,7.448000,-36.700000
0.003932,2.576000,2.517000,2.776000,0.354000,0.103000,2.639000,1016.300000,7.448000,-36.700000
0.003976,2.517000,2.502000,2.190000,0.354000,0.103000,2.639000,1016.300000,7.448000,-36.700000
0.004024,2.478000,2.498000,1.970000,0.354000,0.103000,2.639000,1016.300000,7.448000,-36.700000
0.004072,2.424000,2.483000,1.657000,0.354000,0.103000,2.639000,1016.300000,7.448000,-36.700000
0.004124,2.361000,2.463000,1.359000,0.354000,0.103000,2.639000,1016.300000,7.448000,-36.700000
0.004168,2.336000,2.463000,1.266000,0.354000,0.103000,2.639000,1016.300000,7.448000,-36.700000
0.004216,2.326000,2.439000,1.227000,0.354000,0.103000,2.639000,1016.300000,7.448000,-36.700000
0.004264,2.326000,2.439000,1.212000,0.354000,0.103000,2.639000,1016.300000,7.448000,-36.700000
0.004308,2.326000,2.429000,1.486000,0.354000,0.103000,2.639000,1016.300000,7.448000,-36.700000
0.004356,2.346000,2.429000,1.672000,0.354000,0.103000,2.639000,1016.300000,7.448000,-36.700000
0.004400,2.380000,2.429000,1.994000,0.354000,0.103000,2.639000,1016.300000,7.448000,-36.700000
0.004448,2.424000,2.439000,2.424000,0.354000,0.103000,2.639000,1016.300000,7.448000,-36.700000
0.004492,2.483000,2.463000,2.776000,0.354000,0.103000,2.639000,1016.300000,7.448000,-36.700000
0.004540,2.532000,2.463000,3.123000,0.354000,0.103000,2.639000,1016.300000,7.448000,-36.700000
0.004584,2.576000,2.483000,3.470000,0.354000,0.103000,2.639000,1016.300000,7.448000,-36.700000
0.004632,2.620000,2.493000,3.631000,0.354000,0.103000,2.639000,1016.300000,7.448000,-36.700000
0.004680,2.654000,2.502000,3.754000,0.354000,0.103000,2.639000,1016.300000,7.448000,-36.700000
0.004724,2.674000,2.517000,3.827000,0.354000,0.103000,2.639000,1016.300000,7.448000,-36.700000
0.004772,2.674000,2.517000,3.675000,0.354000,0.103000,2.639000,1016.300000,7.448000,-36.700000
0.004816,2.654000,2.517000,3.407000,0.354000,0.103000,2.639000,1016.300000,7.448000,-36.700000
0.004864,2.639000,2.517000,3.157000,0.354000,0.103000,2.639000,1016.300000,7.448000,-36.700000
0.004908,2.595000,2.517000,2.889000,0.354000,0.103000,2.639000,1016.300000,7.448000,-36.700000
0.004956,2.546000,2.517000,2.517000,0.354000,0.103000,2.639000,1016.300000,7.448000,-36.700000
0.005004,2.498000,2.502000,2.067000,0.354000,0.103000,2.639000,1016.300000,7.448000,-36.700000
0.005048,2.439000,2.493000,1.838000,0.354000,0.103000,2.639000,1016.300000,7.448000,-36.700000
0.005096,2.390000,2.478000,1.486000,0.354000,0.103000,2.639000,1016.300000,7.448000,-36.700000
0.005148,2.351000,2.463000,1.246000,0.354000,0.103000,2.639000,1016.300000,7.448000,-36.700000
0.005196,2.336000,2.454000,1.217000,0.354000,0.103000,2.639000,1016.300000,7.448000,-36.700000
0.005240,2.326000,2.439000,1.246000,0.354000,0.103000,2.639000,1016.300000,7.448000,-36.700000
0.005288,2.326000,2.439000,1.285000,0.354000,0.103000,2.639000,1016.300000,7.448000,-36.700000
0.005332,2.346000,2.429000,1.623000,0.354000,0.103000,2.639000,1016.300000,7.448000,-36.700000
0.005380,2.375000,2.429000,1.911000,0.354000,0.103000,2.639000,1016.300000,7.448000,-36.700000
0.005424,2.405000,2.439000,2.263000,0.354000,0.103000,2.639000,1016.300000,7.448000,-36.700000
0.005472,2.463000,2.444000,2.546000,0.354000,0.103000,2.639000,1016.300000,7.448000,-36.700000
0.005516,2.507000,2.463000,2.962000,0.354000,0.103000,2.639000,1016.300000,7.448000,-36.700000
0.005564,2.561000,2.468000,3.377000,0.354000,0.103000,2.639000,1016.300000,7.448000,-36.700000
0.005612,2.610000,2.483000,3.534000,0.354000,0.103000,2.639000,1016.300000,7.448000,-36.700000
0.005656,2.639000,2.498000,3.715000,0.354000,0.103000,2.639000,1016.300000,7.448000,-36.700000
0.005704,2.664000,2.507000,3.705000,0.354000,0.103000,2.639000,1016.300000,7.448000,-36.700000
0.005748,2.674000,2.517000,3.827000,0.354000,0.103000,2.639000,1016.300000,7.448000,-36.700000
0.005796,2.664000,2.517000,3.597000,0.354000,0.103000,2.639000,1016.300000,7.448000,-36.700000
0.005840,2.654000,2.532000,3.377000,0.354000,0.103000,2.639000,1016.300000,7.448000,-36.700000
0.005888,2.620000,2.517000,3.055000,0.354000,0.103000,2.639000,1016.300000,7.448000,-36.700000
0.005936,2.571000,2.517000,2.654000,0.354000,0.103000,2.639000,1016.300000,7.448000,-36.700000
0.005980,2.517000,2.502000,2.361000,0.354000,0.103000,2.639000,1016.300000,7.448000,-36.700000
0.006028,2.468000,2.498000,1.935000,0.354000,0.103000,2.639000,1016.300000,7.448000,-36.700000
0.006072,2.424000,2.483000,1.647000,0.354000,0.103000,2.639000,1016.300000,7.448000,-36.700000
0.006120,2.375000,2.463000,1.403000,0.354000,0.103000,2.639000,1016.300000,7.448000,-36.700000
0.006172,2.346000,2.463000,1.232000,0.354000,0.103000,2.639000,1016.300000,7.448000,-36.700000
0.006220,2.326000,2.439000,1.153000,0.354000,0.103000,2.639000,1016.300000,7.448000,-36.700000
