Channel 1,Channel 2,Channel 3,Channel 4,Channel 5,Channel 6,Channel 7,Channel 8,Channel 9,Channel 10
0.000044,3.421000,2.537000,2.556000,1.950000,1.039000,0.137000,1041.700000,0.070000,-12862291.000000
0.000088,3.441000,2.537000,2.546000,1.950000,1.039000,0.137000,1041.700000,0.070000,-12862291.000000
0.000136,3.319000,2.537000,2.546000,1.950000,1.039000,0.137000,1041.700000,0.070000,-12862291.000000
0.000180,3.123000,2.537000,2.537000,1.950000,1.039000,0.137000,1041.700000,0.070000,-12862291.000000
0.000224,2.884000,2.537000,2.532000,1.950000,1.039000,0.137000,1041.700000,0.070000,-12862291.000000
0.000272,2.620000,2.537000,2.493000,1.950000,1.039000,0.137000,1041.700000,0.070000,-12862291.000000
0.000320,2.307000,2.517000,2.478000,1.950000,1.039000,0.137000,1041.700000,0.070000,-12862291.000000
0.000372,2.014000,2.498000,2.463000,1.950000,1.039000,0.137000,1041.700000,0.070000,-12862291.000000
0.000424,1.755000,2.483000,2.439000,1.950000,1.039000,0.137000,1041.700000,0.070000,-12862291.000000
0.000476,1.598000,2.463000,2.429000,1.950000,1.039000,0.137000,1041.700000,0.070000,-12862291.000000
0.000524,1.525000,2.439000,2.424000,1.950000,1.039000,0.137000,1041.700000,0.070000,-12862291.000000
0.000576,1.544000,2.429000,2.424000,1.950000,1.039000,0.137000,1041.700000,0.070000,-12862291.000000
0.000628,1.657000,2.424000,2.439000,1.950000,1.039000,0.137000,1041.700000,0.070000,-12862291.000000
0.000680,1.877000,2.424000,2.463000,1.950000,1.039000,0.137000,1041.700000,0.070000,-12862291.000000
0.000728,2.126000,2.424000,2.483000,1.950000,1.039000,0.137000,1041.700000,0.070000,-12862291.000000
0.000780,2.439000,2.439000,2.493000,1.950000,1.039000,0.137000,1041.700000,0.070000,-12862291.000000
0.000832,2.742000,2.454000,2.502000,1.950000,1.039000,0.137000,1041.700000,0.070000,-12862291.000000
0.000880,3.030000,2.468000,2.537000,1.950000,1.039000,0.137000,1041.700000,0.070000,-12862291.000000
0.000932,3.275000,2.493000,2.537000,1.950000,1.039000,0.137000,1041.700000,0.070000,-12862291.000000
0.000984,3.421000,2.507000,2.556000,1.950000,1.039000,0.137000,1041.700000,0.070000,-12862291.000000
0.001040,3.485000,2.532000,2.561000,1.950000,1.039000,0.137000,1041.700000,0.070000,-12862291.000000
0.001088,3.441000,2.537000,2.537000,1.950000,1.039000,0.137000,1041.700000,0.070000,-12862291.000000
0.001140,3.289000,2.537000,2.537000,1.950000,1.039000,0.137000,1041.700000,0.070000,-12862291.000000
0.001192,3.065000,2.537000,2.537000,1.950000,1.039000,0.137000,1041.700000,0.070000,-12862291.000000
0.001240,2.796000,2.537000,2.502000,1.950000,1.039000,0.137000,1041.700000,0.070000,-12862291.000000
0.001292,2.493000,2.532000,2.493000,1.950000,1.039000,0.137000,1041.700000,0.070000,-12862291.000000
0.001344,2.190000,2.507000,2.463000,1.950000,1.039000,0.137000,1041.700000,0.070000,-12862291.000000
0.001392,1.911000,2.493000,2.463000,1.950000,1.039000,0.137000,1041.700000,0.070000,-12862291.000000
0.001444,1.681000,2.468000,2.454000,1.950000,1.039000,0.137000,1041.700000,0.070000,-12862291.000000
0.001492,1.559000,2.463000,2.424000,1.950000,1.039000,0.137000,1041.700000,0.070000,-12862291.000000
0.001544,1.500000,2.439000,2.429000,1.950000,1.039000,0.137000,1041.700000,0.070000,-12862291.000000
0.001596,1.559000,2.424000,2.424000,1.950000,1.039000,0.137000,1041.700000,0.070000,-12862291.000000
0.001644,1.720000,2.424000,2.439000,1.950000,1.039000,0.137000,1041.700000,0.070000,-12862291.000000
0.001696,1.935000,2.424000,2.463000,1.950000,1.039000,0.137000,1041.700000,0.070000,-12862291.000000
0.001748,2.224000,2.424000,2.483000,1.950000,1.039000,0.137000,1041.700000,0.070000,-12862291.000000
0.001796,2.537000,2.439000,2.507000,1.950000,1.039000,0.137000,1041.700000,0.070000,-12862291.000000
0.001848,2.830000,2.463000,2.517000,1.950000,1.039000,0.137000,1041.700000,0.070000,-12862291.000000
0.001896,3.109000,2.478000,2.532000,1.950000,1.039000,0.137000,1041.700000,0.070000,-12862291.000000
0.001948,3.319000,2.498000,2.537000,1.950000,1.039000,0.137000,1041.700000,0.070000,-12862291.000000
0.002000,3.446000,2.507000,2.561000,1.950000,1.039000,0.137000,1041.700000,0.070000,-12862291.000000
0.002056,3.475000,2.532000,2.546000,1.950000,1.039000,0.137000,1041.700000,0.070000,-12862291.000000
0.002104,3.421000,2.537000,2.561000,1.950000,1.039000,0.137000,1041.700000,0.070000,-12862291.000000
0.002148,3.265000,2.537000,2.537000,1.950000,1.039000,0.137000,1041.700000,0.070000,-12862291.000000
0.002196,3.050000,2.537000,2.537000,1.950000,1.039000,0.137000,1041.700000,0.070000,-12862291.000000
0.002244,2.796000,2.537000,2.502000,1.950000,1.039000,0.137000,1041.700000,0.070000,-12862291.000000
0.002288,2.498000,2.527000,2.493000,1.950000,1.039000,0.137000,1041.700000,0.070000,-12862291.000000
0.002336,2.224000,2.507000,2.468000,1.950000,1.039000,0.137000,1041.700000,0.070000,-12862291.000000
0.002384,1.950000,2.493000,2.463000,1.950000,1.039000,0.137000,1041.700000,0.070000,-12862291.000000
0.002432,1.735000,2.478000,2.439000,1.950000,1.039000,0.137000,1041.700000,0.070000,-12862291.000000
0.002476,1.598000,2.463000,2.429000,1.950000,1.039000,0.137000,1041.700000,0.070000,-12862291.000000
0.002524,1.525000,2.439000,2.424000,1.950000,1.039000,0.137000,1041.700000,0.070000,-12862291.000000
0.002572,1.525000,2.424000,2.429000,1.950000,1.039000,0.137000,1041.700000,0.070000,-12862291.000000
0.002616,1.623000,2.424000,2.439000,1.950000,1.039000,0.137000,1041.700000,0.070000,-12862291.000000
0.002664,1.789000,2.424000,2.454000,1.950000,1.039000,0.137000,1041.700000,0.070000,-12862291.000000
0.002712,2.014000,2.424000,2.463000,1.950000,1.039000,0.137000,1041.700000,0.070000,-12862291.000000
0.002756,2.287000,2.424000,2.483000,1.950000,1.039000,0.137000,1041.700000,0.070000,-12862291.000000
0.002804,2.571000,2.439000,2.502000,1.950000,1.039000,0.137000,1041.700000,0.070000,-12862291.000000
0.002852,2.849000,2.463000,2.517000,1.950000,1.039000,0.137000,1041.700000,0.070000,-12862291.000000
0.002896,3.094000,2.468000,2.537000,1.950000,1.039000,0.137000,1041.700000,0.070000,-12862291.000000
0.002944,3.314000,2.493000,2.537000,1.950000,1.039000,0.137000,1041.700000,0.070000,-12862291.000000
0.002992,3.421000,2.507000,2.561000,1.950000,1.039000,0.137000,1041.700000,0.070000,-12862291.000000
0.003036,3.485000,2.517000,2.561000,1.950000,1.039000,0.137000,1041.700000,0.070000,-12862291.000000
0.003088,3.446000,2.537000,2.546000,1.950000,1.039000,0.137000,1041.700000,0.070000,-12862291.000000
0.003136,3.319000,2.537000,2.537000,1.950000,1.039000,0.137000,1041.700000,0.070000,-12862291.000000
0.003184,3.109000,2.537000,2.532000,1.950000,1.039000,0.137000,1041.700000,0.070000,-12862291.000000
0.003228,2.874000,2.537000,2.507000,1.950000,1.039000,0.137000,1041.700000,0.070000,-12862291.000000
0.003276,2.586000,2.532000,2.498000,1.950000,1.039000,0.137000,1041.700000,0.070000,-12862291.000000
0.003324,2.307000,2.517000,2.483000,1.950000,1.039000,0.137000,1041.700000,0.070000,-12862291.000000
0.003368,2.028000,2.498000,2.463000,1.950000,1.039000,0.137000,1041.700000,0.070000,-12862291.000000
0.003416,1.799000,2.483000,2.439000,1.950000,1.039000,0.137000,1041.700000,0.070000,-12862291.000000
0.003464,1.632000,2.463000,2.439000,1.950000,1.039000,0.137000,1041.700000,0.070000,-12862291.000000
0.003508,1.525000,2.439000,2.424000,1.950000,1.039000,0.137000,1041.700000,0.070000,-12862291.000000
0.003556,1.525000,2.429000,2.429000,1.950000,1.039000,0.137000,1041.700000,0.070000,-12862291.000000
0.003604,1.579000,2.424000,2.429000,1.950000,1.039000,0.137000,1041.700000,0.070000,-12862291.000000
0.003652,1.720000,2.424000,2.439000,1.950000,1.039000,0.137000,1041.700000,0.070000,-12862291.000000
0.003696,1.950000,2.424000,2.463000,1.950000,1.039000,0.137000,1041.700000,0.070000,-12862291.000000
0.003744,2.195000,2.424000,2.483000,1.950000,1.039000,0.137000,1041.700000,0.070000,-12862291.000000
0.003792,2.493000,2.429000,2.498000,1.950000,1.039000,0.137000,1041.700000,0.070000,-12862291.000000
0.003836,2.776000,2.454000,2.507000,1.950000,1.039000,0.137000,1041.700000,0.070000,-12862291.000000
0.003884,3.040000,2.463000,2.532000,1.950000,1.039000,0.137000,1041.700000,0.070000,-12862291.000000
0.003932,3.245000,2.483000,2.537000,1.950000,1.039000,0.137000,1041.700000,0.070000,-12862291.000000
0.003976,3.402000,2.502000,2.556000,1.950000,1.039000,0.137000,1041.700000,0.070000,-12862291.000000
0.004024,3.475000,2.517000,2.561000,1.950000,1.039000,0.137000,1041.700000,0.070000,-12862291.000000
0.004072,3.475000,2.537000,2.561000,1.950000,1.039000,0.137000,1041.700000,0.070000,-12862291.000000
0.004124,3.358000,2.537000,2.537000,1.950000,1.039000,0.137000,1041.700000,0.070000,-12862291.000000
0.004168,3.172000,2.537000,2.537000,1.950000,1.039000,0.137000,1041.700000,0.070000,-12862291.000000
0.004216,2.947000,2.537000,2.517000,1.950000,1.039000,0.137000,1041.700000,0.070000,-12862291.000000
0.004264,2.674000,2.537000,2.502000,1.950000,1.039000,0.137000,1041.700000,0.070000,-12862291.000000
0.004308,2.375000,2.517000,2.483000,1.950000,1.039000,0.137000,1041.700000,0.070000,-12862291.000000
0.004356,2.111000,2.502000,2.463000,1.950000,1.039000,0.137000,1041.700000,0.070000,-12862291.000000
0.004400,1.877000,2.483000,2.454000,1.950000,1.039000,0.137000,1041.700000,0.070000,-12862291.000000
0.004448,1.681000,2.463000,2.439000,1.950000,1.039000,0.137000,1041.700000,0.070000,-12862291.000000
0.004492,1.559000,2.444000,2.429000,1.950000,1.039000,0.137000,1041.700000,0.070000,-12862291.000000
0.004540,1.500000,2.429000,2.424000,1.950000,1.039000,0.137000,1041.700000,0.070000,-12862291.000000
0.004584,1.544000,2.424000,2.429000,1.950000,1.039000,0.137000,1041.700000,0.070000,-12862291.000000
0.004632,1.657000,2.424000,2.439000,1.950000,1.039000,0.137000,1041.700000,0.070000,-12862291.000000
0.004680,1.843000,2.424000,2.463000,1.950000,1.039000,0.137000,1041.700000,0.070000,-12862291.000000
0.004724,2.092000,2.424000,2.463000,1.950000,1.039000,0.137000,1041.700000,0.070000,-12862291.000000
0.004772,2.380000,2.424000,2.483000,1.950000,1.039000,0.137000,1041.700000,0.070000,-12862291.000000
0.004816,2.654000,2.439000,2.502000,1.950000,1.039000,0.137000,1041.700000,0.070000,-12862291.000000
0.004864,2.933000,2.463000,2.517000,1.950000,1.039000,0.137000,1041.700000,0.070000,-12862291.000000
0.004908,3.157000,2.483000,2.537000,1.950000,1.039000,0.137000,1041.700000,0.070000,-12862291.000000
0.004956,3.353000,2.498000,2.537000,1.950000,1.039000,0.137000,1041.700000,0.070000,-12862291.000000
0.005004,3.456000,2.517000,2.561000,1.950000,1.039000,0.137000,1041.700000,0.070000,-12862291.000000
0.005048,3.485000,2.532000,2.561000,1.950000,1.039000,0.137000,1041.700000,0.070000,-12862291.000000
0.005096,3.441000,2.537000,2.546000,1.950000,1.039000,0.137000,1041.700000,0.070000,-12862291.000000
0.005148,3.275000,2.537000,2.537000,1.950000,1.039000,0.137000,1041.700000,0.070000,-12862291.000000
0.005196,3.065000,2.537000,2.532000,1.950000,1.039000,0.137000,1041.700000,0.070000,-12862291.000000
0.005240,2.805000,2.537000,2.507000,1.950000,1.039000,0.137000,1041.700000,0.070000,-12862291.000000
0.005288,2.522000,2.522000,2.493000,1.950000,1.039000,0.137000,1041.700000,0.070000,-12862291.000000
0.005332,2.248000,2.507000,2.468000,1.950000,1.039000,0.137000,1041.700000,0.070000,-12862291.000000
0.005380,1.984000,2.498000,2.463000,1.950000,1.039000,0.137000,1041.700000,0.070000,-12862291.000000
0.005424,1.755000,2.468000,2.439000,1.950000,1.039000,0.137000,1041.700000,0.070000,-12862291.000000
0.005472,1.598000,2.463000,2.429000,1.950000,1.039000,0.137000,1041.700000,0.070000,-12862291.000000
0.005516,1.525000,2.439000,2.424000,1.950000,1.039000,0.137000,1041.700000,0.070000,-12862291.000000
0.005564,1.525000,2.424000,2.424000,1.950000,1.039000,0.137000,1041.700000,0.070000,-12862291.000000
0.005612,1.598000,2.424000,2.429000,1.950000,1.039000,0.137000,1041.700000,0.070000,-12862291.000000
0.005656,1.755000,2.424000,2.439000,1.950000,1.039000,0.137000,1041.700000,0.070000,-12862291.000000
0.005704,1.970000,2.424000,2.463000,1.950000,1.039000,0.137000,1041.700000,0.070000,-12862291.000000
0.005748,2.224000,2.424000,2.483000,1.950000,1.039000,0.137000,1041.700000,0.070000,-12862291.000000
0.005796,2.507000,2.429000,2.498000,1.950000,1.039000,0.137000,1041.700000,0.070000,-12862291.000000
0.005840,2.796000,2.454000,2.517000,1.950000,1.039000,0.137000,1041.700000,0.070000,-12862291.000000
0.005888,3.050000,2.463000,2.532000,1.950000,1.039000,0.137000,1041.700000,0.070000,-12862291.000000
0.005936,3.265000,2.493000,2.537000,1.950000,1.039000,0.137000,1041.700000,0.070000,-12862291.000000
0.005980,3.402000,2.502000,2.546000,1.950000,1.039000,0.137000,1041.700000,0.070000,-12862291.000000
0.006028,3.475000,2.517000,2.561000,1.950000,1.039000,0.137000,1041.700000,0.070000,-12862291.000000
0.006072,3.470000,2.537000,2.561000,1.950000,1.039000,0.137000,1041.700000,0.070000,-12862291.000000
0.006120,3.363000,2.537000,2.537000,1.950000,1.039000,0.137000,1041.700000,0.070000,-12862291.000000
0.006172,3.187000,2.537000,2.537000,1.950000,1.039000,0.137000,1041.700000,0.070000,-12862291.000000
0.006220,2.937000,2.537000,2.517000,1.950000,1.039000,0.137000,1041.700000,0.070000,-12862291.000000
