Channel 1,Channel 2,Channel 3,Channel 4,Channel 5,Channel 6,Channel 7,Channel 8,Channel 9,Channel 10
0.000044,2.507000,2.517000,2.141000,0.491000,0.315000,3.509000,992.100000,7.144000,-16371039.000000
0.000088,2.429000,2.498000,1.515000,0.491000,0.315000,3.509000,992.100000,7.144000,-16371039.000000
0.000136,2.380000,2.483000,1.246000,0.491000,0.315000,3.509000,992.100000,7.144000,-16371039.000000
0.000180,2.312000,2.463000,0.816000,0.491000,0.315000,3.509000,992.100000,7.144000,-16371039.000000
0.000224,2.273000,2.454000,0.904000,0.491000,0.315000,3.509000,992.100000,7.144000,-16371039.000000
0.000272,2.248000,2.429000,0.811000,0.491000,0.315000,3.509000,992.100000,7.144000,-16371039.000000
0.000320,2.258000,2.424000,0.841000,0.491000,0.315000,3.509000,992.100000,7.144000,-16371039.000000
0.000372,2.283000,2.424000,1.124000,0.491000,0.315000,3.509000,992.100000,7.144000,-16371039.000000
0.000424,2.312000,2.424000,1.701000,0.491000,0.315000,3.509000,992.100000,7.144000,-16371039.000000
0.000476,2.380000,2.429000,2.195000,0.491000,0.315000,3.509000,992.100000,7.144000,-16371039.000000
0.000524,2.463000,2.439000,2.678000,0.491000,0.315000,3.509000,992.100000,7.144000,-16371039.000000
0.000576,2.532000,2.463000,3.245000,0.491000,0.315000,3.509000,992.100000,7.144000,-16371039.000000
0.000628,2.620000,2.483000,3.715000,0.491000,0.315000,3.509000,992.100000,7.144000,-16371039.000000
0.000680,2.664000,2.498000,4.062000,0.491000,0.315000,3.509000,992.100000,7.144000,-16371039.000000
0.000728,2.717000,2.517000,4.174000,0.491000,0.315000,3.509000,992.100000,7.144000,-16371039.000000
0.000780,2.737000,2.537000,4.257000,0.491000,0.315000,3.509000,992.100000,7.144000,-16371039.000000
0.000832,2.737000,2.537000,4.140000,0.491000,0.315000,3.509000,992.100000,7.144000,-16371039.000000
0.000880,2.703000,2.537000,3.754000,0.491000,0.315000,3.509000,992.100000,7.144000,-16371039.000000
0.000932,2.664000,2.537000,3.250000,0.491000,0.315000,3.509000,992.100000,7.144000,-16371039.000000
0.000984,2.595000,2.537000,2.732000,0.491000,0.315000,3.509000,992.100000,7.144000,-16371039.000000
0.001040,2.517000,2.517000,2.067000,0.491000,0.315000,3.509000,992.100000,7.144000,-16371039.000000
0.001088,2.444000,2.498000,1.598000,0.491000,0.315000,3.509000,992.100000,7.144000,-16371039.000000
0.001140,2.361000,2.483000,1.173000,0.491000,0.315000,3.509000,992.100000,7.144000,-16371039.000000
0.001192,2.307000,2.463000,0.953000,0.491000,0.315000,3.509000,992.100000,7.144000,-16371039.000000
0.001240,2.263000,2.439000,0.777000,0.491000,0.315000,3.509000,992.100000,7.144000,-16371039.000000
0.001292,2.248000,2.424000,0.816000,0.491000,0.315000,3.509000,992.100000,7.144000,-16371039.000000
0.001344,2.263000,2.424000,0.997000,0.491000,0.315000,3.509000,992.100000,7.144000,-16371039.000000
0.001392,2.307000,2.424000,1.437000,0.491000,0.315000,3.509000,992.100000,7.144000,-16371039.000000
0.001444,2.346000,2.424000,1.838000,0.491000,0.315000,3.509000,992.100000,7.144000,-16371039.000000
0.001492,2.424000,2.429000,2.439000,0.491000,0.315000,3.509000,992.100000,7.144000,-16371039.000000
0.001544,2.483000,2.454000,3.001000,0.491000,0.315000,3.509000,992.100000,7.144000,-16371039.000000
0.001596,2.576000,2.463000,3.446000,0.491000,0.315000,3.509000,992.100000,7.144000,-16371039.000000
0.001644,2.634000,2.483000,3.900000,0.491000,0.315000,3.509000,992.100000,7.144000,-16371039.000000
0.001696,2.693000,2.502000,4.140000,0.491000,0.315000,3.509000,992.100000,7.144000,-16371039.000000
0.001748,2.727000,2.517000,4.301000,0.491000,0.315000,3.509000,992.100000,7.144000,-16371039.000000
0.001796,2.742000,2.537000,4.184000,0.491000,0.315000,3.509000,992.100000,7.144000,-16371039.000000
0.001848,2.742000,2.537000,4.101000,0.491000,0.315000,3.509000,992.100000,7.144000,-16371039.000000
0.001896,2.693000,2.537000,3.656000,0.491000,0.315000,3.509000,992.100000,7.144000,-16371039.000000
0.001948,2.649000,2.537000,3.172000,0.491000,0.315000,3.509000,992.100000,7.144000,-16371039.000000
0.002000,2.576000,2.532000,2.537000,0.491000,0.315000,3.509000,992.100000,7.144000,-16371039.000000
0.002056,2.498000,2.507000,1.891000,0.491000,0.315000,3.509000,992.100000,7.144000,-16371039.000000
0.002104,2.414000,2.493000,1.383000,0.491000,0.315000,3.509000,992.100000,7.144000,-16371039.000000
0.002148,2.346000,2.468000,1.056000,0.491000,0.315000,3.509000,992.100000,7.144000,-16371039.000000
0.002196,2.307000,2.463000,0.816000,0.491000,0.315000,3.509000,992.100000,7.144000,-16371039.000000
0.002244,2.263000,2.439000,0.816000,0.491000,0.315000,3.509000,992.100000,7.144000,-16371039.000000
0.002288,2.248000,2.424000,0.743000,0.491000,0.315000,3.509000,992.100000,7.144000,-16371039.000000
0.002336,2.248000,2.424000,0.929000,0.491000,0.315000,3.509000,992.100000,7.144000,-16371039.000000
0.002384,2.283000,2.424000,1.310000,0.491000,0.315000,3.509000,992.100000,7.144000,-16371039.000000
0.002432,2.326000,2.424000,1.657000,0.491000,0.315000,3.509000,992.100000,7.144000,-16371039.000000
0.002476,2.380000,2.424000,2.224000,0.491000,0.315000,3.509000,992.100000,7.144000,-16371039.000000
0.002524,2.463000,2.439000,2.727000,0.491000,0.315000,3.509000,992.100000,7.144000,-16371039.000000
0.002572,2.537000,2.463000,3.187000,0.491000,0.315000,3.509000,992.100000,7.144000,-16371039.000000
0.002616,2.595000,2.478000,3.631000,0.491000,0.315000,3.509000,992.100000,7.144000,-16371039.000000
0.002664,2.654000,2.493000,3.944000,0.491000,0.315000,3.509000,992.100000,7.144000,-16371039.000000
0.002712,2.703000,2.507000,4.238000,0.491000,0.315000,3.509000,992.100000,7.144000,-16371039.000000
0.002756,2.742000,2.517000,4.306000,0.491000,0.315000,3.509000,992.100000,7.144000,-16371039.000000
0.002804,2.742000,2.537000,4.223000,0.491000,0.315000,3.509000,992.100000,7.144000,-16371039.000000
0.002852,2.727000,2.537000,4.032000,0.491000,0.315000,3.509000,992.100000,7.144000,-16371039.000000
0.002896,2.693000,2.537000,3.578000,0.491000,0.315000,3.509000,992.100000,7.144000,-16371039.000000
0.002944,2.654000,2.537000,3.123000,0.491000,0.315000,3.509000,992.100000,7.144000,-16371039.000000
0.002992,2.576000,2.532000,2.586000,0.491000,0.315000,3.509000,992.100000,7.144000,-16371039.000000
0.003036,2.517000,2.507000,2.048000,0.491000,0.315000,3.509000,992.100000,7.144000,-16371039.000000
0.003088,2.439000,2.498000,1.579000,0.491000,0.315000,3.509000,992.100000,7.144000,-16371039.000000
0.003136,2.361000,2.478000,1.075000,0.491000,0.315000,3.509000,992.100000,7.144000,-16371039.000000
0.003184,2.307000,2.463000,0.904000,0.491000,0.315000,3.509000,992.100000,7.144000,-16371039.000000
0.003228,2.263000,2.439000,0.787000,0.491000,0.315000,3.509000,992.100000,7.144000,-16371039.000000
0.003276,2.243000,2.429000,0.762000,0.491000,0.315000,3.509000,992.100000,7.144000,-16371039.000000
0.003324,2.248000,2.424000,0.860000,0.491000,0.315000,3.509000,992.100000,7.144000,-16371039.000000
0.003368,2.263000,2.424000,1.212000,0.491000,0.315000,3.509000,992.100000,7.144000,-16371039.000000
0.003416,2.312000,2.424000,1.598000,0.491000,0.315000,3.509000,992.100000,7.144000,-16371039.000000
0.003464,2.361000,2.424000,2.028000,0.491000,0.315000,3.509000,992.100000,7.144000,-16371039.000000
0.003508,2.439000,2.439000,2.649000,0.491000,0.315000,3.509000,992.100000,7.144000,-16371039.000000
0.003556,2.502000,2.463000,3.123000,0.491000,0.315000,3.509000,992.100000,7.144000,-16371039.000000
0.003604,2.576000,2.463000,3.500000,0.491000,0.315000,3.509000,992.100000,7.144000,-16371039.000000
0.003652,2.639000,2.483000,3.812000,0.491000,0.315000,3.509000,992.100000,7.144000,-16371039.000000
0.003696,2.693000,2.502000,4.101000,0.491000,0.315000,3.509000,992.100000,7.144000,-16371039.000000
0.003744,2.737000,2.517000,4.301000,0.491000,0.315000,3.509000,992.100000,7.144000,-16371039.000000
0.003792,2.752000,2.532000,4.306000,0.491000,0.315000,3.509000,992.100000,7.144000,-16371039.000000
0.003836,2.737000,2.537000,3.988000,0.491000,0.315000,3.509000,992.100000,7.144000,-16371039.000000
0.003884,2.713000,2.537000,3.754000,0.491000,0.315000,3.509000,992.100000,7.144000,-16371039.000000
0.003932,2.654000,2.537000,3.319000,0.491000,0.315000,3.509000,992.100000,7.144000,-16371039.000000
0.003976,2.595000,2.532000,2.776000,0.491000,0.315000,3.509000,992.100000,7.144000,-16371039.000000
0.004024,2.537000,2.517000,2.307000,0.491000,0.315000,3.509000,992.100000,7.144000,-16371039.000000
0.004072,2.463000,2.498000,1.755000,0.491000,0.315000,3.509000,992.100000,7.144000,-16371039.000000
0.004124,2.380000,2.483000,1.285000,0.491000,0.315000,3.509000,992.100000,7.144000,-16371039.000000
0.004168,2.326000,2.463000,0.929000,0.491000,0.315000,3.509000,992.100000,7.144000,-16371039.000000
0.004216,2.273000,2.439000,0.899000,0.491000,0.315000,3.509000,992.100000,7.144000,-16371039.000000
0.004264,2.263000,2.429000,0.816000,0.491000,0.315000,3.509000,992.100000,7.144000,-16371039.000000
0.004308,2.258000,2.424000,0.899000,0.491000,0.315000,3.509000,992.100000,7.144000,-16371039.000000
0.004356,2.263000,2.424000,1.046000,0.491000,0.315000,3.509000,992.100000,7.144000,-16371039.000000
0.004400,2.307000,2.424000,1.466000,0.491000,0.315000,3.509000,992.100000,7.144000,-16371039.000000
0.004448,2.346000,2.424000,1.877000,0.491000,0.315000,3.509000,992.100000,7.144000,-16371039.000000
0.004492,2.419000,2.429000,2.405000,0.491000,0.315000,3.509000,992.100000,7.144000,-16371039.000000
0.004540,2.483000,2.439000,2.933000,0.491000,0.315000,3.509000,992.100000,7.144000,-16371039.000000
0.004584,2.537000,2.463000,3.250000,0.491000,0.315000,3.509000,992.100000,7.144000,-16371039.000000
0.004632,2.620000,2.483000,3.773000,0.491000,0.315000,3.509000,992.100000,7.144000,-16371039.000000
0.004680,2.683000,2.498000,4.027000,0.491000,0.315000,3.509000,992.100000,7.144000,-16371039.000000
0.004724,2.713000,2.507000,4.228000,0.491000,0.315000,3.509000,992.100000,7.144000,-16371039.000000
0.004772,2.737000,2.522000,4.203000,0.491000,0.315000,3.509000,992.100000,7.144000,-16371039.000000
0.004816,2.737000,2.537000,4.101000,0.491000,0.315000,3.509000,992.100000,7.144000,-16371039.000000
0.004864,2.717000,2.537000,3.827000,0.491000,0.315000,3.509000,992.100000,7.144000,-16371039.000000
0.004908,2.688000,2.537000,3.514000,0.491000,0.315000,3.509000,992.100000,7.144000,-16371039.000000
0.004956,2.634000,2.537000,3.006000,0.491000,0.315000,3.509000,992.100000,7.144000,-16371039.000000
0.005004,2.576000,2.517000,2.537000,0.491000,0.315000,3.509000,992.100000,7.144000,-16371039.000000
0.005048,2.498000,2.502000,2.014000,0.491000,0.315000,3.509000,992.100000,7.144000,-16371039.000000
0.005096,2.424000,2.493000,1.525000,0.491000,0.315000,3.509000,992.100000,7.144000,-16371039.000000
0.005148,2.346000,2.463000,1.129000,0.491000,0.315000,3.509000,992.100000,7.144000,-16371039.000000
0.005196,2.307000,2.463000,0.846000,0.491000,0.315000,3.509000,992.100000,7.144000,-16371039.000000
0.005240,2.263000,2.439000,0.855000,0.491000,0.315000,3.509000,992.100000,7.144000,-16371039.000000
0.005288,2.258000,2.424000,0.797000,0.491000,0.315000,3.509000,992.100000,7.144000,-16371039.000000
0.005332,2.263000,2.424000,1.046000,0.491000,0.315000,3.509000,992.100000,7.144000,-16371039.000000
0.005380,2.273000,2.424000,1.129000,0.491000,0.315000,3.509000,992.100000,7.144000,-16371039.000000
0.005424,2.326000,2.424000,1.720000,0.491000,0.315000,3.509000,992.100000,7.144000,-16371039.000000
0.005472,2.380000,2.424000,2.116000,0.491000,0.315000,3.509000,992.100000,7.144000,-16371039.000000
0.005516,2.454000,2.439000,2.620000,0.491000,0.315000,3.509000,992.100000,7.144000,-16371039.000000
0.005564,2.517000,2.463000,3.265000,0.491000,0.315000,3.509000,992.100000,7.144000,-16371039.000000
0.005612,2.586000,2.468000,3.558000,0.491000,0.315000,3.509000,992.100000,7.144000,-16371039.000000
0.005656,2.649000,2.493000,3.939000,0.491000,0.315000,3.509000,992.100000,7.144000,-16371039.000000
0.005704,2.693000,2.502000,4.101000,0.491000,0.315000,3.509000,992.100000,7.144000,-16371039.000000
0.005748,2.727000,2.517000,4.213000,0.491000,0.315000,3.509000,992.100000,7.144000,-16371039.000000
0.005796,2.737000,2.532000,4.101000,0.491000,0.315000,3.509000,992.100000,7.144000,-16371039.000000
0.005840,2.737000,2.537000,3.969000,0.491000,0.315000,3.509000,992.100000,7.144000,-16371039.000000
0.005888,2.703000,2.537000,3.641000,0.491000,0.315000,3.509000,992.100000,7.144000,-16371039.000000
0.005936,2.654000,2.537000,3.280000,0.491000,0.315000,3.509000,992.100000,7.144000,-16371039.000000
0.005980,2.595000,2.532000,2.766000,0.491000,0.315000,3.509000,992.100000,7.144000,-16371039.000000
0.006028,2.532000,2.517000,2.190000,0.491000,0.315000,3.509000,992.100000,7.144000,-16371039.000000
0.006072,2.463000,2.498000,1.711000,0.491000,0.315000,3.509000,992.100000,7.144000,-16371039.000000
0.006120,2.380000,2.483000,1.266000,0.491000,0.315000,3.509000,992.100000,7.144000,-16371039.000000
0.006172,2.326000,2.463000,1.007000,0.491000,0.315000,3.509000,992.100000,7.144000,-16371039.000000
0.006220,2.263000,2.439000,0.816000,0.491000,0.315000,3.509000,992.100000,7.144000,-16371039.000000
