Channel 1,Channel 2,Channel 3,Channel 4,Channel 5,Channel 6,Channel 7,Channel 8,Channel 9,Channel 10
0.000044,2.151000,2.502000,2.463000,2.036000,0.112000,0.142000,1068.400000,0.070000,-18.400000
0.000088,1.838000,2.493000,2.454000,2.036000,0.112000,0.142000,1068.400000,0.070000,-18.400000
0.000136,1.637000,2.468000,2.429000,2.036000,0.112000,0.142000,1068.400000,0.070000,-18.400000
0.000180,1.525000,2.463000,2.424000,2.036000,0.112000,0.142000,1068.400000,0.070000,-18.400000
0.000224,1.486000,2.429000,2.424000,2.036000,0.112000,0.142000,1068.400000,0.070000,-18.400000
0.000272,1.525000,2.424000,2.424000,2.036000,0.112000,0.142000,1068.400000,0.070000,-18.400000
0.000320,1.647000,2.424000,2.439000,2.036000,0.112000,0.142000,1068.400000,0.070000,-18.400000
0.000372,1.877000,2.424000,2.463000,2.036000,0.112000,0.142000,1068.400000,0.070000,-18.400000
0.000424,2.151000,2.424000,2.468000,2.036000,0.112000,0.142000,1068.400000,0.070000,-18.400000
0.000476,2.483000,2.439000,2.498000,2.036000,0.112000,0.142000,1068.400000,0.070000,-18.400000
0.000524,2.810000,2.463000,2.517000,2.036000,0.112000,0.142000,1068.400000,0.070000,-18.400000
0.000576,3.109000,2.468000,2.537000,2.036000,0.112000,0.142000,1068.400000,0.070000,-18.400000
0.000628,3.319000,2.498000,2.546000,2.036000,0.112000,0.142000,1068.400000,0.070000,-18.400000
0.000680,3.475000,2.507000,2.561000,2.036000,0.112000,0.142000,1068.400000,0.070000,-18.400000
0.000728,3.514000,2.532000,2.561000,2.036000,0.112000,0.142000,1068.400000,0.070000,-18.400000
0.000780,3.470000,2.537000,2.561000,2.036000,0.112000,0.142000,1068.400000,0.070000,-18.400000
0.000832,3.319000,2.537000,2.537000,2.036000,0.112000,0.142000,1068.400000,0.070000,-18.400000
0.000880,3.089000,2.537000,2.532000,2.036000,0.112000,0.142000,1068.400000,0.070000,-18.400000
0.000932,2.776000,2.537000,2.507000,2.036000,0.112000,0.142000,1068.400000,0.070000,-18.400000
0.000984,2.463000,2.532000,2.493000,2.036000,0.112000,0.142000,1068.400000,0.070000,-18.400000
0.001040,2.151000,2.502000,2.463000,2.036000,0.112000,0.142000,1068.400000,0.070000,-18.400000
0.001088,1.838000,2.483000,2.454000,2.036000,0.112000,0.142000,1068.400000,0.070000,-18.400000
0.001140,1.623000,2.463000,2.429000,2.036000,0.112000,0.142000,1068.400000,0.070000,-18.400000
0.001192,1.515000,2.454000,2.424000,2.036000,0.112000,0.142000,1068.400000,0.070000,-18.400000
0.001240,1.481000,2.429000,2.424000,2.036000,0.112000,0.142000,1068.400000,0.070000,-18.400000
0.001292,1.559000,2.424000,2.429000,2.036000,0.112000,0.142000,1068.400000,0.070000,-18.400000
0.001344,1.725000,2.424000,2.439000,2.036000,0.112000,0.142000,1068.400000,0.070000,-18.400000
0.001392,1.984000,2.424000,2.463000,2.036000,0.112000,0.142000,1068.400000,0.070000,-18.400000
0.001444,2.263000,2.424000,2.483000,2.036000,0.112000,0.142000,1068.400000,0.070000,-18.400000
0.001492,2.610000,2.439000,2.502000,2.036000,0.112000,0.142000,1068.400000,0.070000,-18.400000
0.001544,2.923000,2.463000,2.517000,2.036000,0.112000,0.142000,1068.400000,0.070000,-18.400000
0.001596,3.187000,2.483000,2.537000,2.036000,0.112000,0.142000,1068.400000,0.070000,-18.400000
0.001644,3.392000,2.498000,2.561000,2.036000,0.112000,0.142000,1068.400000,0.070000,-18.400000
0.001696,3.500000,2.517000,2.561000,2.036000,0.112000,0.142000,1068.400000,0.070000,-18.400000
0.001748,3.524000,2.537000,2.561000,2.036000,0.112000,0.142000,1068.400000,0.070000,-18.400000
0.001796,3.441000,2.537000,2.561000,2.036000,0.112000,0.142000,1068.400000,0.070000,-18.400000
0.001848,3.245000,2.537000,2.537000,2.036000,0.112000,0.142000,1068.400000,0.070000,-18.400000
0.001896,3.001000,2.537000,2.522000,2.036000,0.112000,0.142000,1068.400000,0.070000,-18.400000
0.001948,2.678000,2.537000,2.502000,2.036000,0.112000,0.142000,1068.400000,0.070000,-18.400000
0.002000,2.361000,2.517000,2.483000,2.036000,0.112000,0.142000,1068.400000,0.070000,-18.400000
0.002056,2.063000,2.502000,2.463000,2.036000,0.112000,0.142000,1068.400000,0.070000,-18.400000
0.002104,1.779000,2.483000,2.439000,2.036000,0.112000,0.142000,1068.400000,0.070000,-18.400000
0.002148,1.598000,2.463000,2.429000,2.036000,0.112000,0.142000,1068.400000,0.070000,-18.400000
0.002196,1.486000,2.439000,2.424000,2.036000,0.112000,0.142000,1068.400000,0.070000,-18.400000
0.002244,1.491000,2.429000,2.424000,2.036000,0.112000,0.142000,1068.400000,0.070000,-18.400000
0.002288,1.554000,2.424000,2.424000,2.036000,0.112000,0.142000,1068.400000,0.070000,-18.400000
0.002336,1.720000,2.424000,2.439000,2.036000,0.112000,0.142000,1068.400000,0.070000,-18.400000
0.002384,1.935000,2.424000,2.463000,2.036000,0.112000,0.142000,1068.400000,0.070000,-18.400000
0.002432,2.204000,2.424000,2.483000,2.036000,0.112000,0.142000,1068.400000,0.070000,-18.400000
0.002476,2.488000,2.429000,2.498000,2.036000,0.112000,0.142000,1068.400000,0.070000,-18.400000
0.002524,2.781000,2.454000,2.517000,2.036000,0.112000,0.142000,1068.400000,0.070000,-18.400000
0.002572,3.055000,2.463000,2.532000,2.036000,0.112000,0.142000,1068.400000,0.070000,-18.400000
0.002616,3.280000,2.493000,2.537000,2.036000,0.112000,0.142000,1068.400000,0.070000,-18.400000
0.002664,3.441000,2.502000,2.561000,2.036000,0.112000,0.142000,1068.400000,0.070000,-18.400000
0.002712,3.514000,2.517000,2.561000,2.036000,0.112000,0.142000,1068.400000,0.070000,-18.400000
0.002756,3.514000,2.537000,2.561000,2.036000,0.112000,0.142000,1068.400000,0.070000,-18.400000
0.002804,3.402000,2.537000,2.546000,2.036000,0.112000,0.142000,1068.400000,0.070000,-18.400000
0.002852,3.221000,2.537000,2.537000,2.036000,0.112000,0.142000,1068.400000,0.070000,-18.400000
0.002896,2.991000,2.537000,2.517000,2.036000,0.112000,0.142000,1068.400000,0.070000,-18.400000
0.002944,2.717000,2.537000,2.502000,2.036000,0.112000,0.142000,1068.400000,0.070000,-18.400000
0.002992,2.414000,2.517000,2.483000,2.036000,0.112000,0.142000,1068.400000,0.070000,-18.400000
0.003036,2.126000,2.502000,2.463000,2.036000,0.112000,0.142000,1068.400000,0.070000,-18.400000
0.003088,1.877000,2.483000,2.444000,2.036000,0.112000,0.142000,1068.400000,0.070000,-18.400000
0.003136,1.637000,2.463000,2.424000,2.036000,0.112000,0.142000,1068.400000,0.070000,-18.400000
0.003184,1.515000,2.454000,2.424000,2.036000,0.112000,0.142000,1068.400000,0.070000,-18.400000
0.003228,1.486000,2.429000,2.424000,2.036000,0.112000,0.142000,1068.400000,0.070000,-18.400000
0.003276,1.525000,2.424000,2.424000,2.036000,0.112000,0.142000,1068.400000,0.070000,-18.400000
0.003324,1.647000,2.424000,2.439000,2.036000,0.112000,0.142000,1068.400000,0.070000,-18.400000
0.003368,1.857000,2.424000,2.454000,2.036000,0.112000,0.142000,1068.400000,0.070000,-18.400000
0.003416,2.111000,2.424000,2.468000,2.036000,0.112000,0.142000,1068.400000,0.070000,-18.400000
0.003464,2.390000,2.429000,2.483000,2.036000,0.112000,0.142000,1068.400000,0.070000,-18.400000
0.003508,2.703000,2.439000,2.507000,2.036000,0.112000,0.142000,1068.400000,0.070000,-18.400000
0.003556,2.977000,2.463000,2.517000,2.036000,0.112000,0.142000,1068.400000,0.070000,-18.400000
0.003604,3.221000,2.483000,2.561000,2.036000,0.112000,0.142000,1068.400000,0.070000,-18.400000
0.003652,3.402000,2.502000,2.537000,2.036000,0.112000,0.142000,1068.400000,0.070000,-18.400000
0.003696,3.500000,2.517000,2.571000,2.036000,0.112000,0.142000,1068.400000,0.070000,-18.400000
0.003744,3.500000,2.532000,2.561000,2.036000,0.112000,0.142000,1068.400000,0.070000,-18.400000
0.003792,3.441000,2.537000,2.561000,2.036000,0.112000,0.142000,1068.400000,0.070000,-18.400000
0.003836,3.289000,2.537000,2.537000,2.036000,0.112000,0.142000,1068.400000,0.070000,-18.400000
0.003884,3.055000,2.537000,2.537000,2.036000,0.112000,0.142000,1068.400000,0.070000,-18.400000
0.003932,2.805000,2.537000,2.507000,2.036000,0.112000,0.142000,1068.400000,0.070000,-18.400000
0.003976,2.502000,2.532000,2.493000,2.036000,0.112000,0.142000,1068.400000,0.070000,-18.400000
0.004024,2.204000,2.507000,2.468000,2.036000,0.112000,0.142000,1068.400000,0.070000,-18.400000
0.004072,1.935000,2.493000,2.454000,2.036000,0.112000,0.142000,1068.400000,0.070000,-18.400000
0.004124,1.701000,2.468000,2.429000,2.036000,0.112000,0.142000,1068.400000,0.070000,-18.400000
0.004168,1.530000,2.454000,2.429000,2.036000,0.112000,0.142000,1068.400000,0.070000,-18.400000
0.004216,1.466000,2.429000,2.414000,2.036000,0.112000,0.142000,1068.400000,0.070000,-18.400000
0.004264,1.500000,2.424000,2.424000,2.036000,0.112000,0.142000,1068.400000,0.070000,-18.400000
0.004308,1.598000,2.419000,2.429000,2.036000,0.112000,0.142000,1068.400000,0.070000,-18.400000
0.004356,1.779000,2.419000,2.454000,2.036000,0.112000,0.142000,1068.400000,0.070000,-18.400000
0.004400,2.023000,2.424000,2.463000,2.036000,0.112000,0.142000,1068.400000,0.070000,-18.400000
0.004448,2.307000,2.424000,2.483000,2.036000,0.112000,0.142000,1068.400000,0.070000,-18.400000
0.004492,2.595000,2.439000,2.498000,2.036000,0.112000,0.142000,1068.400000,0.070000,-18.400000
0.004540,2.884000,2.463000,2.517000,2.036000,0.112000,0.142000,1068.400000,0.070000,-18.400000
0.004584,3.123000,2.468000,2.532000,2.036000,0.112000,0.142000,1068.400000,0.070000,-18.400000
0.004632,3.319000,2.498000,2.561000,2.036000,0.112000,0.142000,1068.400000,0.070000,-18.400000
0.004680,3.470000,2.507000,2.556000,2.036000,0.112000,0.142000,1068.400000,0.070000,-18.400000
0.004724,3.514000,2.532000,2.561000,2.036000,0.112000,0.142000,1068.400000,0.070000,-18.400000
0.004772,3.475000,2.537000,2.546000,2.036000,0.112000,0.142000,1068.400000,0.070000,-18.400000
0.004816,3.363000,2.537000,2.546000,2.036000,0.112000,0.142000,1068.400000,0.070000,-18.400000
0.004864,3.162000,2.537000,2.537000,2.036000,0.112000,0.142000,1068.400000,0.070000,-18.400000
0.004908,2.933000,2.537000,2.517000,2.036000,0.112000,0.142000,1068.400000,0.070000,-18.400000
0.004956,2.649000,2.532000,2.502000,2.036000,0.112000,0.142000,1068.400000,0.070000,-18.400000
0.005004,2.346000,2.517000,2.463000,2.036000,0.112000,0.142000,1068.400000,0.070000,-18.400000
0.005048,2.067000,2.498000,2.463000,2.036000,0.112000,0.142000,1068.400000,0.070000,-18.400000
0.005096,1.813000,2.483000,2.454000,2.036000,0.112000,0.142000,1068.400000,0.070000,-18.400000
0.005148,1.598000,2.463000,2.429000,2.036000,0.112000,0.142000,1068.400000,0.070000,-18.400000
0.005196,1.491000,2.439000,2.424000,2.036000,0.112000,0.142000,1068.400000,0.070000,-18.400000
0.005240,1.486000,2.424000,2.429000,2.036000,0.112000,0.142000,1068.400000,0.070000,-18.400000
0.005288,1.544000,2.424000,2.424000,2.036000,0.112000,0.142000,1068.400000,0.070000,-18.400000
0.005332,1.681000,2.414000,2.439000,2.036000,0.112000,0.142000,1068.400000,0.070000,-18.400000
0.005380,1.911000,2.419000,2.439000,2.036000,0.112000,0.142000,1068.400000,0.070000,-18.400000
0.005424,2.170000,2.424000,2.468000,2.036000,0.112000,0.142000,1068.400000,0.070000,-18.400000
0.005472,2.463000,2.429000,2.493000,2.036000,0.112000,0.142000,1068.400000,0.070000,-18.400000
0.005516,2.737000,2.439000,2.507000,2.036000,0.112000,0.142000,1068.400000,0.070000,-18.400000
0.005564,3.006000,2.463000,2.532000,2.036000,0.112000,0.142000,1068.400000,0.070000,-18.400000
0.005612,3.245000,2.483000,2.537000,2.036000,0.112000,0.142000,1068.400000,0.070000,-18.400000
0.005656,3.421000,2.502000,2.546000,2.036000,0.112000,0.142000,1068.400000,0.070000,-18.400000
0.005704,3.500000,2.517000,2.561000,2.036000,0.112000,0.142000,1068.400000,0.070000,-18.400000
0.005748,3.514000,2.537000,2.556000,2.036000,0.112000,0.142000,1068.400000,0.070000,-18.400000
0.005796,3.441000,2.537000,2.561000,2.036000,0.112000,0.142000,1068.400000,0.070000,-18.400000
0.005840,3.275000,2.537000,2.532000,2.036000,0.112000,0.142000,1068.400000,0.070000,-18.400000
0.005888,3.055000,2.537000,2.517000,2.036000,0.112000,0.142000,1068.400000,0.070000,-18.400000
0.005936,2.776000,2.537000,2.507000,2.036000,0.112000,0.142000,1068.400000,0.070000,-18.400000
0.005980,2.483000,2.517000,2.493000,2.036000,0.112000,0.142000,1068.400000,0.070000,-18.400000
0.006028,2.190000,2.507000,2.468000,2.036000,0.112000,0.142000,1068.400000,0.070000,-18.400000
0.006072,1.931000,2.493000,2.454000,2.036000,0.112000,0.142000,1068.400000,0.070000,-18.400000
0.006120,1.720000,2.468000,2.439000,2.036000,0.112000,0.142000,1068.400000,0.070000,-18.400000
0.006172,1.525000,2.454000,2.429000,2.036000,0.112000,0.142000,1068.400000,0.070000,-18.400000
0.006220,1.476000,2.429000,2.405000,2.036000,0.112000,0.142000,1068.400000,0.070000,-18.400000
