Channel 1,Channel 2,Channel 3,Channel 4,Channel 5,Channel 6,Channel 7,Channel 8,Channel 9,Channel 10
0.000044,2.454000,2.463000,1.735000,0.225000,0.054000,1.549000,1020.400000,6.891000,-19.300000
0.000088,2.390000,2.463000,1.838000,0.225000,0.054000,1.549000,1020.400000,6.891000,-19.300000
0.000136,2.419000,2.463000,1.911000,0.225000,0.054000,1.549000,1020.400000,6.891000,-19.300000
0.000180,2.419000,2.463000,2.067000,0.225000,0.054000,1.549000,1020.400000,6.891000,-19.300000
0.000224,2.439000,2.463000,2.248000,0.225000,0.054000,1.549000,1020.400000,6.891000,-19.300000
0.000272,2.463000,2.463000,2.537000,0.225000,0.054000,1.549000,1020.400000,6.891000,-19.300000
0.000320,2.502000,2.463000,2.752000,0.225000,0.054000,1.549000,1020.400000,6.891000,-19.300000
0.000372,2.537000,2.483000,2.933000,0.225000,0.054000,1.549000,1020.400000,6.891000,-19.300000
0.000424,2.576000,2.483000,3.123000,0.225000,0.054000,1.549000,1020.400000,6.891000,-19.300000
0.000476,2.576000,2.498000,3.221000,0.225000,0.054000,1.549000,1020.400000,6.891000,-19.300000
0.000524,2.595000,2.502000,3.245000,0.225000,0.054000,1.549000,1020.400000,6.891000,-19.300000
0.000576,2.610000,2.502000,3.245000,0.225000,0.054000,1.549000,1020.400000,6.891000,-19.300000
0.000628,2.595000,2.507000,3.025000,0.225000,0.054000,1.549000,1020.400000,6.891000,-19.300000
0.000680,2.576000,2.507000,2.884000,0.225000,0.054000,1.549000,1020.400000,6.891000,-19.300000
0.000728,2.546000,2.507000,2.654000,0.225000,0.054000,1.549000,1020.400000,6.891000,-19.300000
0.000780,2.537000,2.502000,2.414000,0.225000,0.054000,1.549000,1020.400000,6.891000,-19.300000
0.000832,2.493000,2.498000,2.151000,0.225000,0.054000,1.549000,1020.400000,6.891000,-19.300000
0.000880,2.454000,2.483000,2.063000,0.225000,0.054000,1.549000,1020.400000,6.891000,-19.300000
0.000932,2.424000,2.478000,1.857000,0.225000,0.054000,1.549000,1020.400000,6.891000,-19.300000
0.000984,2.405000,2.463000,1.779000,0.225000,0.054000,1.549000,1020.400000,6.891000,-19.300000
0.001040,2.390000,2.463000,1.720000,0.225000,0.054000,1.549000,1020.400000,6.891000,-19.300000
0.001088,2.380000,2.463000,1.857000,0.225000,0.054000,1.549000,1020.400000,6.891000,-19.300000
0.001140,2.405000,2.463000,1.906000,0.225000,0.054000,1.549000,1020.400000,6.891000,-19.300000
0.001192,2.424000,2.463000,2.224000,0.225000,0.054000,1.549000,1020.400000,6.891000,-19.300000
0.001240,2.454000,2.463000,2.380000,0.225000,0.054000,1.549000,1020.400000,6.891000,-19.300000
0.001292,2.483000,2.463000,2.693000,0.225000,0.054000,1.549000,1020.400000,6.891000,-19.300000
0.001344,2.517000,2.468000,2.898000,0.225000,0.054000,1.549000,1020.400000,6.891000,-19.300000
0.001392,2.537000,2.483000,3.050000,0.225000,0.054000,1.549000,1020.400000,6.891000,-19.300000
0.001444,2.571000,2.493000,3.123000,0.225000,0.054000,1.549000,1020.400000,6.891000,-19.300000
0.001492,2.595000,2.498000,3.250000,0.225000,0.054000,1.549000,1020.400000,6.891000,-19.300000
0.001544,2.610000,2.502000,3.280000,0.225000,0.054000,1.549000,1020.400000,6.891000,-19.300000
0.001596,2.595000,2.507000,3.162000,0.225000,0.054000,1.549000,1020.400000,6.891000,-19.300000
0.001644,2.586000,2.507000,3.030000,0.225000,0.054000,1.549000,1020.400000,6.891000,-19.300000
0.001696,2.571000,2.507000,2.889000,0.225000,0.054000,1.549000,1020.400000,6.891000,-19.300000
0.001748,2.537000,2.502000,2.654000,0.225000,0.054000,1.549000,1020.400000,6.891000,-19.300000
0.001796,2.507000,2.498000,2.390000,0.225000,0.054000,1.549000,1020.400000,6.891000,-19.300000
0.001848,2.478000,2.493000,2.067000,0.225000,0.054000,1.549000,1020.400000,6.891000,-19.300000
0.001896,2.439000,2.483000,1.911000,0.225000,0.054000,1.549000,1020.400000,6.891000,-19.300000
0.001948,2.424000,2.463000,1.838000,0.225000,0.054000,1.549000,1020.400000,6.891000,-19.300000
0.002000,2.405000,2.463000,1.725000,0.225000,0.054000,1.549000,1020.400000,6.891000,-19.300000
0.002056,2.380000,2.463000,1.735000,0.225000,0.054000,1.549000,1020.400000,6.891000,-19.300000
0.002104,2.400000,2.454000,1.877000,0.225000,0.054000,1.549000,1020.400000,6.891000,-19.300000
0.002148,2.405000,2.454000,1.950000,0.225000,0.054000,1.549000,1020.400000,6.891000,-19.300000
0.002196,2.424000,2.463000,2.190000,0.225000,0.054000,1.549000,1020.400000,6.891000,-19.300000
0.002244,2.454000,2.463000,2.380000,0.225000,0.054000,1.549000,1020.400000,6.891000,-19.300000
0.002288,2.478000,2.463000,2.576000,0.225000,0.054000,1.549000,1020.400000,6.891000,-19.300000
0.002336,2.502000,2.463000,2.810000,0.225000,0.054000,1.549000,1020.400000,6.891000,-19.300000
0.002384,2.537000,2.478000,3.040000,0.225000,0.054000,1.549000,1020.400000,6.891000,-19.300000
0.002432,2.561000,2.483000,3.157000,0.225000,0.054000,1.549000,1020.400000,6.891000,-19.300000
0.002476,2.586000,2.493000,3.187000,0.225000,0.054000,1.549000,1020.400000,6.891000,-19.300000
0.002524,2.595000,2.502000,3.265000,0.225000,0.054000,1.549000,1020.400000,6.891000,-19.300000
0.002572,2.620000,2.502000,3.265000,0.225000,0.054000,1.549000,1020.400000,6.891000,-19.300000
0.002616,2.600000,2.502000,3.109000,0.225000,0.054000,1.549000,1020.400000,6.891000,-19.300000
0.002664,2.586000,2.502000,2.972000,0.225000,0.054000,1.549000,1020.400000,6.891000,-19.300000
0.002712,2.556000,2.502000,2.737000,0.225000,0.054000,1.549000,1020.400000,6.891000,-19.300000
0.002756,2.537000,2.502000,2.586000,0.225000,0.054000,1.549000,1020.400000,6.891000,-19.300000
0.002804,2.502000,2.498000,2.336000,0.225000,0.054000,1.549000,1020.400000,6.891000,-19.300000
0.002852,2.468000,2.493000,2.190000,0.225000,0.054000,1.549000,1020.400000,6.891000,-19.300000
0.002896,2.444000,2.483000,1.970000,0.225000,0.054000,1.549000,1020.400000,6.891000,-19.300000
0.002944,2.424000,2.468000,1.755000,0.225000,0.054000,1.549000,1020.400000,6.891000,-19.300000
0.002992,2.405000,2.463000,1.720000,0.225000,0.054000,1.549000,1020.400000,6.891000,-19.300000
0.003036,2.380000,2.463000,1.720000,0.225000,0.054000,1.549000,1020.400000,6.891000,-19.300000
0.003088,2.390000,2.454000,1.857000,0.225000,0.054000,1.549000,1020.400000,6.891000,-19.300000
0.003136,2.405000,2.454000,1.906000,0.225000,0.054000,1.549000,1020.400000,6.891000,-19.300000
0.003184,2.424000,2.454000,2.048000,0.225000,0.054000,1.549000,1020.400000,6.891000,-19.300000
0.003228,2.439000,2.463000,2.287000,0.225000,0.054000,1.549000,1020.400000,6.891000,-19.300000
0.003276,2.463000,2.463000,2.537000,0.225000,0.054000,1.549000,1020.400000,6.891000,-19.300000
0.003324,2.502000,2.463000,2.752000,0.225000,0.054000,1.549000,1020.400000,6.891000,-19.300000
0.003368,2.537000,2.468000,2.933000,0.225000,0.054000,1.549000,1020.400000,6.891000,-19.300000
0.003416,2.561000,2.483000,3.118000,0.225000,0.054000,1.549000,1020.400000,6.891000,-19.300000
0.003464,2.576000,2.493000,3.123000,0.225000,0.054000,1.549000,1020.400000,6.891000,-19.300000
0.003508,2.586000,2.498000,3.319000,0.225000,0.054000,1.549000,1020.400000,6.891000,-19.300000
0.003556,2.600000,2.502000,3.245000,0.225000,0.054000,1.549000,1020.400000,6.891000,-19.300000
0.003604,2.595000,2.502000,3.236000,0.225000,0.054000,1.549000,1020.400000,6.891000,-19.300000
0.003652,2.595000,2.502000,3.016000,0.225000,0.054000,1.549000,1020.400000,6.891000,-19.300000
0.003696,2.571000,2.502000,2.810000,0.225000,0.054000,1.549000,1020.400000,6.891000,-19.300000
0.003744,2.537000,2.502000,2.600000,0.225000,0.054000,1.549000,1020.400000,6.891000,-19.300000
0.003792,2.507000,2.498000,2.380000,0.225000,0.054000,1.549000,1020.400000,6.891000,-19.300000
0.003836,2.483000,2.493000,2.116000,0.225000,0.054000,1.549000,1020.400000,6.891000,-19.300000
0.003884,2.454000,2.483000,1.970000,0.225000,0.054000,1.549000,1020.400000,6.891000,-19.300000
0.003932,2.424000,2.468000,1.799000,0.225000,0.054000,1.549000,1020.400000,6.891000,-19.300000
0.003976,2.400000,2.463000,1.735000,0.225000,0.054000,1.549000,1020.400000,6.891000,-19.300000
0.004024,2.380000,2.463000,1.701000,0.225000,0.054000,1.549000,1020.400000,6.891000,-19.300000
0.004072,2.390000,2.463000,1.794000,0.225000,0.054000,1.549000,1020.400000,6.891000,-19.300000
0.004124,2.380000,2.454000,1.877000,0.225000,0.054000,1.549000,1020.400000,6.891000,-19.300000
0.004168,2.424000,2.454000,2.048000,0.225000,0.054000,1.549000,1020.400000,6.891000,-19.300000
0.004216,2.424000,2.454000,2.234000,0.225000,0.054000,1.549000,1020.400000,6.891000,-19.300000
0.004264,2.463000,2.463000,2.454000,0.225000,0.054000,1.549000,1020.400000,6.891000,-19.300000
0.004308,2.483000,2.463000,2.727000,0.225000,0.054000,1.549000,1020.400000,6.891000,-19.300000
0.004356,2.522000,2.463000,2.923000,0.225000,0.054000,1.549000,1020.400000,6.891000,-19.300000
0.004400,2.546000,2.483000,3.055000,0.225000,0.054000,1.549000,1020.400000,6.891000,-19.300000
0.004448,2.576000,2.483000,3.172000,0.225000,0.054000,1.549000,1020.400000,6.891000,-19.300000
0.004492,2.576000,2.498000,3.299000,0.225000,0.054000,1.549000,1020.400000,6.891000,-19.300000
0.004540,2.595000,2.498000,3.201000,0.225000,0.054000,1.549000,1020.400000,6.891000,-19.300000
0.004584,2.595000,2.502000,3.118000,0.225000,0.054000,1.549000,1020.400000,6.891000,-19.300000
0.004632,2.586000,2.502000,3.065000,0.225000,0.054000,1.549000,1020.400000,6.891000,-19.300000
0.004680,2.576000,2.507000,2.908000,0.225000,0.054000,1.549000,1020.400000,6.891000,-19.300000
0.004724,2.561000,2.502000,2.752000,0.225000,0.054000,1.549000,1020.400000,6.891000,-19.300000
0.004772,2.517000,2.502000,2.419000,0.225000,0.054000,1.549000,1020.400000,6.891000,-19.300000
0.004816,2.498000,2.498000,2.263000,0.225000,0.054000,1.549000,1020.400000,6.891000,-19.300000
0.004864,2.463000,2.483000,2.063000,0.225000,0.054000,1.549000,1020.400000,6.891000,-19.300000
0.004908,2.429000,2.483000,1.877000,0.225000,0.054000,1.549000,1020.400000,6.891000,-19.300000
0.004956,2.414000,2.463000,1.779000,0.225000,0.054000,1.549000,1020.400000,6.891000,-19.300000
0.005004,2.390000,2.463000,1.774000,0.225000,0.054000,1.549000,1020.400000,6.891000,-19.300000
0.005048,2.380000,2.463000,1.799000,0.225000,0.054000,1.549000,1020.400000,6.891000,-19.300000
0.005096,2.380000,2.463000,1.804000,0.225000,0.054000,1.549000,1020.400000,6.891000,-19.300000
0.005148,2.405000,2.454000,1.994000,0.225000,0.054000,1.549000,1020.400000,6.891000,-19.300000
0.005196,2.424000,2.454000,2.190000,0.225000,0.054000,1.549000,1020.400000,6.891000,-19.300000
0.005240,2.454000,2.463000,2.351000,0.225000,0.054000,1.549000,1020.400000,6.891000,-19.300000
0.005288,2.483000,2.463000,2.561000,0.225000,0.054000,1.549000,1020.400000,6.891000,-19.300000
0.005332,2.502000,2.463000,2.874000,0.225000,0.054000,1.549000,1020.400000,6.891000,-19.300000
0.005380,2.537000,2.468000,3.109000,0.225000,0.054000,1.549000,1020.400000,6.891000,-19.300000
0.005424,2.561000,2.483000,3.065000,0.225000,0.054000,1.549000,1020.400000,6.891000,-19.300000
0.005472,2.576000,2.493000,3.201000,0.225000,0.054000,1.549000,1020.400000,6.891000,-19.300000
0.005516,2.595000,2.498000,3.265000,0.225000,0.054000,1.549000,1020.400000,6.891000,-19.300000
0.005564,2.595000,2.502000,3.187000,0.225000,0.054000,1.549000,1020.400000,6.891000,-19.300000
0.005612,2.595000,2.502000,3.045000,0.225000,0.054000,1.549000,1020.400000,6.891000,-19.300000
0.005656,2.595000,2.502000,3.025000,0.225000,0.054000,1.549000,1020.400000,6.891000,-19.300000
0.005704,2.571000,2.502000,2.776000,0.225000,0.054000,1.549000,1020.400000,6.891000,-19.300000
0.005748,2.537000,2.502000,2.537000,0.225000,0.054000,1.549000,1020.400000,6.891000,-19.300000
0.005796,2.507000,2.498000,2.419000,0.225000,0.054000,1.549000,1020.400000,6.891000,-19.300000
0.005840,2.483000,2.493000,2.151000,0.225000,0.054000,1.549000,1020.400000,6.891000,-19.300000
0.005888,2.444000,2.483000,1.906000,0.225000,0.054000,1.549000,1020.400000,6.891000,-19.300000
0.005936,2.424000,2.468000,1.882000,0.225000,0.054000,1.549000,1020.400000,6.891000,-19.300000
0.005980,2.405000,2.463000,1.755000,0.225000,0.054000,1.549000,1020.400000,6.891000,-19.300000
0.006028,2.390000,2.463000,1.735000,0.225000,0.054000,1.549000,1020.400000,6.891000,-19.300000
0.006072,2.380000,2.463000,1.838000,0.225000,0.054000,1.549000,1020.400000,6.891000,-19.300000
0.006120,2.380000,2.454000,1.789000,0.225000,0.054000,1.549000,1020.400000,6.891000,-19.300000
0.006172,2.414000,2.454000,2.014000,0.225000,0.054000,1.549000,1020.400000,6.891000,-19.300000
0.006220,2.439000,2.463000,2.224000,0.225000,0.054000,1.549000,1020.400000,6.891000,-19.300000
