Channel 1,Channel 2,Channel 3,Channel 4,Channel 5,Channel 6,Channel 7,Channel 8,Channel 9,Channel 10
0.000088,2.923000,2.532000,2.517000,1.347000,0.093000,0.093000,0.000000,0.069000,-38.300000
0.000136,2.742000,2.532000,2.507000,1.347000,0.093000,0.093000,0.000000,0.069000,-38.300000
0.000180,2.561000,2.517000,2.498000,1.347000,0.093000,0.093000,0.000000,0.069000,-38.300000
0.000224,2.375000,2.507000,2.483000,1.347000,0.093000,0.093000,0.000000,0.069000,-38.300000
0.000272,2.190000,2.498000,2.468000,1.347000,0.093000,0.093000,0.000000,0.069000,-38.300000
0.000320,2.014000,2.483000,2.463000,1.347000,0.093000,0.093000,0.000000,0.069000,-38.300000
0.000372,1.891000,2.468000,2.454000,1.347000,0.093000,0.093000,0.000000,0.069000,-38.300000
0.000424,1.838000,2.463000,2.439000,1.347000,0.093000,0.093000,0.000000,0.069000,-38.300000
0.000476,1.838000,2.444000,2.454000,1.347000,0.093000,0.093000,0.000000,0.069000,-38.300000
0.000524,1.891000,2.439000,2.463000,1.347000,0.093000,0.093000,0.000000,0.069000,-38.300000
0.000576,2.048000,2.439000,2.463000,1.347000,0.093000,0.093000,0.000000,0.069000,-38.300000
0.000628,2.224000,2.439000,2.483000,1.347000,0.093000,0.093000,0.000000,0.069000,-38.300000
0.000680,2.419000,2.454000,2.493000,1.347000,0.093000,0.093000,0.000000,0.069000,-38.300000
0.000728,2.639000,2.463000,2.502000,1.347000,0.093000,0.093000,0.000000,0.069000,-38.300000
0.000780,2.845000,2.468000,2.517000,1.347000,0.093000,0.093000,0.000000,0.069000,-38.300000
0.000832,3.006000,2.483000,2.532000,1.347000,0.093000,0.093000,0.000000,0.069000,-38.300000
0.000880,3.118000,2.498000,2.537000,1.347000,0.093000,0.093000,0.000000,0.069000,-38.300000
0.000932,3.172000,2.507000,2.537000,1.347000,0.093000,0.093000,0.000000,0.069000,-38.300000
0.000984,3.157000,2.517000,2.537000,1.347000,0.093000,0.093000,0.000000,0.069000,-38.300000
0.001040,3.089000,2.532000,2.532000,1.347000,0.093000,0.093000,0.000000,0.069000,-38.300000
0.001088,2.923000,2.532000,2.517000,1.347000,0.093000,0.093000,0.000000,0.069000,-38.300000
0.001140,2.737000,2.522000,2.507000,1.347000,0.093000,0.093000,0.000000,0.069000,-38.300000
0.001192,2.517000,2.517000,2.493000,1.347000,0.093000,0.093000,0.000000,0.069000,-38.300000
0.001240,2.307000,2.502000,2.483000,1.347000,0.093000,0.093000,0.000000,0.069000,-38.300000
0.001292,2.116000,2.493000,2.463000,1.347000,0.093000,0.093000,0.000000,0.069000,-38.300000
0.001344,1.960000,2.483000,2.463000,1.347000,0.093000,0.093000,0.000000,0.069000,-38.300000
0.001392,1.877000,2.463000,2.454000,1.347000,0.093000,0.093000,0.000000,0.069000,-38.300000
0.001444,1.828000,2.454000,2.454000,1.347000,0.093000,0.093000,0.000000,0.069000,-38.300000
0.001492,1.843000,2.439000,2.454000,1.347000,0.093000,0.093000,0.000000,0.069000,-38.300000
0.001544,1.945000,2.439000,2.463000,1.347000,0.093000,0.093000,0.000000,0.069000,-38.300000
0.001596,2.097000,2.439000,2.463000,1.347000,0.093000,0.093000,0.000000,0.069000,-38.300000
0.001644,2.283000,2.439000,2.483000,1.347000,0.093000,0.093000,0.000000,0.069000,-38.300000
0.001696,2.498000,2.454000,2.498000,1.347000,0.093000,0.093000,0.000000,0.069000,-38.300000
0.001748,2.703000,2.463000,2.507000,1.347000,0.093000,0.093000,0.000000,0.069000,-38.300000
0.001796,2.898000,2.468000,2.517000,1.347000,0.093000,0.093000,0.000000,0.069000,-38.300000
0.001848,3.050000,2.493000,2.537000,1.347000,0.093000,0.093000,0.000000,0.069000,-38.300000
0.001896,3.123000,2.502000,2.537000,1.347000,0.093000,0.093000,0.000000,0.069000,-38.300000
0.001948,3.187000,2.507000,2.537000,1.347000,0.093000,0.093000,0.000000,0.069000,-38.300000
0.002000,3.123000,2.517000,2.537000,1.347000,0.093000,0.093000,0.000000,0.069000,-38.300000
0.002056,3.050000,2.532000,2.537000,1.347000,0.093000,0.093000,0.000000,0.069000,-38.300000
0.002104,2.884000,2.532000,2.517000,1.347000,0.093000,0.093000,0.000000,0.069000,-38.300000
0.002148,2.693000,2.517000,2.502000,1.347000,0.093000,0.093000,0.000000,0.069000,-38.300000
0.002196,2.498000,2.517000,2.493000,1.347000,0.093000,0.093000,0.000000,0.069000,-38.300000
0.002244,2.307000,2.502000,2.483000,1.347000,0.093000,0.093000,0.000000,0.069000,-38.300000
0.002288,2.116000,2.493000,2.463000,1.347000,0.093000,0.093000,0.000000,0.069000,-38.300000
0.002336,1.984000,2.483000,2.463000,1.347000,0.093000,0.093000,0.000000,0.069000,-38.300000
0.002384,1.882000,2.463000,2.454000,1.347000,0.093000,0.093000,0.000000,0.069000,-38.300000
0.002432,1.828000,2.463000,2.454000,1.347000,0.093000,0.093000,0.000000,0.069000,-38.300000
0.002476,1.838000,2.439000,2.439000,1.347000,0.093000,0.093000,0.000000,0.069000,-38.300000
0.002524,1.906000,2.439000,2.463000,1.347000,0.093000,0.093000,0.000000,0.069000,-38.300000
0.002572,2.014000,2.439000,2.463000,1.347000,0.093000,0.093000,0.000000,0.069000,-38.300000
0.002616,2.180000,2.439000,2.483000,1.347000,0.093000,0.093000,0.000000,0.069000,-38.300000
0.002664,2.361000,2.439000,2.483000,1.347000,0.093000,0.093000,0.000000,0.069000,-38.300000
0.002712,2.537000,2.454000,2.502000,1.347000,0.093000,0.093000,0.000000,0.069000,-38.300000
0.002756,2.737000,2.463000,2.507000,1.347000,0.093000,0.093000,0.000000,0.069000,-38.300000
0.002804,2.923000,2.468000,2.517000,1.347000,0.093000,0.093000,0.000000,0.069000,-38.300000
0.002852,3.050000,2.493000,2.537000,1.347000,0.093000,0.093000,0.000000,0.069000,-38.300000
0.002896,3.123000,2.502000,2.537000,1.347000,0.093000,0.093000,0.000000,0.069000,-38.300000
0.002944,3.187000,2.507000,2.537000,1.347000,0.093000,0.093000,0.000000,0.069000,-38.300000
0.002992,3.157000,2.517000,2.537000,1.347000,0.093000,0.093000,0.000000,0.069000,-38.300000
0.003036,3.069000,2.522000,2.532000,1.347000,0.093000,0.093000,0.000000,0.069000,-38.300000
0.003088,2.937000,2.532000,2.532000,1.347000,0.093000,0.093000,0.000000,0.069000,-38.300000
0.003136,2.752000,2.517000,2.498000,1.347000,0.093000,0.093000,0.000000,0.069000,-38.300000
0.003184,2.561000,2.517000,2.507000,1.347000,0.093000,0.093000,0.000000,0.069000,-38.300000
0.003228,2.375000,2.502000,2.483000,1.347000,0.093000,0.093000,0.000000,0.069000,-38.300000
0.003276,2.180000,2.498000,2.468000,1.347000,0.093000,0.093000,0.000000,0.069000,-38.300000
0.003324,2.014000,2.483000,2.463000,1.347000,0.093000,0.093000,0.000000,0.069000,-38.300000
0.003368,1.891000,2.463000,2.454000,1.347000,0.093000,0.093000,0.000000,0.069000,-38.300000
0.003416,1.838000,2.463000,2.439000,1.347000,0.093000,0.093000,0.000000,0.069000,-38.300000
0.003464,1.828000,2.444000,2.454000,1.347000,0.093000,0.093000,0.000000,0.069000,-38.300000
0.003508,1.877000,2.439000,2.463000,1.347000,0.093000,0.093000,0.000000,0.069000,-38.300000
0.003556,1.970000,2.439000,2.463000,1.347000,0.093000,0.093000,0.000000,0.069000,-38.300000
0.003604,2.116000,2.439000,2.463000,1.347000,0.093000,0.093000,0.000000,0.069000,-38.300000
0.003652,2.307000,2.439000,2.483000,1.347000,0.093000,0.093000,0.000000,0.069000,-38.300000
0.003696,2.483000,2.454000,2.498000,1.347000,0.093000,0.093000,0.000000,0.069000,-38.300000
0.003744,2.693000,2.463000,2.507000,1.347000,0.093000,0.093000,0.000000,0.069000,-38.300000
0.003792,2.859000,2.468000,2.517000,1.347000,0.093000,0.093000,0.000000,0.069000,-38.300000
0.003836,3.006000,2.483000,2.537000,1.347000,0.093000,0.093000,0.000000,0.069000,-38.300000
0.003884,3.123000,2.498000,2.537000,1.347000,0.093000,0.093000,0.000000,0.069000,-38.300000
0.003932,3.162000,2.502000,2.537000,1.347000,0.093000,0.093000,0.000000,0.069000,-38.300000
0.003976,3.162000,2.517000,2.537000,1.347000,0.093000,0.093000,0.000000,0.069000,-38.300000
0.004024,3.089000,2.517000,2.537000,1.347000,0.093000,0.093000,0.000000,0.069000,-38.300000
0.004072,2.977000,2.532000,2.507000,1.347000,0.093000,0.093000,0.000000,0.069000,-38.300000
0.004124,2.810000,2.517000,2.507000,1.347000,0.093000,0.093000,0.000000,0.069000,-38.300000
0.004168,2.610000,2.517000,2.498000,1.347000,0.093000,0.093000,0.000000,0.069000,-38.300000
0.004216,2.424000,2.507000,2.483000,1.347000,0.093000,0.093000,0.000000,0.069000,-38.300000
0.004264,2.224000,2.498000,2.463000,1.347000,0.093000,0.093000,0.000000,0.069000,-38.300000
0.004308,2.067000,2.483000,2.463000,1.347000,0.093000,0.093000,0.000000,0.069000,-38.300000
0.004356,1.935000,2.468000,2.454000,1.347000,0.093000,0.093000,0.000000,0.069000,-38.300000
0.004400,1.838000,2.463000,2.463000,1.347000,0.093000,0.093000,0.000000,0.069000,-38.300000
0.004448,1.813000,2.454000,2.439000,1.347000,0.093000,0.093000,0.000000,0.069000,-38.300000
0.004492,1.838000,2.439000,2.439000,1.347000,0.093000,0.093000,0.000000,0.069000,-38.300000
0.004540,1.935000,2.439000,2.463000,1.347000,0.093000,0.093000,0.000000,0.069000,-38.300000
0.004584,2.063000,2.429000,2.463000,1.347000,0.093000,0.093000,0.000000,0.069000,-38.300000
0.004632,2.224000,2.439000,2.483000,1.347000,0.093000,0.093000,0.000000,0.069000,-38.300000
0.004680,2.414000,2.439000,2.483000,1.347000,0.093000,0.093000,0.000000,0.069000,-38.300000
0.004724,2.620000,2.463000,2.502000,1.347000,0.093000,0.093000,0.000000,0.069000,-38.300000
0.004772,2.791000,2.463000,2.502000,1.347000,0.093000,0.093000,0.000000,0.069000,-38.300000
0.004816,2.962000,2.483000,2.537000,1.347000,0.093000,0.093000,0.000000,0.069000,-38.300000
0.004864,3.079000,2.493000,2.532000,1.347000,0.093000,0.093000,0.000000,0.069000,-38.300000
0.004908,3.148000,2.502000,2.537000,1.347000,0.093000,0.093000,0.000000,0.069000,-38.300000
0.004956,3.162000,2.517000,2.537000,1.347000,0.093000,0.093000,0.000000,0.069000,-38.300000
0.005004,3.123000,2.517000,2.537000,1.347000,0.093000,0.093000,0.000000,0.069000,-38.300000
0.005048,3.050000,2.522000,2.522000,1.347000,0.093000,0.093000,0.000000,0.069000,-38.300000
0.005096,2.908000,2.532000,2.517000,1.347000,0.093000,0.093000,0.000000,0.069000,-38.300000
0.005148,2.717000,2.517000,2.493000,1.347000,0.093000,0.093000,0.000000,0.069000,-38.300000
0.005196,2.517000,2.517000,2.498000,1.347000,0.093000,0.093000,0.000000,0.069000,-38.300000
0.005240,2.326000,2.502000,2.483000,1.347000,0.093000,0.093000,0.000000,0.069000,-38.300000
0.005288,2.151000,2.493000,2.463000,1.347000,0.093000,0.093000,0.000000,0.069000,-38.300000
0.005332,1.994000,2.483000,2.463000,1.347000,0.093000,0.093000,0.000000,0.069000,-38.300000
0.005380,1.882000,2.463000,2.454000,1.347000,0.093000,0.093000,0.000000,0.069000,-38.300000
0.005424,1.838000,2.463000,2.444000,1.347000,0.093000,0.093000,0.000000,0.069000,-38.300000
0.005472,1.838000,2.439000,2.454000,1.347000,0.093000,0.093000,0.000000,0.069000,-38.300000
0.005516,1.882000,2.439000,2.439000,1.347000,0.093000,0.093000,0.000000,0.069000,-38.300000
0.005564,1.994000,2.439000,2.463000,1.347000,0.093000,0.093000,0.000000,0.069000,-38.300000
0.005612,2.151000,2.429000,2.463000,1.347000,0.093000,0.093000,0.000000,0.069000,-38.300000
0.005656,2.312000,2.439000,2.483000,1.347000,0.093000,0.093000,0.000000,0.069000,-38.300000
0.005704,2.517000,2.444000,2.498000,1.347000,0.093000,0.093000,0.000000,0.069000,-38.300000
0.005748,2.717000,2.463000,2.507000,1.347000,0.093000,0.093000,0.000000,0.069000,-38.300000
0.005796,2.889000,2.468000,2.517000,1.347000,0.093000,0.093000,0.000000,0.069000,-38.300000
0.005840,3.030000,2.483000,2.532000,1.347000,0.093000,0.093000,0.000000,0.069000,-38.300000
0.005888,3.123000,2.498000,2.537000,1.347000,0.093000,0.093000,0.000000,0.069000,-38.300000
0.005936,3.162000,2.507000,2.532000,1.347000,0.093000,0.093000,0.000000,0.069000,-38.300000
0.005980,3.162000,2.517000,2.546000,1.347000,0.093000,0.093000,0.000000,0.069000,-38.300000
0.006028,3.104000,2.517000,2.537000,1.347000,0.093000,0.093000,0.000000,0.069000,-38.300000
0.006072,2.977000,2.532000,2.517000,1.347000,0.093000,0.093000,0.000000,0.069000,-38.300000
0.006120,2.810000,2.522000,2.507000,1.347000,0.093000,0.093000,0.000000,0.069000,-38.300000
0.006172,2.620000,2.517000,2.498000,1.347000,0.093000,0.093000,0.000000,0.069000,-38.300000
0.006220,2.419000,2.507000,2.483000,1.347000,0.093000,0.093000,0.000000,0.069000,-38.300000
