Channel 1,Channel 2,Channel 3,Channel 4,Channel 5,Channel 6,Channel 7,Channel 8,Channel 9,Channel 10
0.000088,2.190000,2.414000,0.430000,0.670000,0.152000,4.621000,969.000000,6.901000,-19.300000
0.000136,2.224000,2.414000,0.811000,0.670000,0.152000,4.621000,969.000000,6.901000,-19.300000
0.000180,2.283000,2.414000,1.398000,0.670000,0.152000,4.621000,969.000000,6.901000,-19.300000
0.000224,2.361000,2.424000,2.028000,0.670000,0.152000,4.621000,969.000000,6.901000,-19.300000
0.000272,2.439000,2.439000,2.693000,0.670000,0.152000,4.621000,969.000000,6.901000,-19.300000
0.000320,2.537000,2.463000,3.441000,0.670000,0.152000,4.621000,969.000000,6.901000,-19.300000
0.000372,2.639000,2.483000,4.101000,0.670000,0.152000,4.621000,969.000000,6.901000,-19.300000
0.000424,2.737000,2.502000,4.501000,0.670000,0.152000,4.621000,969.000000,6.901000,-19.300000
0.000476,2.805000,2.532000,4.765000,0.670000,0.152000,4.621000,969.000000,6.901000,-19.300000
0.000524,2.849000,2.537000,4.785000,0.670000,0.152000,4.621000,969.000000,6.901000,-19.300000
0.000576,2.810000,2.561000,4.692000,0.670000,0.152000,4.621000,969.000000,6.901000,-19.300000
0.000628,2.776000,2.561000,4.213000,0.670000,0.152000,4.621000,969.000000,6.901000,-19.300000
0.000680,2.717000,2.561000,3.548000,0.670000,0.152000,4.621000,969.000000,6.901000,-19.300000
0.000728,2.639000,2.537000,2.874000,0.670000,0.152000,4.621000,969.000000,6.901000,-19.300000
0.000780,2.537000,2.532000,2.126000,0.670000,0.152000,4.621000,969.000000,6.901000,-19.300000
0.000832,2.429000,2.502000,1.369000,0.670000,0.152000,4.621000,969.000000,6.901000,-19.300000
0.000880,2.346000,2.483000,0.772000,0.670000,0.152000,4.621000,969.000000,6.901000,-19.300000
0.000932,2.263000,2.463000,0.347000,0.670000,0.152000,4.621000,969.000000,6.901000,-19.300000
0.000984,2.204000,2.439000,0.191000,0.670000,0.152000,4.621000,969.000000,6.901000,-19.300000
0.001040,2.190000,2.424000,0.279000,0.670000,0.152000,4.621000,969.000000,6.901000,-19.300000
0.001088,2.170000,2.414000,0.391000,0.670000,0.152000,4.621000,969.000000,6.901000,-19.300000
0.001140,2.224000,2.405000,0.919000,0.670000,0.152000,4.621000,969.000000,6.901000,-19.300000
0.001192,2.307000,2.414000,1.559000,0.670000,0.152000,4.621000,969.000000,6.901000,-19.300000
0.001240,2.380000,2.424000,2.248000,0.670000,0.152000,4.621000,969.000000,6.901000,-19.300000
0.001292,2.483000,2.439000,3.006000,0.670000,0.152000,4.621000,969.000000,6.901000,-19.300000
0.001344,2.586000,2.463000,3.715000,0.670000,0.152000,4.621000,969.000000,6.901000,-19.300000
0.001392,2.674000,2.493000,4.223000,0.670000,0.152000,4.621000,969.000000,6.901000,-19.300000
0.001444,2.776000,2.507000,4.594000,0.670000,0.152000,4.621000,969.000000,6.901000,-19.300000
0.001492,2.849000,2.537000,4.839000,0.670000,0.152000,4.621000,969.000000,6.901000,-19.300000
0.001544,2.849000,2.537000,4.726000,0.670000,0.152000,4.621000,969.000000,6.901000,-19.300000
0.001596,2.830000,2.561000,4.453000,0.670000,0.152000,4.621000,969.000000,6.901000,-19.300000
0.001644,2.776000,2.561000,4.042000,0.670000,0.152000,4.621000,969.000000,6.901000,-19.300000
0.001696,2.703000,2.546000,3.441000,0.670000,0.152000,4.621000,969.000000,6.901000,-19.300000
0.001748,2.595000,2.537000,2.576000,0.670000,0.152000,4.621000,969.000000,6.901000,-19.300000
0.001796,2.498000,2.517000,1.877000,0.670000,0.152000,4.621000,969.000000,6.901000,-19.300000
0.001848,2.405000,2.498000,1.188000,0.670000,0.152000,4.621000,969.000000,6.901000,-19.300000
0.001896,2.307000,2.468000,0.621000,0.670000,0.152000,4.621000,969.000000,6.901000,-19.300000
0.001948,2.224000,2.439000,0.396000,0.670000,0.152000,4.621000,969.000000,6.901000,-19.300000
0.002000,2.190000,2.429000,0.235000,0.670000,0.152000,4.621000,969.000000,6.901000,-19.300000
0.002056,2.151000,2.414000,0.308000,0.670000,0.152000,4.621000,969.000000,6.901000,-19.300000
0.002104,2.204000,2.405000,0.616000,0.670000,0.152000,4.621000,969.000000,6.901000,-19.300000
0.002148,2.224000,2.405000,1.075000,0.670000,0.152000,4.621000,969.000000,6.901000,-19.300000
0.002196,2.307000,2.414000,1.657000,0.670000,0.152000,4.621000,969.000000,6.901000,-19.300000
0.002244,2.380000,2.424000,2.283000,0.670000,0.152000,4.621000,969.000000,6.901000,-19.300000
0.002288,2.483000,2.439000,3.016000,0.670000,0.152000,4.621000,969.000000,6.901000,-19.300000
0.002336,2.576000,2.463000,3.563000,0.670000,0.152000,4.621000,969.000000,6.901000,-19.300000
0.002384,2.654000,2.483000,4.150000,0.670000,0.152000,4.621000,969.000000,6.901000,-19.300000
0.002432,2.737000,2.502000,4.555000,0.670000,0.152000,4.621000,969.000000,6.901000,-19.300000
0.002476,2.810000,2.517000,4.785000,0.670000,0.152000,4.621000,969.000000,6.901000,-19.300000
0.002524,2.849000,2.537000,4.829000,0.670000,0.152000,4.621000,969.000000,6.901000,-19.300000
0.002572,2.859000,2.546000,4.692000,0.670000,0.152000,4.621000,969.000000,6.901000,-19.300000
0.002616,2.810000,2.561000,4.291000,0.670000,0.152000,4.621000,969.000000,6.901000,-19.300000
0.002664,2.742000,2.561000,3.837000,0.670000,0.152000,4.621000,969.000000,6.901000,-19.300000
0.002712,2.674000,2.537000,3.162000,0.670000,0.152000,4.621000,969.000000,6.901000,-19.300000
0.002756,2.576000,2.537000,2.502000,0.670000,0.152000,4.621000,969.000000,6.901000,-19.300000
0.002804,2.493000,2.517000,1.779000,0.670000,0.152000,4.621000,969.000000,6.901000,-19.300000
0.002852,2.380000,2.493000,1.188000,0.670000,0.152000,4.621000,969.000000,6.901000,-19.300000
0.002896,2.307000,2.468000,0.621000,0.670000,0.152000,4.621000,969.000000,6.901000,-19.300000
0.002944,2.219000,2.454000,0.303000,0.670000,0.152000,4.621000,969.000000,6.901000,-19.300000
0.002992,2.180000,2.429000,0.122000,0.670000,0.152000,4.621000,969.000000,6.901000,-19.300000
0.003036,2.141000,2.424000,0.239000,0.670000,0.152000,4.621000,969.000000,6.901000,-19.300000
0.003088,2.165000,2.405000,0.474000,0.670000,0.152000,4.621000,969.000000,6.901000,-19.300000
0.003136,2.219000,2.405000,0.860000,0.670000,0.152000,4.621000,969.000000,6.901000,-19.300000
0.003184,2.273000,2.414000,1.437000,0.670000,0.152000,4.621000,969.000000,6.901000,-19.300000
0.003228,2.361000,2.424000,2.165000,0.670000,0.152000,4.621000,969.000000,6.901000,-19.300000
0.003276,2.439000,2.429000,2.766000,0.670000,0.152000,4.621000,969.000000,6.901000,-19.300000
0.003324,2.537000,2.463000,3.475000,0.670000,0.152000,4.621000,969.000000,6.901000,-19.300000
0.003368,2.639000,2.483000,3.969000,0.670000,0.152000,4.621000,969.000000,6.901000,-19.300000
0.003416,2.737000,2.498000,4.448000,0.670000,0.152000,4.621000,969.000000,6.901000,-19.300000
0.003464,2.805000,2.517000,4.721000,0.670000,0.152000,4.621000,969.000000,6.901000,-19.300000
0.003508,2.849000,2.537000,4.848000,0.670000,0.152000,4.621000,969.000000,6.901000,-19.300000
0.003556,2.849000,2.546000,4.726000,0.670000,0.152000,4.621000,969.000000,6.901000,-19.300000
0.003604,2.830000,2.546000,4.477000,0.670000,0.152000,4.621000,969.000000,6.901000,-19.300000
0.003652,2.766000,2.556000,3.944000,0.670000,0.152000,4.621000,969.000000,6.901000,-19.300000
0.003696,2.693000,2.546000,3.446000,0.670000,0.152000,4.621000,969.000000,6.901000,-19.300000
0.003744,2.600000,2.537000,2.654000,0.670000,0.152000,4.621000,969.000000,6.901000,-19.300000
0.003792,2.517000,2.517000,1.921000,0.670000,0.152000,4.621000,969.000000,6.901000,-19.300000
0.003836,2.424000,2.498000,1.334000,0.670000,0.152000,4.621000,969.000000,6.901000,-19.300000
0.003884,2.336000,2.478000,0.841000,0.670000,0.152000,4.621000,969.000000,6.901000,-19.300000
0.003932,2.248000,2.463000,0.435000,0.670000,0.152000,4.621000,969.000000,6.901000,-19.300000
0.003976,2.170000,2.429000,0.191000,0.670000,0.152000,4.621000,969.000000,6.901000,-19.300000
0.004024,2.151000,2.424000,0.235000,0.670000,0.152000,4.621000,969.000000,6.901000,-19.300000
0.004072,2.151000,2.405000,0.347000,0.670000,0.152000,4.621000,969.000000,6.901000,-19.300000
0.004124,2.195000,2.405000,0.733000,0.670000,0.152000,4.621000,969.000000,6.901000,-19.300000
0.004168,2.263000,2.405000,1.325000,0.670000,0.152000,4.621000,969.000000,6.901000,-19.300000
0.004216,2.346000,2.419000,1.970000,0.670000,0.152000,4.621000,969.000000,6.901000,-19.300000
0.004264,2.419000,2.424000,2.576000,0.670000,0.152000,4.621000,969.000000,6.901000,-19.300000
0.004308,2.507000,2.439000,3.201000,0.670000,0.152000,4.621000,969.000000,6.901000,-19.300000
0.004356,2.595000,2.468000,3.905000,0.670000,0.152000,4.621000,969.000000,6.901000,-19.300000
0.004400,2.674000,2.493000,4.282000,0.670000,0.152000,4.621000,969.000000,6.901000,-19.300000
0.004448,2.752000,2.507000,4.721000,0.670000,0.152000,4.621000,969.000000,6.901000,-19.300000
0.004492,2.810000,2.532000,4.707000,0.670000,0.152000,4.621000,969.000000,6.901000,-19.300000
0.004540,2.830000,2.537000,4.785000,0.670000,0.152000,4.621000,969.000000,6.901000,-19.300000
0.004584,2.810000,2.546000,4.462000,0.670000,0.152000,4.621000,969.000000,6.901000,-19.300000
0.004632,2.776000,2.561000,4.164000,0.670000,0.152000,4.621000,969.000000,6.901000,-19.300000
0.004680,2.717000,2.546000,3.578000,0.670000,0.152000,4.621000,969.000000,6.901000,-19.300000
0.004724,2.654000,2.537000,2.972000,0.670000,0.152000,4.621000,969.000000,6.901000,-19.300000
0.004772,2.537000,2.522000,2.297000,0.670000,0.152000,4.621000,969.000000,6.901000,-19.300000
0.004816,2.463000,2.502000,1.657000,0.670000,0.152000,4.621000,969.000000,6.901000,-19.300000
0.004864,2.361000,2.483000,1.129000,0.670000,0.152000,4.621000,969.000000,6.901000,-19.300000
0.004908,2.297000,2.463000,0.606000,0.670000,0.152000,4.621000,969.000000,6.901000,-19.300000
0.004956,2.219000,2.439000,0.430000,0.670000,0.152000,4.621000,969.000000,6.901000,-19.300000
0.005004,2.190000,2.424000,0.171000,0.670000,0.152000,4.621000,969.000000,6.901000,-19.300000
0.005048,2.155000,2.414000,0.357000,0.670000,0.152000,4.621000,969.000000,6.901000,-19.300000
0.005096,2.190000,2.405000,0.464000,0.670000,0.152000,4.621000,969.000000,6.901000,-19.300000
0.005148,2.224000,2.405000,1.100000,0.670000,0.152000,4.621000,969.000000,6.901000,-19.300000
0.005196,2.297000,2.405000,1.559000,0.670000,0.152000,4.621000,969.000000,6.901000,-19.300000
0.005240,2.380000,2.424000,2.248000,0.670000,0.152000,4.621000,969.000000,6.901000,-19.300000
0.005288,2.468000,2.439000,2.933000,0.670000,0.152000,4.621000,969.000000,6.901000,-19.300000
0.005332,2.561000,2.463000,3.558000,0.670000,0.152000,4.621000,969.000000,6.901000,-19.300000
0.005380,2.654000,2.483000,4.101000,0.670000,0.152000,4.621000,969.000000,6.901000,-19.300000
0.005424,2.732000,2.502000,4.413000,0.670000,0.152000,4.621000,969.000000,6.901000,-19.300000
0.005472,2.781000,2.517000,4.765000,0.670000,0.152000,4.621000,969.000000,6.901000,-19.300000
0.005516,2.810000,2.537000,4.809000,0.670000,0.152000,4.621000,969.000000,6.901000,-19.300000
0.005564,2.830000,2.546000,4.697000,0.670000,0.152000,4.621000,969.000000,6.901000,-19.300000
0.005612,2.810000,2.546000,4.291000,0.670000,0.152000,4.621000,969.000000,6.901000,-19.300000
0.005656,2.742000,2.561000,3.788000,0.670000,0.152000,4.621000,969.000000,6.901000,-19.300000
0.005704,2.674000,2.537000,3.275000,0.670000,0.152000,4.621000,969.000000,6.901000,-19.300000
0.005748,2.586000,2.537000,2.620000,0.670000,0.152000,4.621000,969.000000,6.901000,-19.300000
0.005796,2.507000,2.517000,1.882000,0.670000,0.152000,4.621000,969.000000,6.901000,-19.300000
0.005840,2.405000,2.498000,1.212000,0.670000,0.152000,4.621000,969.000000,6.901000,-19.300000
0.005888,2.326000,2.468000,0.816000,0.670000,0.152000,4.621000,969.000000,6.901000,-19.300000
0.005936,2.258000,2.454000,0.430000,0.670000,0.152000,4.621000,969.000000,6.901000,-19.300000
0.005980,2.190000,2.429000,0.386000,0.670000,0.152000,4.621000,969.000000,6.901000,-19.300000
0.006028,2.170000,2.424000,0.279000,0.670000,0.152000,4.621000,969.000000,6.901000,-19.300000
0.006072,2.180000,2.405000,0.503000,0.670000,0.152000,4.621000,969.000000,6.901000,-19.300000
0.006120,2.204000,2.405000,0.762000,0.670000,0.152000,4.621000,969.000000,6.901000,-19.300000
0.006172,2.263000,2.405000,1.344000,0.670000,0.152000,4.621000,969.000000,6.901000,-19.300000
0.006220,2.346000,2.414000,1.945000,0.670000,0.152000,4.621000,969.000000,6.901000,-19.300000
