Channel 1,Channel 2,Channel 3,Channel 4,Channel 5,Channel 6,Channel 7,Channel 8,Channel 9,Channel 10
0.000044,2.556000,2.537000,2.346000,0.613000,0.139000,4.223000,992.100000,6.884000,-37.300000
0.000088,2.483000,2.517000,1.799000,0.613000,0.139000,4.223000,992.100000,6.884000,-37.300000
0.000136,2.380000,2.498000,1.232000,0.613000,0.139000,4.223000,992.100000,6.884000,-37.300000
0.000180,2.312000,2.468000,0.777000,0.613000,0.139000,4.223000,992.100000,6.884000,-37.300000
0.000224,2.258000,2.454000,0.503000,0.613000,0.139000,4.223000,992.100000,6.884000,-37.300000
0.000272,2.219000,2.429000,0.469000,0.613000,0.139000,4.223000,992.100000,6.884000,-37.300000
0.000320,2.190000,2.424000,0.450000,0.613000,0.139000,4.223000,992.100000,6.884000,-37.300000
0.000372,2.204000,2.414000,0.640000,0.613000,0.139000,4.223000,992.100000,6.884000,-37.300000
0.000424,2.258000,2.414000,1.129000,0.613000,0.139000,4.223000,992.100000,6.884000,-37.300000
0.000476,2.312000,2.424000,1.647000,0.613000,0.139000,4.223000,992.100000,6.884000,-37.300000
0.000524,2.405000,2.424000,2.380000,0.613000,0.139000,4.223000,992.100000,6.884000,-37.300000
0.000576,2.498000,2.454000,3.162000,0.613000,0.139000,4.223000,992.100000,6.884000,-37.300000
0.000628,2.576000,2.463000,3.675000,0.613000,0.139000,4.223000,992.100000,6.884000,-37.300000
0.000680,2.674000,2.493000,4.184000,0.613000,0.139000,4.223000,992.100000,6.884000,-37.300000
0.000728,2.737000,2.507000,4.541000,0.613000,0.139000,4.223000,992.100000,6.884000,-37.300000
0.000780,2.776000,2.537000,4.653000,0.613000,0.139000,4.223000,992.100000,6.884000,-37.300000
0.000832,2.796000,2.546000,4.516000,0.613000,0.139000,4.223000,992.100000,6.884000,-37.300000
0.000880,2.781000,2.556000,4.296000,0.613000,0.139000,4.223000,992.100000,6.884000,-37.300000
0.000932,2.737000,2.561000,3.822000,0.613000,0.139000,4.223000,992.100000,6.884000,-37.300000
0.000984,2.664000,2.537000,3.162000,0.613000,0.139000,4.223000,992.100000,6.884000,-37.300000
0.001040,2.576000,2.532000,2.424000,0.613000,0.139000,4.223000,992.100000,6.884000,-37.300000
0.001088,2.483000,2.507000,1.764000,0.613000,0.139000,4.223000,992.100000,6.884000,-37.300000
0.001140,2.380000,2.493000,1.095000,0.613000,0.139000,4.223000,992.100000,6.884000,-37.300000
0.001192,2.283000,2.463000,0.748000,0.613000,0.139000,4.223000,992.100000,6.884000,-37.300000
0.001240,2.224000,2.439000,0.450000,0.613000,0.139000,4.223000,992.100000,6.884000,-37.300000
0.001292,2.190000,2.424000,0.430000,0.613000,0.139000,4.223000,992.100000,6.884000,-37.300000
0.001344,2.190000,2.414000,0.430000,0.613000,0.139000,4.223000,992.100000,6.884000,-37.300000
0.001392,2.219000,2.414000,0.841000,0.613000,0.139000,4.223000,992.100000,6.884000,-37.300000
0.001444,2.268000,2.414000,1.344000,0.613000,0.139000,4.223000,992.100000,6.884000,-37.300000
0.001492,2.351000,2.424000,1.935000,0.613000,0.139000,4.223000,992.100000,6.884000,-37.300000
0.001544,2.439000,2.429000,2.693000,0.613000,0.139000,4.223000,992.100000,6.884000,-37.300000
0.001596,2.532000,2.463000,3.363000,0.613000,0.139000,4.223000,992.100000,6.884000,-37.300000
0.001644,2.620000,2.468000,3.847000,0.613000,0.139000,4.223000,992.100000,6.884000,-37.300000
0.001696,2.693000,2.498000,4.316000,0.613000,0.139000,4.223000,992.100000,6.884000,-37.300000
0.001748,2.776000,2.517000,4.629000,0.613000,0.139000,4.223000,992.100000,6.884000,-37.300000
0.001796,2.810000,2.537000,4.697000,0.613000,0.139000,4.223000,992.100000,6.884000,-37.300000
0.001848,2.810000,2.537000,4.516000,0.613000,0.139000,4.223000,992.100000,6.884000,-37.300000
0.001896,2.776000,2.546000,4.150000,0.613000,0.139000,4.223000,992.100000,6.884000,-37.300000
0.001948,2.717000,2.546000,3.656000,0.613000,0.139000,4.223000,992.100000,6.884000,-37.300000
0.002000,2.639000,2.537000,3.016000,0.613000,0.139000,4.223000,992.100000,6.884000,-37.300000
0.002056,2.546000,2.532000,2.243000,0.613000,0.139000,4.223000,992.100000,6.884000,-37.300000
0.002104,2.463000,2.502000,1.623000,0.613000,0.139000,4.223000,992.100000,6.884000,-37.300000
0.002148,2.361000,2.483000,0.997000,0.613000,0.139000,4.223000,992.100000,6.884000,-37.300000
0.002196,2.283000,2.463000,0.709000,0.613000,0.139000,4.223000,992.100000,6.884000,-37.300000
0.002244,2.224000,2.439000,0.469000,0.613000,0.139000,4.223000,992.100000,6.884000,-37.300000
0.002288,2.190000,2.424000,0.342000,0.613000,0.139000,4.223000,992.100000,6.884000,-37.300000
0.002336,2.190000,2.419000,0.484000,0.613000,0.139000,4.223000,992.100000,6.884000,-37.300000
0.002384,2.195000,2.414000,0.699000,0.613000,0.139000,4.223000,992.100000,6.884000,-37.300000
0.002432,2.248000,2.405000,1.178000,0.613000,0.139000,4.223000,992.100000,6.884000,-37.300000
0.002476,2.326000,2.419000,1.711000,0.613000,0.139000,4.223000,992.100000,6.884000,-37.300000
0.002524,2.405000,2.424000,2.307000,0.613000,0.139000,4.223000,992.100000,6.884000,-37.300000
0.002572,2.483000,2.439000,2.952000,0.613000,0.139000,4.223000,992.100000,6.884000,-37.300000
0.002616,2.576000,2.463000,3.534000,0.613000,0.139000,4.223000,992.100000,6.884000,-37.300000
0.002664,2.654000,2.483000,4.003000,0.613000,0.139000,4.223000,992.100000,6.884000,-37.300000
0.002712,2.717000,2.502000,4.448000,0.613000,0.139000,4.223000,992.100000,6.884000,-37.300000
0.002756,2.796000,2.517000,4.604000,0.613000,0.139000,4.223000,992.100000,6.884000,-37.300000
0.002804,2.810000,2.537000,4.629000,0.613000,0.139000,4.223000,992.100000,6.884000,-37.300000
0.002852,2.810000,2.537000,4.497000,0.613000,0.139000,4.223000,992.100000,6.884000,-37.300000
0.002896,2.776000,2.546000,4.223000,0.613000,0.139000,4.223000,992.100000,6.884000,-37.300000
0.002944,2.737000,2.546000,3.627000,0.613000,0.139000,4.223000,992.100000,6.884000,-37.300000
0.002992,2.654000,2.537000,3.123000,0.613000,0.139000,4.223000,992.100000,6.884000,-37.300000
0.003036,2.576000,2.537000,2.424000,0.613000,0.139000,4.223000,992.100000,6.884000,-37.300000
0.003088,2.493000,2.507000,1.681000,0.613000,0.139000,4.223000,992.100000,6.884000,-37.300000
0.003136,2.380000,2.483000,1.202000,0.613000,0.139000,4.223000,992.100000,6.884000,-37.300000
0.003184,2.307000,2.463000,0.743000,0.613000,0.139000,4.223000,992.100000,6.884000,-37.300000
0.003228,2.224000,2.439000,0.450000,0.613000,0.139000,4.223000,992.100000,6.884000,-37.300000
0.003276,2.195000,2.424000,0.347000,0.613000,0.139000,4.223000,992.100000,6.884000,-37.300000
0.003324,2.190000,2.419000,0.420000,0.613000,0.139000,4.223000,992.100000,6.884000,-37.300000
0.003368,2.190000,2.414000,0.694000,0.613000,0.139000,4.223000,992.100000,6.884000,-37.300000
0.003416,2.224000,2.405000,1.012000,0.613000,0.139000,4.223000,992.100000,6.884000,-37.300000
0.003464,2.307000,2.414000,1.593000,0.613000,0.139000,4.223000,992.100000,6.884000,-37.300000
0.003508,2.361000,2.424000,2.151000,0.613000,0.139000,4.223000,992.100000,6.884000,-37.300000
0.003556,2.444000,2.439000,2.830000,0.613000,0.139000,4.223000,992.100000,6.884000,-37.300000
0.003604,2.537000,2.463000,3.402000,0.613000,0.139000,4.223000,992.100000,6.884000,-37.300000
0.003652,2.620000,2.478000,3.969000,0.613000,0.139000,4.223000,992.100000,6.884000,-37.300000
0.003696,2.703000,2.498000,4.345000,0.613000,0.139000,4.223000,992.100000,6.884000,-37.300000
0.003744,2.776000,2.517000,4.570000,0.613000,0.139000,4.223000,992.100000,6.884000,-37.300000
0.003792,2.830000,2.537000,4.673000,0.613000,0.139000,4.223000,992.100000,6.884000,-37.300000
0.003836,2.810000,2.537000,4.580000,0.613000,0.139000,4.223000,992.100000,6.884000,-37.300000
0.003884,2.796000,2.546000,4.394000,0.613000,0.139000,4.223000,992.100000,6.884000,-37.300000
0.003932,2.737000,2.546000,3.847000,0.613000,0.139000,4.223000,992.100000,6.884000,-37.300000
0.003976,2.664000,2.537000,3.289000,0.613000,0.139000,4.223000,992.100000,6.884000,-37.300000
0.004024,2.595000,2.537000,2.620000,0.613000,0.139000,4.223000,992.100000,6.884000,-37.300000
0.004072,2.507000,2.517000,2.063000,0.613000,0.139000,4.223000,992.100000,6.884000,-37.300000
0.004124,2.414000,2.498000,1.310000,0.613000,0.139000,4.223000,992.100000,6.884000,-37.300000
0.004168,2.336000,2.468000,0.797000,0.613000,0.139000,4.223000,992.100000,6.884000,-37.300000
0.004216,2.263000,2.454000,0.630000,0.613000,0.139000,4.223000,992.100000,6.884000,-37.300000
0.004264,2.219000,2.429000,0.420000,0.613000,0.139000,4.223000,992.100000,6.884000,-37.300000
0.004308,2.190000,2.424000,0.386000,0.613000,0.139000,4.223000,992.100000,6.884000,-37.300000
0.004356,2.204000,2.414000,0.587000,0.613000,0.139000,4.223000,992.100000,6.884000,-37.300000
0.004400,2.224000,2.405000,0.865000,0.613000,0.139000,4.223000,992.100000,6.884000,-37.300000
0.004448,2.273000,2.414000,1.369000,0.613000,0.139000,4.223000,992.100000,6.884000,-37.300000
0.004492,2.346000,2.419000,1.877000,0.613000,0.139000,4.223000,992.100000,6.884000,-37.300000
0.004540,2.414000,2.424000,2.571000,0.613000,0.139000,4.223000,992.100000,6.884000,-37.300000
0.004584,2.502000,2.454000,3.123000,0.613000,0.139000,4.223000,992.100000,6.884000,-37.300000
0.004632,2.576000,2.463000,3.768000,0.613000,0.139000,4.223000,992.100000,6.884000,-37.300000
0.004680,2.664000,2.493000,4.062000,0.613000,0.139000,4.223000,992.100000,6.884000,-37.300000
0.004724,2.737000,2.507000,4.526000,0.613000,0.139000,4.223000,992.100000,6.884000,-37.300000
0.004772,2.781000,2.532000,4.526000,0.613000,0.139000,4.223000,992.100000,6.884000,-37.300000
0.004816,2.796000,2.537000,4.692000,0.613000,0.139000,4.223000,992.100000,6.884000,-37.300000
0.004864,2.796000,2.546000,4.316000,0.613000,0.139000,4.223000,992.100000,6.884000,-37.300000
0.004908,2.766000,2.546000,4.062000,0.613000,0.139000,4.223000,992.100000,6.884000,-37.300000
0.004956,2.713000,2.546000,3.534000,0.613000,0.139000,4.223000,992.100000,6.884000,-37.300000
0.005004,2.639000,2.537000,2.923000,0.613000,0.139000,4.223000,992.100000,6.884000,-37.300000
0.005048,2.561000,2.517000,2.307000,0.613000,0.139000,4.223000,992.100000,6.884000,-37.300000
0.005096,2.463000,2.502000,1.672000,0.613000,0.139000,4.223000,992.100000,6.884000,-37.300000
0.005148,2.361000,2.483000,1.046000,0.613000,0.139000,4.223000,992.100000,6.884000,-37.300000
0.005196,2.307000,2.463000,0.679000,0.613000,0.139000,4.223000,992.100000,6.884000,-37.300000
0.005240,2.248000,2.439000,0.547000,0.613000,0.139000,4.223000,992.100000,6.884000,-37.300000
0.005288,2.204000,2.424000,0.327000,0.613000,0.139000,4.223000,992.100000,6.884000,-37.300000
0.005332,2.195000,2.419000,0.513000,0.613000,0.139000,4.223000,992.100000,6.884000,-37.300000
0.005380,2.209000,2.414000,0.743000,0.613000,0.139000,4.223000,992.100000,6.884000,-37.300000
0.005424,2.248000,2.405000,1.173000,0.613000,0.139000,4.223000,992.100000,6.884000,-37.300000
0.005472,2.307000,2.414000,1.681000,0.613000,0.139000,4.223000,992.100000,6.884000,-37.300000
0.005516,2.380000,2.424000,2.351000,0.613000,0.139000,4.223000,992.100000,6.884000,-37.300000
0.005564,2.463000,2.439000,2.874000,0.613000,0.139000,4.223000,992.100000,6.884000,-37.300000
0.005612,2.561000,2.463000,3.402000,0.613000,0.139000,4.223000,992.100000,6.884000,-37.300000
0.005656,2.625000,2.483000,4.018000,0.613000,0.139000,4.223000,992.100000,6.884000,-37.300000
0.005704,2.703000,2.498000,4.228000,0.613000,0.139000,4.223000,992.100000,6.884000,-37.300000
0.005748,2.752000,2.517000,4.643000,0.613000,0.139000,4.223000,992.100000,6.884000,-37.300000
0.005796,2.796000,2.537000,4.570000,0.613000,0.139000,4.223000,992.100000,6.884000,-37.300000
0.005840,2.796000,2.537000,4.526000,0.613000,0.139000,4.223000,992.100000,6.884000,-37.300000
0.005888,2.781000,2.546000,4.267000,0.613000,0.139000,4.223000,992.100000,6.884000,-37.300000
0.005936,2.727000,2.546000,3.837000,0.613000,0.139000,4.223000,992.100000,6.884000,-37.300000
0.005980,2.654000,2.537000,3.143000,0.613000,0.139000,4.223000,992.100000,6.884000,-37.300000
0.006028,2.586000,2.537000,2.654000,0.613000,0.139000,4.223000,992.100000,6.884000,-37.300000
0.006072,2.502000,2.517000,1.950000,0.613000,0.139000,4.223000,992.100000,6.884000,-37.300000
0.006120,2.419000,2.498000,1.325000,0.613000,0.139000,4.223000,992.100000,6.884000,-37.300000
0.006172,2.336000,2.468000,0.797000,0.613000,0.139000,4.223000,992.100000,6.884000,-37.300000
0.006220,2.258000,2.454000,0.543000,0.613000,0.139000,4.223000,992.100000,6.884000,-37.300000
