Channel 1
0.000088,2.537000,2.468000,3.016000,0.279000,0.200000,2.053000,1106.200000,7.368000,-8103682.500000
0.000136,2.571000,2.483000,3.275000,0.279000,0.200000,2.053000,1106.200000,7.368000,-8103682.500000
0.000180,2.595000,2.498000,3.441000,0.279000,0.200000,2.053000,1106.200000,7.368000,-8103682.500000
0.000224,2.620000,2.502000,3.456000,0.279000,0.200000,2.053000,1106.200000,7.368000,-8103682.500000
0.000272,2.625000,2.507000,3.470000,0.279000,0.200000,2.053000,1106.200000,7.368000,-8103682.500000
0.000320,2.639000,2.517000,3.485000,0.279000,0.200000,2.053000,1106.200000,7.368000,-8103682.500000
0.000372,2.625000,2.517000,3.221000,0.279000,0.200000,2.053000,1106.200000,7.368000,-8103682.500000
0.000424,2.595000,2.517000,3.030000,0.279000,0.200000,2.053000,1106.200000,7.368000,-8103682.500000
0.000476,2.561000,2.507000,2.649000,0.279000,0.200000,2.053000,1106.200000,7.368000,-8103682.500000
0.000524,2.517000,2.502000,2.380000,0.279000,0.200000,2.053000,1106.200000,7.368000,-8103682.500000
0.000576,2.463000,2.498000,1.984000,0.279000,0.200000,2.053000,1106.200000,7.368000,-8103682.500000
0.000628,2.429000,2.483000,1.735000,0.279000,0.200000,2.053000,1106.200000,7.368000,-8103682.500000
0.000680,2.405000,2.468000,1.544000,0.279000,0.200000,2.053000,1106.200000,7.368000,-8103682.500000
0.000728,2.361000,2.463000,1.554000,0.279000,0.200000,2.053000,1106.200000,7.368000,-8103682.500000
0.000780,2.361000,2.463000,1.500000,0.279000,0.200000,2.053000,1106.200000,7.368000,-8103682.500000
0.000832,2.361000,2.454000,1.637000,0.279000,0.200000,2.053000,1106.200000,7.368000,-8103682.500000
0.000880,2.375000,2.439000,1.813000,0.279000,0.200000,2.053000,1106.200000,7.368000,-8103682.500000
0.000932,2.405000,2.444000,2.092000,0.279000,0.200000,2.053000,1106.200000,7.368000,-8103682.500000
0.000984,2.439000,2.454000,2.375000,0.279000,0.200000,2.053000,1106.200000,7.368000,-8103682.500000
0.001040,2.483000,2.463000,2.776000,0.279000,0.200000,2.053000,1106.200000,7.368000,-8103682.500000
0.001088,2.537000,2.468000,3.030000,0.279000,0.200000,2.053000,1106.200000,7.368000,-8103682.500000
0.001140,2.571000,2.483000,3.289000,0.279000,0.200000,2.053000,1106.200000,7.368000,-8103682.500000
0.001192,2.620000,2.498000,3.407000,0.279000,0.200000,2.053000,1106.200000,7.368000,-8103682.500000
0.001240,2.639000,2.502000,3.475000,0.279000,0.200000,2.053000,1106.200000,7.368000,-8103682.500000
0.001292,2.634000,2.517000,3.534000,0.279000,0.200000,2.053000,1106.200000,7.368000,-8103682.500000
0.001344,2.639000,2.517000,3.328000,0.279000,0.200000,2.053000,1106.200000,7.368000,-8103682.500000
0.001392,2.620000,2.517000,3.089000,0.279000,0.200000,2.053000,1106.200000,7.368000,-8103682.500000
0.001444,2.576000,2.517000,2.859000,0.279000,0.200000,2.053000,1106.200000,7.368000,-8103682.500000
0.001492,2.537000,2.507000,2.546000,0.279000,0.200000,2.053000,1106.200000,7.368000,-8103682.500000
0.001544,2.498000,2.502000,2.283000,0.279000,0.200000,2.053000,1106.200000,7.368000,-8103682.500000
0.001596,2.463000,2.493000,1.911000,0.279000,0.200000,2.053000,1106.200000,7.368000,-8103682.500000
0.001644,2.414000,2.483000,1.701000,0.279000,0.200000,2.053000,1106.200000,7.368000,-8103682.500000
0.001696,2.380000,2.463000,1.632000,0.279000,0.200000,2.053000,1106.200000,7.368000,-8103682.500000
0.001748,2.361000,2.463000,1.442000,0.279000,0.200000,2.053000,1106.200000,7.368000,-8103682.500000
0.001796,2.361000,2.454000,1.559000,0.279000,0.200000,2.053000,1106.200000,7.368000,-8103682.500000
0.001848,2.361000,2.439000,1.681000,0.279000,0.200000,2.053000,1106.200000,7.368000,-8103682.500000
0.001896,2.380000,2.439000,1.911000,0.279000,0.200000,2.053000,1106.200000,7.368000,-8103682.500000
0.001948,2.424000,2.439000,2.190000,0.279000,0.200000,2.053000,1106.200000,7.368000,-8103682.500000
0.002000,2.454000,2.454000,2.576000,0.279000,0.200000,2.053000,1106.200000,7.368000,-8103682.500000
0.002056,2.493000,2.463000,2.908000,0.279000,0.200000,2.053000,1106.200000,7.368000,-8103682.500000
0.002104,2.537000,2.468000,3.079000,0.279000,0.200000,2.053000,1106.200000,7.368000,-8103682.500000
0.002148,2.576000,2.483000,3.319000,0.279000,0.200000,2.053000,1106.200000,7.368000,-8103682.500000
0.002196,2.600000,2.498000,3.514000,0.279000,0.200000,2.053000,1106.200000,7.368000,-8103682.500000
0.002244,2.620000,2.502000,3.514000,0.279000,0.200000,2.053000,1106.200000,7.368000,-8103682.500000
0.002288,2.634000,2.507000,3.475000,0.279000,0.200000,2.053000,1106.200000,7.368000,-8103682.500000
0.002336,2.639000,2.507000,3.368000,0.279000,0.200000,2.053000,1106.200000,7.368000,-8103682.500000
0.002384,2.610000,2.517000,3.123000,0.279000,0.200000,2.053000,1106.200000,7.368000,-8103682.500000
0.002432,2.595000,2.517000,2.937000,0.279000,0.200000,2.053000,1106.200000,7.368000,-8103682.500000
0.002476,2.561000,2.507000,2.576000,0.279000,0.200000,2.053000,1106.200000,7.368000,-8103682.500000
0.002524,2.517000,2.502000,2.243000,0.279000,0.200000,2.053000,1106.200000,7.368000,-8103682.500000
0.002572,2.463000,2.498000,2.092000,0.279000,0.200000,2.053000,1106.200000,7.368000,-8103682.500000
0.002616,2.429000,2.483000,1.804000,0.279000,0.200000,2.053000,1106.200000,7.368000,-8103682.500000
0.002664,2.414000,2.468000,1.657000,0.279000,0.200000,2.053000,1106.200000,7.368000,-8103682.500000
0.002712,2.375000,2.463000,1.554000,0.279000,0.200000,2.053000,1106.200000,7.368000,-8103682.500000
0.002756,2.361000,2.454000,1.544000,0.279000,0.200000,2.053000,1106.200000,7.368000,-8103682.500000
0.002804,2.361000,2.439000,1.579000,0.279000,0.200000,2.053000,1106.200000,7.368000,-8103682.500000
0.002852,2.361000,2.439000,1.637000,0.279000,0.200000,2.053000,1106.200000,7.368000,-8103682.500000
0.002896,2.380000,2.439000,1.921000,0.279000,0.200000,2.053000,1106.200000,7.368000,-8103682.500000
0.002944,2.405000,2.439000,2.141000,0.279000,0.200000,2.053000,1106.200000,7.368000,-8103682.500000
0.002992,2.463000,2.454000,2.439000,0.279000,0.200000,2.053000,1106.200000,7.368000,-8103682.500000
0.003036,2.493000,2.463000,2.776000,0.279000,0.200000,2.053000,1106.200000,7.368000,-8103682.500000
0.003088,2.522000,2.468000,3.055000,0.279000,0.200000,2.053000,1106.200000,7.368000,-8103682.500000
0.003136,2.566000,2.483000,3.245000,0.279000,0.200000,2.053000,1106.200000,7.368000,-8103682.500000
0.003184,2.595000,2.493000,3.363000,0.279000,0.200000,2.053000,1106.200000,7.368000,-8103682.500000
0.003228,2.620000,2.502000,3.475000,0.279000,0.200000,2.053000,1106.200000,7.368000,-8103682.500000
0.003276,2.625000,2.507000,3.475000,0.279000,0.200000,2.053000,1106.200000,7.368000,-8103682.500000
0.003324,2.639000,2.507000,3.343000,0.279000,0.200000,2.053000,1106.200000,7.368000,-8103682.500000
0.003368,2.620000,2.517000,3.221000,0.279000,0.200000,2.053000,1106.200000,7.368000,-8103682.500000
0.003416,2.595000,2.507000,3.006000,0.279000,0.200000,2.053000,1106.200000,7.368000,-8103682.500000
0.003464,2.571000,2.507000,2.737000,0.279000,0.200000,2.053000,1106.200000,7.368000,-8103682.500000
0.003508,2.532000,2.502000,2.380000,0.279000,0.200000,2.053000,1106.200000,7.368000,-8103682.500000
0.003556,2.498000,2.498000,2.107000,0.279000,0.200000,2.053000,1106.200000,7.368000,-8103682.500000
0.003604,2.439000,2.483000,1.877000,0.279000,0.200000,2.053000,1106.200000,7.368000,-8103682.500000
0.003652,2.414000,2.478000,1.637000,0.279000,0.200000,2.053000,1106.200000,7.368000,-8103682.500000
0.003696,2.380000,2.463000,1.579000,0.279000,0.200000,2.053000,1106.200000,7.368000,-8103682.500000
0.003744,2.361000,2.463000,1.500000,0.279000,0.200000,2.053000,1106.200000,7.368000,-8103682.500000
0.003792,2.351000,2.439000,1.476000,0.279000,0.200000,2.053000,1106.200000,7.368000,-8103682.500000
0.003836,2.361000,2.439000,1.598000,0.279000,0.200000,2.053000,1106.200000,7.368000,-8103682.500000
0.003884,2.380000,2.439000,1.755000,0.279000,0.200000,2.053000,1106.200000,7.368000,-8103682.500000
0.003932,2.405000,2.439000,2.126000,0.279000,0.200000,2.053000,1106.200000,7.368000,-8103682.500000
0.003976,2.429000,2.444000,2.405000,0.279000,0.200000,2.053000,1106.200000,7.368000,-8103682.500000
0.004024,2.483000,2.463000,2.620000,0.279000,0.200000,2.053000,1106.200000,7.368000,-8103682.500000
0.004072,2.517000,2.463000,3.006000,0.279000,0.200000,2.053000,1106.200000,7.368000,-8103682.500000
0.004124,2.537000,2.483000,3.245000,0.279000,0.200000,2.053000,1106.200000,7.368000,-8103682.500000
0.004168,2.586000,2.493000,3.319000,0.279000,0.200000,2.053000,1106.200000,7.368000,-8103682.500000
0.004216,2.620000,2.498000,3.456000,0.279000,0.200000,2.053000,1106.200000,7.368000,-8103682.500000
0.004264,2.625000,2.507000,3.402000,0.279000,0.200000,2.053000,1106.200000,7.368000,-8103682.500000
0.004308,2.620000,2.507000,3.343000,0.279000,0.200000,2.053000,1106.200000,7.368000,-8103682.500000
0.004356,2.634000,2.517000,3.280000,0.279000,0.200000,2.053000,1106.200000,7.368000,-8103682.500000
0.004400,2.610000,2.517000,3.055000,0.279000,0.200000,2.053000,1106.200000,7.368000,-8103682.500000
0.004448,2.576000,2.507000,2.884000,0.279000,0.200000,2.053000,1106.200000,7.368000,-8103682.500000
0.004492,2.537000,2.502000,2.507000,0.279000,0.200000,2.053000,1106.200000,7.368000,-8103682.500000
0.004540,2.507000,2.498000,2.224000,0.279000,0.200000,2.053000,1106.200000,7.368000,-8103682.500000
0.004584,2.463000,2.493000,2.028000,0.279000,0.200000,2.053000,1106.200000,7.368000,-8103682.500000
0.004632,2.424000,2.483000,1.799000,0.279000,0.200000,2.053000,1106.200000,7.368000,-8103682.500000
0.004680,2.400000,2.463000,1.598000,0.279000,0.200000,2.053000,1106.200000,7.368000,-8103682.500000
0.004724,2.380000,2.463000,1.476000,0.279000,0.200000,2.053000,1106.200000,7.368000,-8103682.500000
0.004772,2.361000,2.444000,1.554000,0.279000,0.200000,2.053000,1106.200000,7.368000,-8103682.500000
0.004816,2.361000,2.439000,1.672000,0.279000,0.200000,2.053000,1106.200000,7.368000,-8103682.500000
0.004864,2.380000,2.439000,1.857000,0.279000,0.200000,2.053000,1106.200000,7.368000,-8103682.500000
0.004908,2.380000,2.439000,2.023000,0.279000,0.200000,2.053000,1106.200000,7.368000,-8103682.500000
0.004956,2.424000,2.444000,2.263000,0.279000,0.200000,2.053000,1106.200000,7.368000,-8103682.500000
0.005004,2.463000,2.463000,2.532000,0.279000,0.200000,2.053000,1106.200000,7.368000,-8103682.500000
0.005048,2.498000,2.463000,2.727000,0.279000,0.200000,2.053000,1106.200000,7.368000,-8103682.500000
0.005096,2.532000,2.463000,3.069000,0.279000,0.200000,2.053000,1106.200000,7.368000,-8103682.500000
0.005148,2.576000,2.483000,3.265000,0.279000,0.200000,2.053000,1106.200000,7.368000,-8103682.500000
0.005196,2.595000,2.493000,3.456000,0.279000,0.200000,2.053000,1106.200000,7.368000,-8103682.500000
0.005240,2.620000,2.502000,3.475000,0.279000,0.200000,2.053000,1106.200000,7.368000,-8103682.500000
0.005288,2.639000,2.507000,3.402000,0.279000,0.200000,2.053000,1106.200000,7.368000,-8103682.500000
0.005332,2.620000,2.517000,3.343000,0.279000,0.200000,2.053000,1106.200000,7.368000,-8103682.500000
0.005380,2.620000,2.517000,3.245000,0.279000,0.200000,2.053000,1106.200000,7.368000,-8103682.500000
0.005424,2.586000,2.517000,2.986000,0.279000,0.200000,2.053000,1106.200000,7.368000,-8103682.500000
0.005472,2.561000,2.507000,2.664000,0.279000,0.200000,2.053000,1106.200000,7.368000,-8103682.500000
0.005516,2.532000,2.502000,2.380000,0.279000,0.200000,2.053000,1106.200000,7.368000,-8103682.500000
0.005564,2.483000,2.498000,2.092000,0.279000,0.200000,2.053000,1106.200000,7.368000,-8103682.500000
0.005612,2.439000,2.483000,1.857000,0.279000,0.200000,2.053000,1106.200000,7.368000,-8103682.500000
0.005656,2.405000,2.468000,1.637000,0.279000,0.200000,2.053000,1106.200000,7.368000,-8103682.500000
0.005704,2.380000,2.463000,1.525000,0.279000,0.200000,2.053000,1106.200000,7.368000,-8103682.500000
0.005748,2.361000,2.463000,1.491000,0.279000,0.200000,2.053000,1106.200000,7.368000,-8103682.500000
0.005796,2.361000,2.439000,1.637000,0.279000,0.200000,2.053000,1106.200000,7.368000,-8103682.500000
0.005840,2.361000,2.439000,1.701000,0.279000,0.200000,2.053000,1106.200000,7.368000,-8103682.500000
0.005888,2.380000,2.439000,1.852000,0.279000,0.200000,2.053000,1106.200000,7.368000,-8103682.500000
0.005936,2.405000,2.439000,2.131000,0.279000,0.200000,2.053000,1106.200000,7.368000,-8103682.500000
0.005980,2.444000,2.439000,2.361000,0.279000,0.200000,2.053000,1106.200000,7.368000,-8103682.500000
0.006028,2.483000,2.463000,2.654000,0.279000,0.200000,2.053000,1106.200000,7.368000,-8103682.500000
0.006072,2.517000,2.463000,2.952000,0.279000,0.200000,2.053000,1106.200000,7.368000,-8103682.500000
0.006120,2.556000,2.478000,3.118000,0.279000,0.200000,2.053000,1106.200000,7.368000,-8103682.500000
0.006172,2.595000,2.493000,3.441000,0.279000,0.200000,2.053000,1106.200000,7.368000,-8103682.500000
0.006220,2.620000,2.498000,3.534000,0.279000,0.200000,2.053000,1106.200000,7.368000,-8103682.500000
