Channel 1,Channel 2,Channel 3,Channel 4,Channel 5,Channel 6,Channel 7,Channel 8,Channel 9,Channel 10
0.000044,2.346000,2.439000,2.483000,1.647000,0.110000,0.110000,1190.500000,0.067000,-36.600000
0.000088,2.507000,2.444000,2.498000,1.647000,0.110000,0.110000,1190.500000,0.067000,-36.600000
0.000136,2.752000,2.463000,2.507000,1.647000,0.110000,0.110000,1190.500000,0.067000,-36.600000
0.000180,2.972000,2.478000,2.532000,1.647000,0.110000,0.110000,1190.500000,0.067000,-36.600000
0.000224,3.123000,2.493000,2.537000,1.647000,0.110000,0.110000,1190.500000,0.067000,-36.600000
0.000272,3.265000,2.502000,2.537000,1.647000,0.110000,0.110000,1190.500000,0.067000,-36.600000
0.000320,3.319000,2.517000,2.546000,1.647000,0.110000,0.110000,1190.500000,0.067000,-36.600000
0.000372,3.299000,2.532000,2.546000,1.647000,0.110000,0.110000,1190.500000,0.067000,-36.600000
0.000424,3.211000,2.537000,2.537000,1.647000,0.110000,0.110000,1190.500000,0.067000,-36.600000
0.000476,3.030000,2.537000,2.532000,1.647000,0.110000,0.110000,1190.500000,0.067000,-36.600000
0.000524,2.796000,2.537000,2.507000,1.647000,0.110000,0.110000,1190.500000,0.067000,-36.600000
0.000576,2.546000,2.522000,2.498000,1.647000,0.110000,0.110000,1190.500000,0.067000,-36.600000
0.000628,2.283000,2.507000,2.483000,1.647000,0.110000,0.110000,1190.500000,0.067000,-36.600000
0.000680,2.028000,2.498000,2.463000,1.647000,0.110000,0.110000,1190.500000,0.067000,-36.600000
0.000728,1.843000,2.483000,2.454000,1.647000,0.110000,0.110000,1190.500000,0.067000,-36.600000
0.000780,1.720000,2.463000,2.439000,1.647000,0.110000,0.110000,1190.500000,0.067000,-36.600000
0.000832,1.681000,2.439000,2.439000,1.647000,0.110000,0.110000,1190.500000,0.067000,-36.600000
0.000880,1.701000,2.439000,2.439000,1.647000,0.110000,0.110000,1190.500000,0.067000,-36.600000
0.000932,1.813000,2.429000,2.454000,1.647000,0.110000,0.110000,1190.500000,0.067000,-36.600000
0.000984,1.994000,2.429000,2.463000,1.647000,0.110000,0.110000,1190.500000,0.067000,-36.600000
0.001040,2.224000,2.429000,2.483000,1.647000,0.110000,0.110000,1190.500000,0.067000,-36.600000
0.001088,2.532000,2.439000,2.498000,1.647000,0.110000,0.110000,1190.500000,0.067000,-36.600000
0.001140,2.776000,2.463000,2.517000,1.647000,0.110000,0.110000,1190.500000,0.067000,-36.600000
0.001192,3.006000,2.483000,2.532000,1.647000,0.110000,0.110000,1190.500000,0.067000,-36.600000
0.001240,3.196000,2.493000,2.537000,1.647000,0.110000,0.110000,1190.500000,0.067000,-36.600000
0.001292,3.280000,2.507000,2.546000,1.647000,0.110000,0.110000,1190.500000,0.067000,-36.600000
0.001344,3.328000,2.517000,2.546000,1.647000,0.110000,0.110000,1190.500000,0.067000,-36.600000
0.001392,3.275000,2.537000,2.537000,1.647000,0.110000,0.110000,1190.500000,0.067000,-36.600000
0.001444,3.143000,2.537000,2.537000,1.647000,0.110000,0.110000,1190.500000,0.067000,-36.600000
0.001492,2.952000,2.537000,2.517000,1.647000,0.110000,0.110000,1190.500000,0.067000,-36.600000
0.001544,2.717000,2.532000,2.502000,1.647000,0.110000,0.110000,1190.500000,0.067000,-36.600000
0.001596,2.439000,2.517000,2.483000,1.647000,0.110000,0.110000,1190.500000,0.067000,-36.600000
0.001644,2.195000,2.502000,2.463000,1.647000,0.110000,0.110000,1190.500000,0.067000,-36.600000
0.001696,1.960000,2.493000,2.463000,1.647000,0.110000,0.110000,1190.500000,0.067000,-36.600000
0.001748,1.799000,2.468000,2.439000,1.647000,0.110000,0.110000,1190.500000,0.067000,-36.600000
0.001796,1.701000,2.463000,2.439000,1.647000,0.110000,0.110000,1190.500000,0.067000,-36.600000
0.001848,1.672000,2.439000,2.439000,1.647000,0.110000,0.110000,1190.500000,0.067000,-36.600000
0.001896,1.735000,2.429000,2.439000,1.647000,0.110000,0.110000,1190.500000,0.067000,-36.600000
0.001948,1.877000,2.424000,2.463000,1.647000,0.110000,0.110000,1190.500000,0.067000,-36.600000
0.002000,2.067000,2.429000,2.463000,1.647000,0.110000,0.110000,1190.500000,0.067000,-36.600000
0.002056,2.312000,2.429000,2.483000,1.647000,0.110000,0.110000,1190.500000,0.067000,-36.600000
0.002104,2.586000,2.444000,2.502000,1.647000,0.110000,0.110000,1190.500000,0.067000,-36.600000
0.002148,2.810000,2.463000,2.517000,1.647000,0.110000,0.110000,1190.500000,0.067000,-36.600000
0.002196,3.040000,2.483000,2.537000,1.647000,0.110000,0.110000,1190.500000,0.067000,-36.600000
0.002244,3.196000,2.498000,2.537000,1.647000,0.110000,0.110000,1190.500000,0.067000,-36.600000
0.002288,3.299000,2.507000,2.546000,1.647000,0.110000,0.110000,1190.500000,0.067000,-36.600000
0.002336,3.343000,2.517000,2.546000,1.647000,0.110000,0.110000,1190.500000,0.067000,-36.600000
0.002384,3.280000,2.532000,2.537000,1.647000,0.110000,0.110000,1190.500000,0.067000,-36.600000
0.002432,3.172000,2.537000,2.537000,1.647000,0.110000,0.110000,1190.500000,0.067000,-36.600000
0.002476,3.006000,2.537000,2.532000,1.647000,0.110000,0.110000,1190.500000,0.067000,-36.600000
0.002524,2.810000,2.537000,2.507000,1.647000,0.110000,0.110000,1190.500000,0.067000,-36.600000
0.002572,2.571000,2.517000,2.498000,1.647000,0.110000,0.110000,1190.500000,0.067000,-36.600000
0.002616,2.326000,2.507000,2.483000,1.647000,0.110000,0.110000,1190.500000,0.067000,-36.600000
0.002664,2.102000,2.498000,2.463000,1.647000,0.110000,0.110000,1190.500000,0.067000,-36.600000
0.002712,1.911000,2.483000,2.463000,1.647000,0.110000,0.110000,1190.500000,0.067000,-36.600000
0.002756,1.755000,2.463000,2.439000,1.647000,0.110000,0.110000,1190.500000,0.067000,-36.600000
0.002804,1.681000,2.454000,2.439000,1.647000,0.110000,0.110000,1190.500000,0.067000,-36.600000
0.002852,1.681000,2.439000,2.439000,1.647000,0.110000,0.110000,1190.500000,0.067000,-36.600000
0.002896,1.725000,2.429000,2.439000,1.647000,0.110000,0.110000,1190.500000,0.067000,-36.600000
0.002944,1.857000,2.424000,2.454000,1.647000,0.110000,0.110000,1190.500000,0.067000,-36.600000
0.002992,2.028000,2.424000,2.463000,1.647000,0.110000,0.110000,1190.500000,0.067000,-36.600000
0.003036,2.263000,2.429000,2.483000,1.647000,0.110000,0.110000,1190.500000,0.067000,-36.600000
0.003088,2.498000,2.439000,2.498000,1.647000,0.110000,0.110000,1190.500000,0.067000,-36.600000
0.003136,2.752000,2.463000,2.517000,1.647000,0.110000,0.110000,1190.500000,0.067000,-36.600000
0.003184,2.977000,2.468000,2.532000,1.647000,0.110000,0.110000,1190.500000,0.067000,-36.600000
0.003228,3.157000,2.483000,2.537000,1.647000,0.110000,0.110000,1190.500000,0.067000,-36.600000
0.003276,3.265000,2.502000,2.537000,1.647000,0.110000,0.110000,1190.500000,0.067000,-36.600000
0.003324,3.319000,2.517000,2.546000,1.647000,0.110000,0.110000,1190.500000,0.067000,-36.600000
0.003368,3.314000,2.532000,2.537000,1.647000,0.110000,0.110000,1190.500000,0.067000,-36.600000
0.003416,3.221000,2.537000,2.537000,1.647000,0.110000,0.110000,1190.500000,0.067000,-36.600000
0.003464,3.069000,2.537000,2.537000,1.647000,0.110000,0.110000,1190.500000,0.067000,-36.600000
0.003508,2.874000,2.537000,2.517000,1.647000,0.110000,0.110000,1190.500000,0.067000,-36.600000
0.003556,2.654000,2.522000,2.502000,1.647000,0.110000,0.110000,1190.500000,0.067000,-36.600000
0.003604,2.405000,2.507000,2.483000,1.647000,0.110000,0.110000,1190.500000,0.067000,-36.600000
0.003652,2.155000,2.502000,2.468000,1.647000,0.110000,0.110000,1190.500000,0.067000,-36.600000
0.003696,1.960000,2.483000,2.463000,1.647000,0.110000,0.110000,1190.500000,0.067000,-36.600000
0.003744,1.799000,2.463000,2.439000,1.647000,0.110000,0.110000,1190.500000,0.067000,-36.600000
0.003792,1.701000,2.463000,2.439000,1.647000,0.110000,0.110000,1190.500000,0.067000,-36.600000
0.003836,1.672000,2.439000,2.439000,1.647000,0.110000,0.110000,1190.500000,0.067000,-36.600000
0.003884,1.720000,2.429000,2.439000,1.647000,0.110000,0.110000,1190.500000,0.067000,-36.600000
0.003932,1.813000,2.424000,2.454000,1.647000,0.110000,0.110000,1190.500000,0.067000,-36.600000
0.003976,1.970000,2.424000,2.463000,1.647000,0.110000,0.110000,1190.500000,0.067000,-36.600000
0.004024,2.190000,2.429000,2.478000,1.647000,0.110000,0.110000,1190.500000,0.067000,-36.600000
0.004072,2.424000,2.439000,2.493000,1.647000,0.110000,0.110000,1190.500000,0.067000,-36.600000
0.004124,2.693000,2.463000,2.507000,1.647000,0.110000,0.110000,1190.500000,0.067000,-36.600000
0.004168,2.933000,2.463000,2.532000,1.647000,0.110000,0.110000,1190.500000,0.067000,-36.600000
0.004216,3.109000,2.483000,2.537000,1.647000,0.110000,0.110000,1190.500000,0.067000,-36.600000
0.004264,3.245000,2.498000,2.537000,1.647000,0.110000,0.110000,1190.500000,0.067000,-36.600000
0.004308,3.319000,2.507000,2.546000,1.647000,0.110000,0.110000,1190.500000,0.067000,-36.600000
0.004356,3.319000,2.517000,2.546000,1.647000,0.110000,0.110000,1190.500000,0.067000,-36.600000
0.004400,3.250000,2.532000,2.537000,1.647000,0.110000,0.110000,1190.500000,0.067000,-36.600000
0.004448,3.123000,2.537000,2.537000,1.647000,0.110000,0.110000,1190.500000,0.067000,-36.600000
0.004492,2.952000,2.537000,2.517000,1.647000,0.110000,0.110000,1190.500000,0.067000,-36.600000
0.004540,2.727000,2.532000,2.502000,1.647000,0.110000,0.110000,1190.500000,0.067000,-36.600000
0.004584,2.483000,2.517000,2.498000,1.647000,0.110000,0.110000,1190.500000,0.067000,-36.600000
0.004632,2.248000,2.502000,2.463000,1.647000,0.110000,0.110000,1190.500000,0.067000,-36.600000
0.004680,2.028000,2.493000,2.463000,1.647000,0.110000,0.110000,1190.500000,0.067000,-36.600000
0.004724,1.857000,2.478000,2.454000,1.647000,0.110000,0.110000,1190.500000,0.067000,-36.600000
0.004772,1.725000,2.463000,2.439000,1.647000,0.110000,0.110000,1190.500000,0.067000,-36.600000
0.004816,1.672000,2.439000,2.439000,1.647000,0.110000,0.110000,1190.500000,0.067000,-36.600000
0.004864,1.672000,2.429000,2.439000,1.647000,0.110000,0.110000,1190.500000,0.067000,-36.600000
0.004908,1.750000,2.424000,2.444000,1.647000,0.110000,0.110000,1190.500000,0.067000,-36.600000
0.004956,1.882000,2.424000,2.454000,1.647000,0.110000,0.110000,1190.500000,0.067000,-36.600000
0.005004,2.092000,2.424000,2.478000,1.647000,0.110000,0.110000,1190.500000,0.067000,-36.600000
0.005048,2.312000,2.429000,2.483000,1.647000,0.110000,0.110000,1190.500000,0.067000,-36.600000
0.005096,2.561000,2.439000,2.502000,1.647000,0.110000,0.110000,1190.500000,0.067000,-36.600000
0.005148,2.810000,2.463000,2.517000,1.647000,0.110000,0.110000,1190.500000,0.067000,-36.600000
0.005196,3.040000,2.478000,2.537000,1.647000,0.110000,0.110000,1190.500000,0.067000,-36.600000
0.005240,3.196000,2.493000,2.537000,1.647000,0.110000,0.110000,1190.500000,0.067000,-36.600000
0.005288,3.280000,2.502000,2.546000,1.647000,0.110000,0.110000,1190.500000,0.067000,-36.600000
0.005332,3.328000,2.517000,2.537000,1.647000,0.110000,0.110000,1190.500000,0.067000,-36.600000
0.005380,3.280000,2.532000,2.561000,1.647000,0.110000,0.110000,1190.500000,0.067000,-36.600000
0.005424,3.196000,2.537000,2.537000,1.647000,0.110000,0.110000,1190.500000,0.067000,-36.600000
0.005472,3.040000,2.537000,2.532000,1.647000,0.110000,0.110000,1190.500000,0.067000,-36.600000
0.005516,2.810000,2.532000,2.517000,1.647000,0.110000,0.110000,1190.500000,0.067000,-36.600000
0.005564,2.595000,2.517000,2.498000,1.647000,0.110000,0.110000,1190.500000,0.067000,-36.600000
0.005612,2.351000,2.507000,2.483000,1.647000,0.110000,0.110000,1190.500000,0.067000,-36.600000
0.005656,2.116000,2.498000,2.463000,1.647000,0.110000,0.110000,1190.500000,0.067000,-36.600000
0.005704,1.921000,2.483000,2.439000,1.647000,0.110000,0.110000,1190.500000,0.067000,-36.600000
0.005748,1.779000,2.463000,2.463000,1.647000,0.110000,0.110000,1190.500000,0.067000,-36.600000
0.005796,1.681000,2.454000,2.424000,1.647000,0.110000,0.110000,1190.500000,0.067000,-36.600000
0.005840,1.657000,2.439000,2.454000,1.647000,0.110000,0.110000,1190.500000,0.067000,-36.600000
0.005888,1.711000,2.424000,2.439000,1.647000,0.110000,0.110000,1190.500000,0.067000,-36.600000
0.005936,1.818000,2.424000,2.454000,1.647000,0.110000,0.110000,1190.500000,0.067000,-36.600000
0.005980,1.994000,2.424000,2.463000,1.647000,0.110000,0.110000,1190.500000,0.067000,-36.600000
0.006028,2.204000,2.429000,2.483000,1.647000,0.110000,0.110000,1190.500000,0.067000,-36.600000
0.006072,2.429000,2.439000,2.498000,1.647000,0.110000,0.110000,1190.500000,0.067000,-36.600000
0.006120,2.674000,2.454000,2.502000,1.647000,0.110000,0.110000,1190.500000,0.067000,-36.600000
0.006172,2.933000,2.463000,2.507000,1.647000,0.110000,0.110000,1190.500000,0.067000,-36.600000
0.006220,3.118000,2.483000,2.537000,1.647000,0.110000,0.110000,1190.500000,0.067000,-36.600000
